NAME: I1006-n26-k5
COMMENT : (Fake et al, No of trucks: 5, Optimal value: )
TYPE : CVRP
DIMENSION : 26
EDGE_WEIGHT_TYPE : EUC_2D
CAPACITY : 14
NODE_COORD_SECTION
1 331 816
2 116 60
3 802 257
4 430 865
5 561 979
6 875 873
7 446 870
8 521 943
9 591 2
10 804 974
11 291 943
12 164 803
13 237 310
14 473 168
15 843 363
16 963 812
17 279 602
18 64 19
19 416 499
20 613 182
21 997 651
22 853 554
23 944 667
24 712 569
25 636 585
26 987 574
DEMAND_SECTION
1 0
2 2
3 4
4 2
5 2
6 3
7 3
8 4
9 3
10 1
11 1
12 2
13 1
14 1
15 1
16 3
17 3
18 4
19 4
20 1
21 1
22 4
23 3
24 4
25 1
26 3
DEPOT_SECTION
 1
 -1
 EOF 