NAME: I10201-n40-k3
COMMENT : (Fake et al, No of trucks: 3, Optimal value: )
TYPE : CVRP
DIMENSION : 40
EDGE_WEIGHT_TYPE : EUC_2D
CAPACITY : 88
NODE_COORD_SECTION
1 978 60
2 623 911
3 372 905
4 783 501
5 839 870
6 188 276
7 762 453
8 410 31
9 722 723
10 343 33
11 32 801
12 581 792
13 492 382
14 708 744
15 903 610
16 109 33
17 696 40
18 265 382
19 610 518
20 911 109
21 196 481
22 115 212
23 827 753
24 646 442
25 504 402
26 565 189
27 543 878
28 14 19
29 236 885
30 804 450
31 496 363
32 569 167
33 692 263
34 480 95
35 917 663
36 144 357
37 366 568
38 747 5
39 802 982
40 437 664
DEMAND_SECTION
1 0
2 11
3 4
4 10
5 11
6 3
7 7
8 1
9 6
10 9
11 8
12 11
13 10
14 11
15 5
16 7
17 1
18 10
19 1
20 4
21 11
22 1
23 8
24 6
25 3
26 7
27 4
28 11
29 9
30 2
31 3
32 9
33 10
34 3
35 1
36 1
37 4
38 7
39 5
40 6
DEPOT_SECTION
 1
 -1
 EOF 