NAME: I10220-n40-k6
COMMENT : (Fake et al, No of trucks: 6, Optimal value: )
TYPE : CVRP
DIMENSION : 40
EDGE_WEIGHT_TYPE : EUC_2D
CAPACITY : 46
NODE_COORD_SECTION
1 854 987
2 431 705
3 468 35
4 112 150
5 482 225
6 875 141
7 974 303
8 376 967
9 583 604
10 42 754
11 56 775
12 769 259
13 442 234
14 585 788
15 217 225
16 208 370
17 96 381
18 839 296
19 445 83
20 720 323
21 847 223
22 836 207
23 586 77
24 652 105
25 468 536
26 198 619
27 225 35
28 210 918
29 330 332
30 541 14
31 634 775
32 959 956
33 110 716
34 941 294
35 30 53
36 199 269
37 732 555
38 989 672
39 261 580
40 224 545
DEMAND_SECTION
1 0
2 10
3 6
4 8
5 5
6 6
7 6
8 8
9 6
10 9
11 4
12 11
13 11
14 6
15 3
16 4
17 10
18 11
19 8
20 4
21 7
22 5
23 10
24 1
25 2
26 9
27 6
28 11
29 1
30 5
31 8
32 8
33 1
34 2
35 4
36 8
37 7
38 8
39 6
40 8
DEPOT_SECTION
 1
 -1
 EOF 