NAME: I10266-n37-k5
COMMENT : (Fake et al, No of trucks: 5, Optimal value: )
TYPE : CVRP
DIMENSION : 37
EDGE_WEIGHT_TYPE : EUC_2D
CAPACITY : 40
NODE_COORD_SECTION
1 30 124
2 328 185
3 748 345
4 748 5
5 884 869
6 414 338
7 756 295
8 695 641
9 104 492
10 239 609
11 220 363
12 606 991
13 6 672
14 539 692
15 457 463
16 346 25
17 452 929
18 588 650
19 988 90
20 795 999
21 645 123
22 237 379
23 432 51
24 268 539
25 753 209
26 39 288
27 524 552
28 467 384
29 678 944
30 338 739
31 823 319
32 592 791
33 115 238
34 432 800
35 323 172
36 157 934
37 696 325
DEMAND_SECTION
1 0
2 1
3 5
4 5
5 8
6 4
7 8
8 2
9 5
10 8
11 7
12 4
13 8
14 6
15 6
16 5
17 3
18 6
19 8
20 1
21 1
22 7
23 6
24 6
25 4
26 1
27 3
28 1
29 7
30 4
31 5
32 2
33 2
34 6
35 3
36 2
37 3
DEPOT_SECTION
 1
 -1
 EOF 