NAME: I10304-n27-k6
COMMENT : (Fake et al, No of trucks: 6, Optimal value: )
TYPE : CVRP
DIMENSION : 27
EDGE_WEIGHT_TYPE : EUC_2D
CAPACITY : 9
NODE_COORD_SECTION
1 151 983
2 276 923
3 94 635
4 193 535
5 916 67
6 263 986
7 264 293
8 423 27
9 706 994
10 470 140
11 817 39
12 37 235
13 311 432
14 857 58
15 543 474
16 290 673
17 816 525
18 224 240
19 912 24
20 126 38
21 433 375
22 981 914
23 872 763
24 94 961
25 243 896
26 98 338
27 848 531
DEMAND_SECTION
1 0
2 2
3 2
4 1
5 1
6 1
7 2
8 2
9 1
10 1
11 2
12 1
13 2
14 2
15 2
16 2
17 2
18 2
19 2
20 2
21 2
22 1
23 1
24 2
25 1
26 2
27 2
DEPOT_SECTION
 1
 -1
 EOF 