NAME: I10423-n48-k6
COMMENT : (Fake et al, No of trucks: 6, Optimal value: )
TYPE : CVRP
DIMENSION : 48
EDGE_WEIGHT_TYPE : EUC_2D
CAPACITY : 37
NODE_COORD_SECTION
1 814 268
2 67 133
3 803 388
4 385 797
5 933 318
6 116 495
7 954 132
8 82 766
9 826 528
10 421 531
11 617 627
12 415 642
13 823 979
14 602 266
15 926 810
16 33 849
17 625 696
18 598 180
19 81 735
20 705 742
21 146 845
22 554 940
23 230 362
24 354 923
25 575 748
26 502 655
27 662 307
28 810 71
29 625 234
30 843 251
31 803 547
32 175 894
33 676 665
34 908 342
35 419 441
36 837 854
37 199 714
38 354 234
39 631 700
40 443 967
41 608 176
42 219 243
43 269 348
44 784 195
45 711 417
46 17 347
47 15 200
48 74 6
DEMAND_SECTION
1 0
2 1
3 3
4 3
5 6
6 5
7 5
8 5
9 3
10 5
11 5
12 4
13 6
14 3
15 8
16 6
17 8
18 6
19 1
20 5
21 2
22 7
23 2
24 4
25 1
26 2
27 6
28 8
29 1
30 4
31 3
32 5
33 2
34 4
35 5
36 7
37 2
38 6
39 4
40 8
41 1
42 1
43 7
44 5
45 7
46 2
47 8
48 4
DEPOT_SECTION
 1
 -1
 EOF 