NAME: I10577-n32-k4
COMMENT : (Fake et al, No of trucks: 4, Optimal value: )
TYPE : CVRP
DIMENSION : 32
EDGE_WEIGHT_TYPE : EUC_2D
CAPACITY : 18
NODE_COORD_SECTION
1 117 30
2 770 273
3 478 708
4 327 933
5 790 522
6 80 725
7 33 917
8 544 104
9 977 671
10 578 420
11 322 421
12 68 470
13 475 708
14 363 929
15 189 837
16 915 933
17 146 305
18 98 60
19 54 836
20 83 437
21 365 352
22 783 366
23 898 732
24 120 726
25 24 685
26 797 919
27 925 303
28 683 303
29 183 913
30 233 613
31 949 903
32 717 362
DEMAND_SECTION
1 0
2 1
3 2
4 1
5 2
6 2
7 1
8 3
9 2
10 3
11 1
12 1
13 1
14 2
15 2
16 2
17 2
18 1
19 2
20 2
21 3
22 1
23 1
24 3
25 2
26 1
27 3
28 3
29 3
30 3
31 3
32 3
DEPOT_SECTION
 1
 -1
 EOF 