NAME: I10523-n36-k4
COMMENT : (Fake et al, No of trucks: 4, Optimal value: )
TYPE : CVRP
DIMENSION : 36
EDGE_WEIGHT_TYPE : EUC_2D
CAPACITY : 54
NODE_COORD_SECTION
1 736 113
2 469 687
3 89 0
4 838 581
5 860 530
6 115 48
7 105 168
8 200 113
9 439 78
10 307 348
11 652 415
12 132 566
13 513 812
14 178 220
15 750 498
16 845 20
17 128 223
18 434 906
19 886 800
20 899 406
21 925 907
22 194 2
23 136 512
24 271 650
25 260 376
26 515 676
27 197 538
28 154 731
29 838 712
30 805 375
31 90 987
32 552 330
33 932 587
34 804 709
35 490 463
36 729 732
DEMAND_SECTION
1 0
2 2
3 6
4 5
5 1
6 2
7 3
8 10
9 7
10 11
11 4
12 6
13 9
14 10
15 5
16 7
17 1
18 4
19 3
20 2
21 11
22 5
23 3
24 5
25 2
26 3
27 9
28 3
29 5
30 6
31 2
32 3
33 11
34 9
35 9
36 3
DEPOT_SECTION
 1
 -1
 EOF 