NAME: I10675-n49-k3
COMMENT : (Fake et al, No of trucks: 3, Optimal value: )
TYPE : CVRP
DIMENSION : 49
EDGE_WEIGHT_TYPE : EUC_2D
CAPACITY : 79
NODE_COORD_SECTION
1 677 454
2 864 567
3 888 744
4 736 860
5 780 356
6 454 585
7 915 568
8 908 19
9 621 279
10 298 169
11 602 171
12 656 234
13 223 334
14 712 416
15 90 39
16 703 969
17 845 156
18 748 30
19 784 998
20 522 712
21 128 404
22 783 751
23 55 456
24 864 959
25 449 375
26 578 34
27 318 205
28 202 549
29 674 116
30 73 741
31 829 326
32 990 279
33 108 596
34 508 334
35 843 902
36 510 2
37 72 375
38 533 767
39 612 777
40 466 766
41 624 121
42 549 767
43 440 275
44 265 121
45 647 474
46 987 429
47 103 752
48 672 881
49 979 840
DEMAND_SECTION
1 0
2 1
3 8
4 4
5 7
6 1
7 8
8 5
9 3
10 2
11 3
12 3
13 1
14 3
15 6
16 3
17 2
18 8
19 2
20 8
21 3
22 3
23 3
24 8
25 8
26 5
27 2
28 5
29 7
30 4
31 2
32 7
33 7
34 1
35 1
36 2
37 4
38 4
39 7
40 6
41 3
42 6
43 7
44 6
45 7
46 4
47 8
48 3
49 7
DEPOT_SECTION
 1
 -1
 EOF 