NAME: I10720-n24-k5
COMMENT : (Fake et al, No of trucks: 5, Optimal value: )
TYPE : CVRP
DIMENSION : 24
EDGE_WEIGHT_TYPE : EUC_2D
CAPACITY : 18
NODE_COORD_SECTION
1 420 25
2 717 820
3 950 2
4 841 756
5 254 316
6 513 709
7 292 316
8 366 78
9 551 492
10 210 367
11 767 673
12 831 171
13 398 336
14 744 252
15 740 786
16 882 104
17 208 457
18 200 699
19 150 576
20 735 794
21 285 153
22 249 144
23 85 701
24 393 600
DEMAND_SECTION
1 0
2 2
3 5
4 3
5 1
6 5
7 5
8 5
9 4
10 2
11 3
12 3
13 4
14 5
15 3
16 2
17 4
18 2
19 1
20 3
21 5
22 4
23 1
24 5
DEPOT_SECTION
 1
 -1
 EOF 