NAME: I10727-n23-k6
COMMENT : (Fake et al, No of trucks: 6, Optimal value: )
TYPE : CVRP
DIMENSION : 23
EDGE_WEIGHT_TYPE : EUC_2D
CAPACITY : 25
NODE_COORD_SECTION
1 739 613
2 569 374
3 565 548
4 404 931
5 207 791
6 951 673
7 923 50
8 468 618
9 746 794
10 481 741
11 134 823
12 575 785
13 374 91
14 366 529
15 79 564
16 264 61
17 137 575
18 74 421
19 969 955
20 888 239
21 3 200
22 199 680
23 788 838
DEMAND_SECTION
1 0
2 6
3 1
4 5
5 1
6 8
7 6
8 10
9 7
10 11
11 10
12 6
13 6
14 9
15 7
16 2
17 1
18 2
19 10
20 10
21 6
22 3
23 1
DEPOT_SECTION
 1
 -1
 EOF 