NAME: I10706-n38-k4
COMMENT : (Fake et al, No of trucks: 4, Optimal value: )
TYPE : CVRP
DIMENSION : 38
EDGE_WEIGHT_TYPE : EUC_2D
CAPACITY : 39
NODE_COORD_SECTION
1 786 317
2 438 76
3 545 209
4 633 940
5 849 979
6 760 294
7 360 956
8 942 893
9 723 766
10 743 350
11 512 223
12 565 997
13 371 143
14 372 264
15 829 751
16 721 8
17 471 974
18 444 622
19 206 573
20 56 916
21 16 368
22 739 290
23 216 245
24 180 539
25 632 712
26 616 578
27 335 720
28 405 794
29 851 193
30 788 921
31 900 813
32 566 332
33 559 518
34 984 530
35 897 103
36 38 73
37 289 459
38 359 848
DEMAND_SECTION
1 0
2 6
3 1
4 4
5 5
6 4
7 4
8 5
9 3
10 1
11 3
12 4
13 5
14 5
15 5
16 5
17 3
18 4
19 2
20 1
21 2
22 5
23 1
24 2
25 5
26 1
27 1
28 3
29 3
30 1
31 3
32 6
33 6
34 3
35 5
36 1
37 4
38 5
DEPOT_SECTION
 1
 -1
 EOF 