NAME: I10751-n36-k5
COMMENT : (Fake et al, No of trucks: 5, Optimal value: )
TYPE : CVRP
DIMENSION : 36
EDGE_WEIGHT_TYPE : EUC_2D
CAPACITY : 45
NODE_COORD_SECTION
1 542 325
2 390 373
3 87 836
4 275 335
5 547 289
6 98 114
7 823 479
8 552 103
9 680 679
10 441 655
11 102 221
12 341 429
13 852 465
14 258 786
15 699 159
16 568 108
17 831 871
18 42 464
19 326 720
20 470 544
21 825 941
22 427 317
23 368 586
24 136 444
25 748 703
26 64 479
27 177 954
28 364 567
29 865 742
30 197 279
31 561 138
32 926 611
33 297 928
34 801 572
35 397 909
36 149 1000
DEMAND_SECTION
1 0
2 2
3 8
4 7
5 1
6 9
7 8
8 7
9 5
10 8
11 4
12 8
13 9
14 6
15 9
16 8
17 9
18 2
19 5
20 3
21 1
22 2
23 9
24 9
25 3
26 4
27 7
28 3
29 4
30 5
31 2
32 7
33 2
34 9
35 2
36 8
DEPOT_SECTION
 1
 -1
 EOF 