NAME: I10818-n44-k6
COMMENT : (Fake et al, No of trucks: 6, Optimal value: )
TYPE : CVRP
DIMENSION : 44
EDGE_WEIGHT_TYPE : EUC_2D
CAPACITY : 46
NODE_COORD_SECTION
1 553 303
2 859 399
3 948 750
4 473 52
5 429 435
6 468 67
7 258 580
8 57 210
9 410 803
10 863 231
11 218 885
12 54 837
13 960 962
14 873 329
15 771 275
16 624 109
17 407 808
18 318 588
19 669 783
20 115 273
21 768 144
22 852 62
23 759 904
24 342 555
25 114 548
26 726 269
27 506 995
28 70 966
29 332 593
30 956 15
31 290 887
32 425 342
33 108 872
34 960 896
35 317 103
36 286 719
37 475 738
38 157 146
39 280 638
40 468 989
41 299 141
42 78 785
43 381 876
44 969 462
DEMAND_SECTION
1 0
2 5
3 6
4 5
5 1
6 6
7 3
8 10
9 9
10 3
11 6
12 6
13 4
14 7
15 6
16 4
17 3
18 3
19 10
20 2
21 9
22 5
23 9
24 1
25 6
26 10
27 1
28 10
29 5
30 2
31 10
32 7
33 4
34 5
35 4
36 8
37 1
38 8
39 7
40 3
41 9
42 6
43 6
44 3
DEPOT_SECTION
 1
 -1
 EOF 