NAME: I10898-n25-k4
COMMENT : (Fake et al, No of trucks: 4, Optimal value: )
TYPE : CVRP
DIMENSION : 25
EDGE_WEIGHT_TYPE : EUC_2D
CAPACITY : 24
NODE_COORD_SECTION
1 337 198
2 63 698
3 117 564
4 788 72
5 68 965
6 280 503
7 776 50
8 504 836
9 292 302
10 416 3
11 376 275
12 817 260
13 899 601
14 742 509
15 443 851
16 999 100
17 317 210
18 47 449
19 38 293
20 588 439
21 431 950
22 730 97
23 86 136
24 952 874
25 532 292
DEMAND_SECTION
1 0
2 6
3 6
4 2
5 1
6 5
7 2
8 1
9 6
10 3
11 3
12 3
13 5
14 3
15 6
16 3
17 1
18 4
19 1
20 5
21 5
22 3
23 6
24 4
25 2
DEPOT_SECTION
 1
 -1
 EOF 