NAME: I10959-n39-k6
COMMENT : (Fake et al, No of trucks: 6, Optimal value: )
TYPE : CVRP
DIMENSION : 39
EDGE_WEIGHT_TYPE : EUC_2D
CAPACITY : 26
NODE_COORD_SECTION
1 841 619
2 287 9
3 91 329
4 950 384
5 470 233
6 617 947
7 182 42
8 474 32
9 389 519
10 106 535
11 21 64
12 349 430
13 543 655
14 596 178
15 3 548
16 786 760
17 973 630
18 327 470
19 365 692
20 802 658
21 999 527
22 265 73
23 392 883
24 295 648
25 431 877
26 933 393
27 721 534
28 827 775
29 614 766
30 693 281
31 528 28
32 708 889
33 58 350
34 888 217
35 16 612
36 122 61
37 633 793
38 39 605
39 114 46
DEMAND_SECTION
1 0
2 5
3 1
4 6
5 2
6 5
7 1
8 3
9 3
10 3
11 4
12 6
13 5
14 1
15 4
16 1
17 6
18 3
19 6
20 4
21 2
22 2
23 6
24 4
25 5
26 1
27 1
28 6
29 3
30 4
31 2
32 5
33 1
34 6
35 6
36 1
37 6
38 3
39 6
DEPOT_SECTION
 1
 -1
 EOF 