NAME: I10991-n37-k6
COMMENT : (Fake et al, No of trucks: 6, Optimal value: )
TYPE : CVRP
DIMENSION : 37
EDGE_WEIGHT_TYPE : EUC_2D
CAPACITY : 24
NODE_COORD_SECTION
1 184 667
2 316 945
3 329 109
4 771 819
5 994 821
6 276 63
7 403 615
8 807 405
9 505 616
10 667 828
11 21 160
12 578 677
13 99 303
14 134 702
15 579 241
16 906 518
17 58 313
18 329 178
19 76 428
20 736 370
21 742 740
22 578 49
23 788 639
24 57 67
25 135 487
26 900 53
27 737 383
28 553 327
29 622 156
30 997 950
31 295 439
32 78 731
33 203 6
34 918 698
35 173 2
36 102 923
37 93 252
DEMAND_SECTION
1 0
2 4
3 1
4 3
5 1
6 4
7 4
8 4
9 5
10 3
11 3
12 6
13 2
14 1
15 6
16 1
17 5
18 4
19 5
20 6
21 3
22 6
23 1
24 6
25 2
26 3
27 1
28 1
29 1
30 3
31 4
32 2
33 2
34 3
35 6
36 2
37 6
DEPOT_SECTION
 1
 -1
 EOF 