NAME: I10977-n36-k4
COMMENT : (Fake et al, No of trucks: 4, Optimal value: )
TYPE : CVRP
DIMENSION : 36
EDGE_WEIGHT_TYPE : EUC_2D
CAPACITY : 30
NODE_COORD_SECTION
1 380 764
2 89 582
3 44 579
4 98 66
5 990 779
6 452 342
7 27 51
8 63 461
9 755 493
10 866 950
11 394 760
12 573 270
13 690 366
14 197 461
15 142 461
16 452 543
17 901 862
18 968 81
19 0 893
20 444 100
21 551 700
22 824 341
23 220 554
24 349 607
25 836 492
26 333 448
27 823 147
28 611 255
29 767 413
30 980 79
31 560 904
32 219 940
33 501 52
34 726 217
35 43 249
36 90 169
DEMAND_SECTION
1 0
2 5
3 5
4 5
5 4
6 3
7 2
8 5
9 2
10 3
11 1
12 3
13 3
14 3
15 3
16 2
17 4
18 3
19 5
20 3
21 5
22 3
23 5
24 3
25 4
26 1
27 2
28 3
29 2
30 3
31 4
32 2
33 2
34 3
35 2
36 1
DEPOT_SECTION
 1
 -1
 EOF 