NAME: I1090-n49-k6
COMMENT : (Fake et al, No of trucks: 6, Optimal value: )
TYPE : CVRP
DIMENSION : 49
EDGE_WEIGHT_TYPE : EUC_2D
CAPACITY : 15
NODE_COORD_SECTION
1 600 894
2 166 674
3 332 1
4 684 543
5 636 289
6 456 862
7 141 251
8 196 558
9 582 166
10 567 26
11 487 802
12 62 384
13 620 981
14 205 736
15 749 422
16 249 854
17 520 925
18 98 786
19 331 266
20 865 207
21 835 528
22 161 528
23 977 24
24 448 74
25 165 723
26 323 502
27 987 685
28 726 72
29 574 831
30 808 376
31 828 951
32 948 57
33 138 942
34 151 541
35 302 377
36 867 396
37 441 667
38 492 537
39 496 201
40 967 704
41 781 638
42 600 991
43 570 914
44 99 338
45 621 549
46 935 264
47 330 559
48 698 275
49 487 410
DEMAND_SECTION
1 0
2 2
3 1
4 2
5 1
6 1
7 2
8 1
9 2
10 2
11 1
12 2
13 1
14 2
15 1
16 1
17 2
18 1
19 1
20 2
21 1
22 2
23 2
24 1
25 1
26 2
27 1
28 1
29 1
30 2
31 2
32 1
33 1
34 2
35 1
36 2
37 2
38 1
39 1
40 2
41 1
42 2
43 2
44 2
45 1
46 1
47 2
48 2
49 2
DEPOT_SECTION
 1
 -1
 EOF 