NAME: I10973-n39-k6
COMMENT : (Fake et al, No of trucks: 6, Optimal value: )
TYPE : CVRP
DIMENSION : 39
EDGE_WEIGHT_TYPE : EUC_2D
CAPACITY : 11
NODE_COORD_SECTION
1 577 436
2 856 895
3 587 320
4 845 459
5 927 784
6 895 738
7 29 772
8 200 961
9 202 891
10 53 581
11 909 860
12 846 926
13 344 622
14 453 579
15 140 269
16 876 150
17 213 5
18 125 459
19 157 403
20 938 279
21 650 477
22 568 732
23 406 745
24 968 837
25 830 750
26 208 385
27 414 193
28 370 339
29 798 616
30 608 988
31 464 401
32 679 810
33 186 311
34 563 623
35 627 700
36 99 915
37 664 865
38 488 305
39 640 812
DEMAND_SECTION
1 0
2 1
3 2
4 1
5 2
6 1
7 2
8 2
9 2
10 2
11 2
12 1
13 2
14 2
15 2
16 1
17 1
18 1
19 1
20 2
21 2
22 1
23 1
24 1
25 2
26 1
27 1
28 2
29 1
30 1
31 1
32 1
33 2
34 2
35 2
36 1
37 1
38 1
39 1
DEPOT_SECTION
 1
 -1
 EOF 