NAME: I11085-n42-k5
COMMENT : (Fake et al, No of trucks: 5, Optimal value: )
TYPE : CVRP
DIMENSION : 42
EDGE_WEIGHT_TYPE : EUC_2D
CAPACITY : 16
NODE_COORD_SECTION
1 319 182
2 704 59
3 487 780
4 364 651
5 699 854
6 21 243
7 664 149
8 264 119
9 343 914
10 177 331
11 669 856
12 482 422
13 51 592
14 791 560
15 127 509
16 977 627
17 143 474
18 436 462
19 926 643
20 912 405
21 940 113
22 814 664
23 52 635
24 73 220
25 632 71
26 308 942
27 330 31
28 577 624
29 621 21
30 366 608
31 394 548
32 934 568
33 113 758
34 172 798
35 108 472
36 403 103
37 952 620
38 102 735
39 844 962
40 346 413
41 96 23
42 995 958
DEMAND_SECTION
1 0
2 1
3 1
4 2
5 1
6 2
7 1
8 1
9 2
10 1
11 1
12 2
13 2
14 2
15 2
16 1
17 2
18 2
19 1
20 1
21 2
22 2
23 2
24 2
25 2
26 2
27 2
28 1
29 2
30 1
31 2
32 2
33 2
34 2
35 2
36 1
37 2
38 2
39 1
40 1
41 1
42 2
DEPOT_SECTION
 1
 -1
 EOF 