NAME: I11056-n33-k6
COMMENT : (Fake et al, No of trucks: 6, Optimal value: )
TYPE : CVRP
DIMENSION : 33
EDGE_WEIGHT_TYPE : EUC_2D
CAPACITY : 9
NODE_COORD_SECTION
1 298 288
2 286 386
3 727 373
4 879 785
5 164 680
6 669 46
7 477 711
8 779 668
9 632 454
10 892 557
11 279 596
12 155 315
13 504 173
14 91 527
15 180 247
16 927 262
17 849 942
18 355 382
19 374 154
20 931 122
21 292 459
22 930 653
23 626 637
24 179 321
25 67 896
26 264 118
27 767 80
28 753 105
29 6 779
30 208 638
31 567 263
32 679 603
33 452 38
DEMAND_SECTION
1 0
2 1
3 1
4 1
5 1
6 2
7 2
8 1
9 2
10 2
11 1
12 2
13 1
14 2
15 2
16 2
17 1
18 1
19 1
20 1
21 1
22 1
23 1
24 2
25 2
26 2
27 2
28 2
29 2
30 1
31 1
32 1
33 1
DEPOT_SECTION
 1
 -1
 EOF 