NAME: I11077-n48-k6
COMMENT : (Fake et al, No of trucks: 6, Optimal value: )
TYPE : CVRP
DIMENSION : 48
EDGE_WEIGHT_TYPE : EUC_2D
CAPACITY : 20
NODE_COORD_SECTION
1 640 525
2 933 658
3 582 355
4 423 694
5 789 106
6 903 319
7 61 991
8 700 229
9 839 300
10 920 560
11 898 43
12 940 302
13 196 960
14 46 799
15 955 5
16 9 293
17 267 131
18 970 399
19 287 715
20 794 591
21 388 940
22 105 734
23 35 124
24 888 329
25 357 227
26 392 448
27 608 142
28 798 748
29 347 747
30 100 614
31 54 275
32 150 684
33 739 301
34 73 429
35 58 431
36 26 658
37 252 822
38 146 485
39 370 414
40 12 216
41 229 447
42 515 277
43 449 699
44 766 300
45 594 90
46 669 567
47 817 92
48 500 254
DEMAND_SECTION
1 0
2 1
3 3
4 4
5 1
6 4
7 1
8 1
9 2
10 1
11 2
12 1
13 1
14 3
15 1
16 1
17 4
18 1
19 2
20 4
21 1
22 1
23 3
24 1
25 3
26 3
27 1
28 3
29 4
30 4
31 3
32 4
33 2
34 1
35 2
36 1
37 2
38 2
39 4
40 3
41 2
42 1
43 2
44 4
45 2
46 2
47 3
48 2
DEPOT_SECTION
 1
 -1
 EOF 