NAME: I11100-n46-k4
COMMENT : (Fake et al, No of trucks: 4, Optimal value: )
TYPE : CVRP
DIMENSION : 46
EDGE_WEIGHT_TYPE : EUC_2D
CAPACITY : 67
NODE_COORD_SECTION
1 483 696
2 688 691
3 744 677
4 920 203
5 910 696
6 617 25
7 252 226
8 889 532
9 681 967
10 468 866
11 214 401
12 979 147
13 861 549
14 585 765
15 848 582
16 863 738
17 171 570
18 344 560
19 655 716
20 786 850
21 157 110
22 468 376
23 671 251
24 467 185
25 791 961
26 617 709
27 145 983
28 687 732
29 706 944
30 971 81
31 491 286
32 542 323
33 25 309
34 979 783
35 570 474
36 154 933
37 565 201
38 399 822
39 108 581
40 515 591
41 632 743
42 308 457
43 473 58
44 525 21
45 527 342
46 513 232
DEMAND_SECTION
1 0
2 5
3 7
4 2
5 4
6 2
7 5
8 7
9 6
10 3
11 10
12 6
13 1
14 3
15 1
16 3
17 7
18 2
19 9
20 7
21 10
22 1
23 10
24 6
25 8
26 7
27 3
28 9
29 2
30 9
31 7
32 5
33 7
34 8
35 5
36 3
37 10
38 6
39 1
40 10
41 1
42 4
43 2
44 7
45 2
46 9
DEPOT_SECTION
 1
 -1
 EOF 