NAME: I11264-n50-k4
COMMENT : (Fake et al, No of trucks: 4, Optimal value: )
TYPE : CVRP
DIMENSION : 50
EDGE_WEIGHT_TYPE : EUC_2D
CAPACITY : 69
NODE_COORD_SECTION
1 957 234
2 552 760
3 253 535
4 536 162
5 509 939
6 233 387
7 163 937
8 40 180
9 567 196
10 952 866
11 244 80
12 747 637
13 226 563
14 947 248
15 165 488
16 428 367
17 823 236
18 196 79
19 585 701
20 683 507
21 719 848
22 785 841
23 572 290
24 624 55
25 882 375
26 893 192
27 310 58
28 700 561
29 463 919
30 326 964
31 719 648
32 792 930
33 810 96
34 254 170
35 479 925
36 511 202
37 35 823
38 466 953
39 841 855
40 378 41
41 468 290
42 918 529
43 975 833
44 291 677
45 240 913
46 658 212
47 186 289
48 157 71
49 212 200
50 289 293
DEMAND_SECTION
1 0
2 8
3 5
4 3
5 2
6 1
7 1
8 5
9 10
10 1
11 2
12 2
13 7
14 8
15 4
16 6
17 7
18 10
19 8
20 9
21 8
22 9
23 7
24 6
25 7
26 8
27 4
28 3
29 4
30 1
31 9
32 8
33 9
34 4
35 2
36 2
37 1
38 1
39 7
40 2
41 1
42 4
43 5
44 7
45 2
46 6
47 7
48 2
49 10
50 7
DEPOT_SECTION
 1
 -1
 EOF 