NAME: I11270-n25-k4
COMMENT : (Fake et al, No of trucks: 4, Optimal value: )
TYPE : CVRP
DIMENSION : 25
EDGE_WEIGHT_TYPE : EUC_2D
CAPACITY : 35
NODE_COORD_SECTION
1 128 289
2 396 66
3 260 718
4 12 250
5 608 199
6 227 377
7 68 625
8 530 547
9 974 454
10 25 140
11 169 84
12 887 730
13 632 194
14 554 245
15 641 138
16 700 839
17 423 85
18 806 536
19 796 422
20 790 675
21 521 650
22 762 287
23 776 515
24 809 389
25 531 997
DEMAND_SECTION
1 0
2 7
3 7
4 5
5 8
6 2
7 6
8 5
9 3
10 5
11 6
12 7
13 2
14 4
15 8
16 1
17 5
18 8
19 4
20 5
21 7
22 4
23 8
24 2
25 2
DEPOT_SECTION
 1
 -1
 EOF 