NAME: I11265-n33-k6
COMMENT : (Fake et al, No of trucks: 6, Optimal value: )
TYPE : CVRP
DIMENSION : 33
EDGE_WEIGHT_TYPE : EUC_2D
CAPACITY : 12
NODE_COORD_SECTION
1 294 30
2 505 728
3 151 557
4 773 881
5 929 282
6 774 692
7 778 916
8 715 116
9 581 434
10 73 768
11 410 279
12 477 23
13 46 957
14 169 699
15 205 416
16 706 886
17 864 643
18 222 833
19 207 23
20 482 493
21 397 480
22 713 518
23 283 175
24 931 900
25 58 869
26 324 713
27 950 944
28 50 881
29 382 683
30 541 800
31 29 270
32 173 160
33 583 191
DEMAND_SECTION
1 0
2 2
3 2
4 2
5 1
6 3
7 1
8 1
9 2
10 1
11 1
12 3
13 3
14 2
15 2
16 1
17 1
18 2
19 3
20 3
21 3
22 2
23 2
24 2
25 1
26 3
27 1
28 2
29 2
30 3
31 1
32 1
33 3
DEPOT_SECTION
 1
 -1
 EOF 