NAME: I11220-n32-k4
COMMENT : (Fake et al, No of trucks: 4, Optimal value: )
TYPE : CVRP
DIMENSION : 32
EDGE_WEIGHT_TYPE : EUC_2D
CAPACITY : 20
NODE_COORD_SECTION
1 625 669
2 883 953
3 687 75
4 886 242
5 945 6
6 325 221
7 299 735
8 190 817
9 471 536
10 347 648
11 722 332
12 164 543
13 591 751
14 329 895
15 814 487
16 323 373
17 82 823
18 981 866
19 750 588
20 578 11
21 749 849
22 803 596
23 608 388
24 739 263
25 339 624
26 953 189
27 464 549
28 119 69
29 999 485
30 210 130
31 717 354
32 787 647
DEMAND_SECTION
1 0
2 2
3 1
4 2
5 2
6 2
7 1
8 3
9 1
10 3
11 2
12 4
13 4
14 2
15 3
16 4
17 1
18 4
19 2
20 2
21 1
22 2
23 4
24 1
25 2
26 3
27 4
28 3
29 3
30 1
31 2
32 1
DEPOT_SECTION
 1
 -1
 EOF 