NAME: I11242-n47-k5
COMMENT : (Fake et al, No of trucks: 5, Optimal value: )
TYPE : CVRP
DIMENSION : 47
EDGE_WEIGHT_TYPE : EUC_2D
CAPACITY : 46
NODE_COORD_SECTION
1 346 238
2 813 334
3 507 96
4 621 683
5 931 993
6 900 540
7 229 182
8 36 863
9 975 565
10 834 296
11 100 128
12 470 76
13 975 189
14 46 217
15 110 154
16 208 735
17 227 702
18 509 300
19 235 782
20 444 507
21 335 192
22 121 90
23 459 252
24 54 354
25 914 795
26 141 904
27 619 838
28 806 497
29 157 167
30 847 811
31 927 900
32 515 975
33 381 262
34 744 254
35 457 130
36 808 87
37 885 316
38 683 695
39 898 546
40 354 245
41 538 269
42 449 658
43 878 287
44 602 744
45 531 296
46 110 155
47 291 68
DEMAND_SECTION
1 0
2 3
3 7
4 4
5 4
6 6
7 5
8 3
9 6
10 8
11 4
12 8
13 7
14 2
15 4
16 2
17 8
18 1
19 2
20 7
21 1
22 2
23 5
24 1
25 7
26 5
27 2
28 3
29 7
30 4
31 5
32 2
33 3
34 8
35 7
36 5
37 4
38 3
39 1
40 6
41 6
42 4
43 5
44 5
45 6
46 4
47 2
DEPOT_SECTION
 1
 -1
 EOF 