NAME: I11337-n26-k3
COMMENT : (Fake et al, No of trucks: 3, Optimal value: )
TYPE : CVRP
DIMENSION : 26
EDGE_WEIGHT_TYPE : EUC_2D
CAPACITY : 19
NODE_COORD_SECTION
1 186 345
2 308 394
3 288 964
4 644 227
5 343 218
6 72 405
7 834 458
8 686 125
9 174 450
10 803 284
11 886 94
12 340 679
13 697 419
14 792 522
15 447 627
16 928 349
17 215 720
18 371 264
19 262 244
20 467 697
21 382 129
22 146 897
23 20 4
24 428 85
25 363 649
26 573 896
DEMAND_SECTION
1 0
2 3
3 1
4 3
5 3
6 2
7 1
8 1
9 1
10 1
11 2
12 3
13 2
14 2
15 1
16 2
17 3
18 1
19 1
20 1
21 2
22 3
23 2
24 1
25 3
26 3
DEPOT_SECTION
 1
 -1
 EOF 