NAME: I1139-n34-k4
COMMENT : (Fake et al, No of trucks: 4, Optimal value: )
TYPE : CVRP
DIMENSION : 34
EDGE_WEIGHT_TYPE : EUC_2D
CAPACITY : 35
NODE_COORD_SECTION
1 531 397
2 584 954
3 223 315
4 884 50
5 435 499
6 964 125
7 300 616
8 948 658
9 875 805
10 794 606
11 193 159
12 672 373
13 755 873
14 156 305
15 357 104
16 536 385
17 424 919
18 178 800
19 646 154
20 114 912
21 143 557
22 250 25
23 418 558
24 741 4
25 135 201
26 260 50
27 154 616
28 449 713
29 145 163
30 606 629
31 30 116
32 78 216
33 986 491
34 869 958
DEMAND_SECTION
1 0
2 2
3 4
4 2
5 5
6 1
7 5
8 4
9 3
10 3
11 1
12 5
13 6
14 2
15 4
16 6
17 3
18 6
19 6
20 3
21 3
22 2
23 5
24 5
25 6
26 6
27 2
28 6
29 1
30 3
31 3
32 5
33 3
34 4
DEPOT_SECTION
 1
 -1
 EOF 