NAME: I11379-n34-k5
COMMENT : (Fake et al, No of trucks: 5, Optimal value: )
TYPE : CVRP
DIMENSION : 34
EDGE_WEIGHT_TYPE : EUC_2D
CAPACITY : 15
NODE_COORD_SECTION
1 599 767
2 254 426
3 508 149
4 834 240
5 774 927
6 149 996
7 824 317
8 60 535
9 170 882
10 314 432
11 551 521
12 301 280
13 381 567
14 398 690
15 936 899
16 247 3
17 26 524
18 662 442
19 521 439
20 818 153
21 248 683
22 211 419
23 618 796
24 876 578
25 501 581
26 461 198
27 897 756
28 315 124
29 416 113
30 794 125
31 580 8
32 284 920
33 866 487
34 504 905
DEMAND_SECTION
1 0
2 2
3 3
4 2
5 2
6 2
7 1
8 2
9 2
10 1
11 1
12 2
13 2
14 1
15 2
16 2
17 1
18 1
19 3
20 1
21 3
22 3
23 3
24 2
25 1
26 1
27 2
28 1
29 2
30 2
31 2
32 1
33 1
34 3
DEPOT_SECTION
 1
 -1
 EOF 