NAME: I11455-n36-k4
COMMENT : (Fake et al, No of trucks: 4, Optimal value: )
TYPE : CVRP
DIMENSION : 36
EDGE_WEIGHT_TYPE : EUC_2D
CAPACITY : 30
NODE_COORD_SECTION
1 509 967
2 540 758
3 351 448
4 312 57
5 502 449
6 500 413
7 321 224
8 565 222
9 88 714
10 418 830
11 958 322
12 546 14
13 521 839
14 727 698
15 847 398
16 660 573
17 383 766
18 759 12
19 714 25
20 300 355
21 882 281
22 985 292
23 369 798
24 566 619
25 474 403
26 733 326
27 860 215
28 706 166
29 104 10
30 157 394
31 267 654
32 746 29
33 275 315
34 790 61
35 884 709
36 974 762
DEMAND_SECTION
1 0
2 5
3 5
4 2
5 1
6 1
7 1
8 1
9 1
10 5
11 5
12 3
13 1
14 3
15 4
16 3
17 2
18 3
19 1
20 4
21 5
22 1
23 5
24 5
25 1
26 2
27 4
28 1
29 5
30 2
31 5
32 2
33 1
34 4
35 5
36 1
DEPOT_SECTION
 1
 -1
 EOF 