NAME: I11451-n43-k4
COMMENT : (Fake et al, No of trucks: 4, Optimal value: )
TYPE : CVRP
DIMENSION : 43
EDGE_WEIGHT_TYPE : EUC_2D
CAPACITY : 63
NODE_COORD_SECTION
1 578 887
2 364 143
3 502 825
4 699 377
5 786 405
6 723 143
7 881 219
8 226 138
9 502 861
10 866 738
11 499 488
12 298 415
13 690 741
14 761 640
15 551 414
16 139 264
17 833 388
18 760 502
19 39 459
20 761 631
21 39 633
22 14 333
23 931 320
24 34 549
25 257 210
26 813 32
27 825 52
28 516 274
29 975 692
30 46 798
31 471 363
32 686 573
33 199 813
34 58 910
35 771 644
36 246 598
37 171 507
38 513 170
39 214 825
40 351 229
41 919 34
42 867 206
43 120 358
DEMAND_SECTION
1 0
2 2
3 3
4 2
5 6
6 5
7 1
8 2
9 1
10 8
11 4
12 2
13 9
14 7
15 1
16 7
17 9
18 8
19 6
20 9
21 3
22 5
23 8
24 8
25 8
26 9
27 5
28 2
29 8
30 8
31 7
32 6
33 3
34 6
35 7
36 4
37 6
38 3
39 4
40 1
41 8
42 4
43 4
DEPOT_SECTION
 1
 -1
 EOF 