NAME: I11553-n44-k6
COMMENT : (Fake et al, No of trucks: 6, Optimal value: )
TYPE : CVRP
DIMENSION : 44
EDGE_WEIGHT_TYPE : EUC_2D
CAPACITY : 35
NODE_COORD_SECTION
1 717 65
2 159 537
3 643 247
4 660 491
5 895 498
6 83 699
7 348 600
8 533 383
9 619 361
10 916 669
11 874 277
12 144 943
13 385 786
14 382 637
15 181 503
16 863 26
17 530 186
18 335 207
19 397 668
20 619 95
21 825 878
22 575 984
23 540 910
24 304 825
25 421 257
26 256 514
27 834 265
28 172 33
29 204 854
30 722 597
31 791 584
32 44 496
33 535 656
34 109 368
35 421 133
36 630 79
37 258 692
38 416 433
39 532 763
40 726 532
41 134 752
42 768 306
43 908 101
44 6 966
DEMAND_SECTION
1 0
2 4
3 7
4 7
5 5
6 3
7 3
8 6
9 7
10 2
11 1
12 6
13 2
14 2
15 7
16 6
17 7
18 2
19 2
20 1
21 5
22 6
23 2
24 4
25 3
26 3
27 6
28 5
29 1
30 2
31 6
32 6
33 7
34 2
35 6
36 3
37 1
38 1
39 2
40 3
41 3
42 1
43 6
44 6
DEPOT_SECTION
 1
 -1
 EOF 