NAME: I11596-n43-k5
COMMENT : (Fake et al, No of trucks: 5, Optimal value: )
TYPE : CVRP
DIMENSION : 43
EDGE_WEIGHT_TYPE : EUC_2D
CAPACITY : 22
NODE_COORD_SECTION
1 497 277
2 662 182
3 699 59
4 865 619
5 103 617
6 938 803
7 139 896
8 851 841
9 135 771
10 709 625
11 941 342
12 606 679
13 530 654
14 177 843
15 438 790
16 50 86
17 430 398
18 225 68
19 843 371
20 919 163
21 758 893
22 291 509
23 143 595
24 416 328
25 76 282
26 410 541
27 351 144
28 669 648
29 199 942
30 751 279
31 437 949
32 414 522
33 531 539
34 80 425
35 75 328
36 848 16
37 258 801
38 580 72
39 227 623
40 622 13
41 692 22
42 553 124
43 120 962
DEMAND_SECTION
1 0
2 2
3 3
4 1
5 3
6 2
7 3
8 3
9 1
10 2
11 3
12 2
13 3
14 3
15 3
16 3
17 1
18 1
19 1
20 2
21 3
22 2
23 3
24 3
25 1
26 1
27 1
28 3
29 1
30 3
31 3
32 2
33 2
34 3
35 3
36 2
37 1
38 1
39 3
40 3
41 3
42 2
43 3
DEPOT_SECTION
 1
 -1
 EOF 