NAME: I11598-n32-k5
COMMENT : (Fake et al, No of trucks: 5, Optimal value: )
TYPE : CVRP
DIMENSION : 32
EDGE_WEIGHT_TYPE : EUC_2D
CAPACITY : 19
NODE_COORD_SECTION
1 768 987
2 371 619
3 667 528
4 945 784
5 18 856
6 732 782
7 961 854
8 601 556
9 124 464
10 192 318
11 51 350
12 713 445
13 819 375
14 41 237
15 732 323
16 723 834
17 731 336
18 216 156
19 974 846
20 377 934
21 331 928
22 179 658
23 474 188
24 818 364
25 956 413
26 97 184
27 853 19
28 307 66
29 342 628
30 141 422
31 692 222
32 252 664
DEMAND_SECTION
1 0
2 2
3 4
4 4
5 3
6 4
7 1
8 3
9 3
10 3
11 4
12 2
13 2
14 4
15 4
16 1
17 2
18 3
19 3
20 1
21 4
22 2
23 1
24 1
25 3
26 1
27 4
28 1
29 1
30 1
31 2
32 3
DEPOT_SECTION
 1
 -1
 EOF 