NAME: I11563-n26-k5
COMMENT : (Fake et al, No of trucks: 5, Optimal value: )
TYPE : CVRP
DIMENSION : 26
EDGE_WEIGHT_TYPE : EUC_2D
CAPACITY : 8
NODE_COORD_SECTION
1 817 521
2 784 323
3 823 337
4 689 802
5 405 103
6 280 768
7 205 628
8 334 737
9 780 532
10 376 523
11 337 114
12 267 328
13 131 97
14 374 36
15 445 520
16 134 852
17 754 341
18 669 745
19 290 901
20 205 878
21 699 412
22 679 245
23 259 639
24 149 292
25 326 632
26 958 251
DEMAND_SECTION
1 0
2 2
3 1
4 2
5 1
6 1
7 1
8 2
9 1
10 1
11 1
12 1
13 1
14 2
15 1
16 1
17 2
18 2
19 2
20 2
21 1
22 1
23 1
24 2
25 1
26 2
DEPOT_SECTION
 1
 -1
 EOF 