NAME: I11624-n48-k3
COMMENT : (Fake et al, No of trucks: 3, Optimal value: )
TYPE : CVRP
DIMENSION : 48
EDGE_WEIGHT_TYPE : EUC_2D
CAPACITY : 19
NODE_COORD_SECTION
1 624 291
2 70 558
3 545 234
4 310 769
5 830 336
6 813 475
7 491 551
8 485 44
9 850 35
10 562 304
11 968 653
12 529 171
13 419 299
14 320 60
15 492 53
16 831 88
17 842 379
18 604 163
19 656 171
20 738 139
21 691 99
22 585 620
23 880 702
24 267 294
25 794 343
26 423 50
27 392 315
28 619 938
29 512 555
30 74 461
31 274 192
32 91 522
33 488 294
34 658 252
35 139 655
36 972 820
37 611 430
38 357 235
39 243 225
40 247 525
41 927 269
42 287 899
43 172 366
44 810 84
45 442 582
46 36 540
47 63 997
48 153 243
DEMAND_SECTION
1 0
2 1
3 1
4 1
5 1
6 1
7 1
8 1
9 1
10 1
11 1
12 1
13 1
14 1
15 1
16 1
17 1
18 1
19 1
20 1
21 1
22 1
23 1
24 1
25 1
26 1
27 1
28 1
29 1
30 1
31 1
32 1
33 1
34 1
35 1
36 1
37 1
38 1
39 1
40 1
41 1
42 1
43 1
44 1
45 1
46 1
47 1
48 1
DEPOT_SECTION
 1
 -1
 EOF 