NAME: I11678-n33-k5
COMMENT : (Fake et al, No of trucks: 5, Optimal value: )
TYPE : CVRP
DIMENSION : 33
EDGE_WEIGHT_TYPE : EUC_2D
CAPACITY : 7
NODE_COORD_SECTION
1 8 749
2 363 984
3 903 748
4 427 783
5 653 547
6 417 820
7 243 358
8 682 504
9 35 887
10 580 566
11 798 604
12 233 848
13 648 271
14 935 838
15 827 575
16 873 616
17 191 462
18 209 780
19 517 360
20 186 572
21 145 491
22 287 662
23 584 673
24 977 737
25 836 23
26 775 437
27 683 16
28 227 120
29 201 381
30 150 429
31 575 70
32 73 742
33 723 952
DEMAND_SECTION
1 0
2 1
3 1
4 1
5 1
6 1
7 1
8 1
9 1
10 1
11 1
12 1
13 1
14 1
15 1
16 1
17 1
18 1
19 1
20 1
21 1
22 1
23 1
24 1
25 1
26 1
27 1
28 1
29 1
30 1
31 1
32 1
33 1
DEPOT_SECTION
 1
 -1
 EOF 