NAME: I11689-n25-k3
COMMENT : (Fake et al, No of trucks: 3, Optimal value: )
TYPE : CVRP
DIMENSION : 25
EDGE_WEIGHT_TYPE : EUC_2D
CAPACITY : 44
NODE_COORD_SECTION
1 836 924
2 500 448
3 251 470
4 221 354
5 833 443
6 240 752
7 422 215
8 414 768
9 1000 230
10 978 450
11 767 135
12 586 849
13 428 755
14 63 495
15 837 499
16 650 253
17 509 948
18 923 934
19 546 910
20 941 886
21 614 428
22 864 952
23 804 686
24 961 825
25 765 722
DEMAND_SECTION
1 0
2 4
3 6
4 4
5 7
6 5
7 7
8 8
9 1
10 4
11 3
12 5
13 6
14 3
15 7
16 2
17 7
18 3
19 8
20 3
21 8
22 7
23 2
24 6
25 3
DEPOT_SECTION
 1
 -1
 EOF 