NAME: I11764-n50-k6
COMMENT : (Fake et al, No of trucks: 6, Optimal value: )
TYPE : CVRP
DIMENSION : 50
EDGE_WEIGHT_TYPE : EUC_2D
CAPACITY : 51
NODE_COORD_SECTION
1 761 48
2 808 492
3 373 164
4 454 928
5 504 653
6 348 93
7 286 288
8 503 420
9 266 877
10 623 334
11 639 505
12 511 701
13 694 116
14 535 366
15 709 432
16 591 264
17 491 24
18 271 207
19 444 836
20 740 519
21 937 658
22 590 762
23 119 468
24 521 526
25 171 973
26 562 94
27 807 165
28 892 802
29 449 956
30 165 133
31 427 181
32 498 755
33 43 859
34 301 882
35 42 619
36 299 699
37 258 437
38 423 378
39 325 636
40 917 229
41 802 549
42 296 31
43 847 421
44 701 742
45 25 689
46 134 376
47 740 37
48 320 252
49 459 906
50 938 816
DEMAND_SECTION
1 0
2 9
3 5
4 5
5 5
6 1
7 11
8 5
9 7
10 6
11 6
12 10
13 10
14 7
15 1
16 6
17 3
18 2
19 7
20 4
21 2
22 5
23 7
24 1
25 11
26 4
27 10
28 3
29 3
30 2
31 6
32 4
33 4
34 8
35 9
36 1
37 11
38 2
39 9
40 2
41 6
42 4
43 3
44 8
45 8
46 1
47 6
48 1
49 9
50 6
DEPOT_SECTION
 1
 -1
 EOF 