NAME: I11794-n30-k5
COMMENT : (Fake et al, No of trucks: 5, Optimal value: )
TYPE : CVRP
DIMENSION : 30
EDGE_WEIGHT_TYPE : EUC_2D
CAPACITY : 9
NODE_COORD_SECTION
1 122 349
2 150 50
3 42 715
4 793 626
5 641 36
6 723 770
7 280 891
8 781 836
9 44 247
10 470 109
11 38 128
12 349 339
13 946 973
14 58 930
15 778 447
16 224 716
17 933 164
18 946 651
19 48 778
20 351 903
21 145 586
22 236 915
23 540 983
24 218 546
25 432 13
26 480 931
27 648 172
28 690 593
29 527 831
30 786 29
DEMAND_SECTION
1 0
2 1
3 1
4 1
5 1
6 2
7 1
8 1
9 1
10 1
11 1
12 2
13 1
14 1
15 2
16 2
17 2
18 2
19 1
20 1
21 1
22 1
23 1
24 2
25 1
26 1
27 1
28 1
29 2
30 2
DEPOT_SECTION
 1
 -1
 EOF 