NAME: I11753-n41-k6
COMMENT : (Fake et al, No of trucks: 6, Optimal value: )
TYPE : CVRP
DIMENSION : 41
EDGE_WEIGHT_TYPE : EUC_2D
CAPACITY : 42
NODE_COORD_SECTION
1 663 425
2 216 790
3 842 985
4 924 554
5 834 384
6 50 66
7 184 458
8 72 504
9 218 647
10 580 796
11 475 634
12 343 636
13 234 161
14 372 183
15 787 650
16 671 223
17 114 185
18 580 718
19 36 292
20 603 527
21 691 675
22 952 641
23 381 434
24 149 202
25 104 391
26 644 691
27 825 54
28 20 272
29 764 778
30 642 932
31 841 877
32 578 956
33 394 150
34 190 205
35 261 247
36 607 990
37 144 578
38 817 923
39 595 448
40 175 398
41 572 639
DEMAND_SECTION
1 0
2 4
3 7
4 3
5 2
6 6
7 1
8 4
9 1
10 1
11 9
12 7
13 8
14 2
15 9
16 5
17 3
18 8
19 7
20 1
21 6
22 2
23 3
24 8
25 4
26 8
27 6
28 9
29 1
30 9
31 3
32 3
33 8
34 4
35 1
36 6
37 9
38 5
39 6
40 6
41 9
DEPOT_SECTION
 1
 -1
 EOF 