NAME: I11702-n28-k5
COMMENT : (Fake et al, No of trucks: 5, Optimal value: )
TYPE : CVRP
DIMENSION : 28
EDGE_WEIGHT_TYPE : EUC_2D
CAPACITY : 30
NODE_COORD_SECTION
1 902 393
2 580 448
3 572 81
4 89 779
5 613 830
6 266 443
7 407 372
8 66 926
9 941 873
10 27 696
11 329 185
12 811 439
13 801 563
14 736 539
15 203 795
16 122 306
17 446 871
18 634 348
19 739 298
20 694 333
21 842 758
22 327 889
23 144 19
24 920 242
25 202 40
26 263 277
27 315 651
28 665 472
DEMAND_SECTION
1 0
2 8
3 6
4 1
5 7
6 2
7 3
8 9
9 8
10 9
11 5
12 7
13 4
14 3
15 7
16 4
17 7
18 1
19 2
20 2
21 4
22 3
23 8
24 9
25 6
26 1
27 4
28 8
DEPOT_SECTION
 1
 -1
 EOF 