NAME: I11738-n42-k3
COMMENT : (Fake et al, No of trucks: 3, Optimal value: )
TYPE : CVRP
DIMENSION : 42
EDGE_WEIGHT_TYPE : EUC_2D
CAPACITY : 103
NODE_COORD_SECTION
1 692 326
2 493 822
3 27 372
4 70 391
5 773 759
6 782 362
7 322 571
8 349 331
9 355 454
10 716 8
11 948 106
12 134 676
13 174 813
14 201 463
15 429 370
16 376 979
17 565 980
18 983 770
19 944 544
20 174 365
21 602 385
22 604 882
23 375 407
24 771 391
25 74 645
26 321 379
27 620 607
28 581 470
29 259 585
30 118 717
31 514 561
32 367 989
33 527 209
34 179 235
35 909 812
36 464 560
37 913 359
38 579 649
39 550 715
40 234 185
41 926 577
42 419 835
DEMAND_SECTION
1 0
2 10
3 3
4 1
5 9
6 7
7 7
8 5
9 10
10 3
11 7
12 4
13 2
14 10
15 5
16 9
17 9
18 10
19 10
20 1
21 2
22 2
23 10
24 6
25 10
26 2
27 5
28 5
29 5
30 5
31 2
32 7
33 6
34 10
35 5
36 7
37 7
38 8
39 8
40 10
41 4
42 5
DEPOT_SECTION
 1
 -1
 EOF 