NAME: I11722-n45-k6
COMMENT : (Fake et al, No of trucks: 6, Optimal value: )
TYPE : CVRP
DIMENSION : 45
EDGE_WEIGHT_TYPE : EUC_2D
CAPACITY : 32
NODE_COORD_SECTION
1 519 862
2 717 901
3 840 784
4 580 33
5 834 498
6 148 96
7 356 668
8 912 853
9 881 747
10 518 494
11 145 931
12 25 255
13 558 620
14 162 913
15 284 663
16 300 787
17 32 103
18 642 559
19 98 437
20 447 173
21 852 477
22 537 806
23 372 69
24 191 817
25 64 751
26 15 867
27 845 558
28 100 498
29 119 96
30 28 236
31 112 727
32 857 881
33 215 106
34 545 368
35 346 300
36 758 14
37 1 17
38 208 891
39 275 686
40 266 357
41 434 31
42 575 593
43 736 870
44 315 904
45 329 643
DEMAND_SECTION
1 0
2 6
3 1
4 6
5 4
6 2
7 6
8 2
9 6
10 1
11 1
12 1
13 6
14 5
15 1
16 5
17 5
18 3
19 6
20 2
21 4
22 2
23 6
24 2
25 4
26 5
27 6
28 6
29 3
30 2
31 5
32 3
33 5
34 1
35 6
36 2
37 2
38 2
39 1
40 5
41 4
42 6
43 2
44 1
45 4
DEPOT_SECTION
 1
 -1
 EOF 