NAME: I11835-n44-k3
COMMENT : (Fake et al, No of trucks: 3, Optimal value: )
TYPE : CVRP
DIMENSION : 44
EDGE_WEIGHT_TYPE : EUC_2D
CAPACITY : 82
NODE_COORD_SECTION
1 770 796
2 38 11
3 712 892
4 791 713
5 834 432
6 759 337
7 486 353
8 168 746
9 849 307
10 186 601
11 548 585
12 975 656
13 415 633
14 52 304
15 211 600
16 259 111
17 778 590
18 981 311
19 699 657
20 393 972
21 456 29
22 835 228
23 591 196
24 899 116
25 480 677
26 516 65
27 623 4
28 132 922
29 908 382
30 948 892
31 137 403
32 649 460
33 27 679
34 55 1
35 647 441
36 289 280
37 130 4
38 374 877
39 648 527
40 140 811
41 466 949
42 386 765
43 441 872
44 992 416
DEMAND_SECTION
1 0
2 8
3 1
4 8
5 9
6 9
7 6
8 2
9 7
10 7
11 5
12 7
13 1
14 9
15 2
16 2
17 7
18 6
19 1
20 2
21 5
22 7
23 6
24 6
25 3
26 2
27 6
28 1
29 8
30 6
31 9
32 6
33 6
34 8
35 6
36 7
37 3
38 7
39 2
40 7
41 3
42 4
43 6
44 4
DEPOT_SECTION
 1
 -1
 EOF 