NAME: I11803-n32-k4
COMMENT : (Fake et al, No of trucks: 4, Optimal value: )
TYPE : CVRP
DIMENSION : 32
EDGE_WEIGHT_TYPE : EUC_2D
CAPACITY : 46
NODE_COORD_SECTION
1 286 402
2 820 32
3 657 243
4 792 80
5 389 57
6 545 63
7 692 130
8 963 323
9 799 759
10 927 972
11 629 839
12 625 125
13 464 470
14 12 873
15 483 617
16 473 998
17 262 261
18 870 429
19 296 263
20 392 764
21 157 201
22 851 650
23 259 767
24 164 81
25 829 366
26 68 176
27 610 307
28 733 266
29 4 877
30 653 52
31 815 343
32 269 41
DEMAND_SECTION
1 0
2 10
3 10
4 5
5 9
6 3
7 6
8 4
9 7
10 7
11 1
12 1
13 7
14 7
15 9
16 1
17 10
18 7
19 6
20 10
21 9
22 6
23 1
24 3
25 2
26 2
27 2
28 1
29 5
30 4
31 3
32 5
DEPOT_SECTION
 1
 -1
 EOF 