NAME: I1192-n26-k3
COMMENT : (Fake et al, No of trucks: 3, Optimal value: )
TYPE : CVRP
DIMENSION : 26
EDGE_WEIGHT_TYPE : EUC_2D
CAPACITY : 53
NODE_COORD_SECTION
1 512 23
2 851 178
3 775 350
4 652 749
5 234 92
6 847 11
7 530 916
8 846 400
9 370 340
10 57 51
11 501 527
12 142 834
13 279 427
14 832 995
15 601 140
16 33 981
17 636 771
18 652 610
19 242 277
20 481 544
21 303 563
22 1 313
23 428 48
24 982 664
25 702 148
26 680 337
DEMAND_SECTION
1 0
2 6
3 6
4 9
5 7
6 9
7 7
8 8
9 8
10 5
11 9
12 2
13 1
14 3
15 3
16 3
17 4
18 4
19 8
20 5
21 6
22 3
23 8
24 3
25 5
26 6
DEPOT_SECTION
 1
 -1
 EOF 