NAME: I11911-n50-k4
COMMENT : (Fake et al, No of trucks: 4, Optimal value: )
TYPE : CVRP
DIMENSION : 50
EDGE_WEIGHT_TYPE : EUC_2D
CAPACITY : 80
NODE_COORD_SECTION
1 122 201
2 443 271
3 708 618
4 119 345
5 966 294
6 477 212
7 238 195
8 285 519
9 218 225
10 576 341
11 792 943
12 976 777
13 965 580
14 815 398
15 412 890
16 799 191
17 583 374
18 313 348
19 167 130
20 619 186
21 185 960
22 563 11
23 473 398
24 449 351
25 191 678
26 147 711
27 792 722
28 455 733
29 712 182
30 902 324
31 275 912
32 492 899
33 66 157
34 241 980
35 417 953
36 428 664
37 982 529
38 256 965
39 433 956
40 471 276
41 574 775
42 934 237
43 107 243
44 282 940
45 604 909
46 584 123
47 629 22
48 14 203
49 435 855
50 765 485
DEMAND_SECTION
1 0
2 2
3 1
4 8
5 1
6 4
7 5
8 9
9 8
10 7
11 4
12 9
13 3
14 5
15 5
16 9
17 5
18 7
19 10
20 9
21 6
22 5
23 4
24 6
25 8
26 6
27 6
28 2
29 6
30 7
31 8
32 5
33 2
34 5
35 10
36 3
37 4
38 10
39 2
40 7
41 7
42 10
43 5
44 5
45 4
46 10
47 8
48 4
49 9
50 5
DEPOT_SECTION
 1
 -1
 EOF 