NAME: I11950-n49-k5
COMMENT : (Fake et al, No of trucks: 5, Optimal value: )
TYPE : CVRP
DIMENSION : 49
EDGE_WEIGHT_TYPE : EUC_2D
CAPACITY : 41
NODE_COORD_SECTION
1 251 513
2 237 709
3 803 779
4 93 867
5 449 174
6 276 186
7 758 792
8 215 500
9 197 774
10 866 799
11 864 978
12 357 189
13 1 251
14 476 290
15 765 230
16 524 631
17 739 263
18 556 346
19 235 999
20 518 225
21 326 316
22 169 523
23 191 145
24 127 5
25 401 283
26 453 897
27 445 308
28 878 81
29 53 172
30 504 218
31 533 369
32 592 901
33 612 842
34 114 629
35 997 401
36 15 559
37 288 988
38 212 60
39 336 409
40 558 98
41 410 373
42 640 763
43 467 729
44 642 999
45 549 752
46 505 692
47 811 417
48 932 728
49 149 261
DEMAND_SECTION
1 0
2 5
3 6
4 6
5 6
6 2
7 6
8 4
9 5
10 1
11 4
12 4
13 4
14 6
15 5
16 3
17 2
18 1
19 4
20 6
21 2
22 2
23 3
24 1
25 4
26 2
27 3
28 5
29 3
30 2
31 1
32 5
33 2
34 5
35 3
36 2
37 6
38 6
39 2
40 3
41 4
42 4
43 4
44 2
45 2
46 2
47 4
48 5
49 3
DEPOT_SECTION
 1
 -1
 EOF 