NAME: I11903-n49-k3
COMMENT : (Fake et al, No of trucks: 3, Optimal value: )
TYPE : CVRP
DIMENSION : 49
EDGE_WEIGHT_TYPE : EUC_2D
CAPACITY : 28
NODE_COORD_SECTION
1 775 416
2 264 205
3 577 775
4 719 851
5 349 57
6 604 158
7 875 554
8 869 918
9 776 204
10 908 723
11 410 764
12 131 640
13 628 759
14 853 459
15 787 584
16 70 959
17 554 463
18 835 365
19 460 998
20 89 294
21 611 13
22 264 155
23 227 177
24 664 331
25 99 216
26 25 826
27 410 564
28 310 358
29 20 788
30 192 594
31 323 714
32 685 768
33 717 773
34 814 515
35 131 703
36 331 771
37 58 940
38 690 776
39 509 894
40 960 756
41 816 48
42 354 338
43 920 978
44 60 455
45 861 933
46 141 334
47 192 362
48 613 534
49 497 216
DEMAND_SECTION
1 0
2 1
3 1
4 2
5 2
6 2
7 1
8 1
9 1
10 1
11 1
12 2
13 1
14 2
15 2
16 2
17 1
18 2
19 2
20 1
21 1
22 2
23 2
24 1
25 1
26 1
27 1
28 1
29 2
30 2
31 1
32 2
33 1
34 2
35 2
36 1
37 1
38 1
39 2
40 1
41 2
42 2
43 2
44 2
45 2
46 1
47 1
48 1
49 1
DEPOT_SECTION
 1
 -1
 EOF 