NAME: I11956-n40-k4
COMMENT : (Fake et al, No of trucks: 4, Optimal value: )
TYPE : CVRP
DIMENSION : 40
EDGE_WEIGHT_TYPE : EUC_2D
CAPACITY : 14
NODE_COORD_SECTION
1 213 293
2 429 79
3 580 935
4 758 338
5 74 232
6 267 715
7 598 635
8 630 914
9 37 463
10 185 381
11 146 345
12 821 529
13 550 50
14 402 604
15 299 965
16 738 689
17 422 432
18 511 772
19 128 979
20 249 161
21 103 821
22 324 402
23 994 299
24 319 505
25 446 816
26 88 256
27 820 526
28 357 868
29 718 547
30 553 923
31 344 532
32 176 38
33 137 527
34 397 264
35 484 744
36 57 560
37 979 937
38 643 175
39 120 706
40 461 179
DEMAND_SECTION
1 0
2 2
3 1
4 1
5 1
6 1
7 2
8 1
9 1
10 1
11 2
12 1
13 1
14 1
15 1
16 1
17 1
18 1
19 2
20 1
21 2
22 1
23 1
24 1
25 1
26 2
27 1
28 2
29 2
30 2
31 1
32 1
33 2
34 1
35 2
36 1
37 1
38 1
39 2
40 1
DEPOT_SECTION
 1
 -1
 EOF 