NAME: I11987-n24-k4
COMMENT : (Fake et al, No of trucks: 4, Optimal value: )
TYPE : CVRP
DIMENSION : 24
EDGE_WEIGHT_TYPE : EUC_2D
CAPACITY : 11
NODE_COORD_SECTION
1 633 515
2 693 295
3 152 124
4 95 103
5 149 698
6 72 584
7 438 466
8 896 880
9 183 632
10 576 973
11 584 185
12 800 836
13 316 539
14 976 42
15 520 125
16 797 685
17 864 631
18 692 939
19 655 499
20 708 118
21 298 935
22 501 655
23 544 725
24 831 564
DEMAND_SECTION
1 0
2 2
3 1
4 2
5 3
6 2
7 2
8 2
9 2
10 1
11 1
12 1
13 2
14 2
15 1
16 3
17 1
18 1
19 1
20 3
21 1
22 1
23 2
24 3
DEPOT_SECTION
 1
 -1
 EOF 