NAME: I12012-n30-k6
COMMENT : (Fake et al, No of trucks: 6, Optimal value: )
TYPE : CVRP
DIMENSION : 30
EDGE_WEIGHT_TYPE : EUC_2D
CAPACITY : 20
NODE_COORD_SECTION
1 593 381
2 892 782
3 644 231
4 662 718
5 772 88
6 123 153
7 860 479
8 801 347
9 443 892
10 721 521
11 784 189
12 685 936
13 625 161
14 902 849
15 790 266
16 675 119
17 99 76
18 685 575
19 612 44
20 230 295
21 700 673
22 657 141
23 896 474
24 750 884
25 315 158
26 252 632
27 837 115
28 531 303
29 725 971
30 190 356
DEMAND_SECTION
1 0
2 3
3 1
4 4
5 5
6 7
7 2
8 4
9 3
10 4
11 1
12 2
13 5
14 3
15 4
16 2
17 3
18 4
19 3
20 3
21 2
22 5
23 3
24 4
25 1
26 1
27 4
28 3
29 5
30 5
DEPOT_SECTION
 1
 -1
 EOF 