NAME: I1213-n44-k5
COMMENT : (Fake et al, No of trucks: 5, Optimal value: )
TYPE : CVRP
DIMENSION : 44
EDGE_WEIGHT_TYPE : EUC_2D
CAPACITY : 27
NODE_COORD_SECTION
1 576 614
2 951 939
3 525 285
4 305 632
5 145 305
6 413 395
7 993 308
8 627 161
9 316 33
10 496 533
11 329 661
12 708 206
13 793 61
14 984 816
15 868 912
16 695 406
17 829 902
18 952 505
19 518 160
20 244 182
21 20 754
22 296 269
23 367 223
24 626 335
25 474 958
26 173 317
27 225 48
28 901 904
29 990 640
30 598 585
31 459 998
32 556 637
33 708 339
34 869 39
35 397 442
36 500 58
37 429 400
38 418 897
39 25 419
40 19 113
41 213 900
42 496 573
43 44 919
44 229 275
DEMAND_SECTION
1 0
2 2
3 5
4 4
5 5
6 3
7 2
8 2
9 1
10 4
11 2
12 3
13 2
14 4
15 5
16 4
17 2
18 4
19 4
20 3
21 1
22 1
23 4
24 4
25 1
26 2
27 3
28 4
29 5
30 5
31 4
32 2
33 2
34 3
35 5
36 4
37 1
38 2
39 2
40 2
41 2
42 1
43 1
44 1
DEPOT_SECTION
 1
 -1
 EOF 