NAME: I12112-n24-k5
COMMENT : (Fake et al, No of trucks: 5, Optimal value: )
TYPE : CVRP
DIMENSION : 24
EDGE_WEIGHT_TYPE : EUC_2D
CAPACITY : 31
NODE_COORD_SECTION
1 576 828
2 896 346
3 907 6
4 76 298
5 185 479
6 212 924
7 784 851
8 5 408
9 141 396
10 940 565
11 55 981
12 150 351
13 862 93
14 443 915
15 30 252
16 616 386
17 256 909
18 108 283
19 992 102
20 696 433
21 557 218
22 949 527
23 35 930
24 563 6
DEMAND_SECTION
1 0
2 9
3 7
4 3
5 2
6 9
7 5
8 4
9 8
10 10
11 1
12 9
13 1
14 7
15 8
16 6
17 6
18 11
19 7
20 10
21 8
22 1
23 8
24 3
DEPOT_SECTION
 1
 -1
 EOF 