NAME: I12155-n31-k3
COMMENT : (Fake et al, No of trucks: 3, Optimal value: )
TYPE : CVRP
DIMENSION : 31
EDGE_WEIGHT_TYPE : EUC_2D
CAPACITY : 53
NODE_COORD_SECTION
1 38 382
2 697 213
3 103 704
4 866 892
5 944 836
6 629 416
7 979 521
8 848 943
9 791 497
10 256 264
11 100 982
12 473 54
13 625 398
14 842 442
15 338 315
16 788 326
17 21 323
18 290 937
19 730 339
20 220 548
21 292 140
22 934 102
23 570 33
24 997 450
25 601 263
26 727 717
27 177 709
28 362 473
29 971 832
30 301 137
31 923 327
DEMAND_SECTION
1 0
2 7
3 4
4 6
5 8
6 2
7 5
8 8
9 2
10 1
11 3
12 5
13 8
14 5
15 4
16 5
17 3
18 5
19 8
20 3
21 3
22 7
23 2
24 3
25 5
26 5
27 5
28 1
29 1
30 4
31 7
DEPOT_SECTION
 1
 -1
 EOF 