NAME: I12126-n24-k5
COMMENT : (Fake et al, No of trucks: 5, Optimal value: )
TYPE : CVRP
DIMENSION : 24
EDGE_WEIGHT_TYPE : EUC_2D
CAPACITY : 11
NODE_COORD_SECTION
1 526 18
2 507 252
3 569 66
4 796 276
5 264 715
6 151 982
7 656 525
8 148 317
9 308 825
10 310 636
11 748 748
12 193 629
13 451 963
14 869 390
15 657 333
16 781 573
17 477 491
18 278 8
19 719 419
20 982 614
21 951 703
22 351 56
23 100 104
24 1 660
DEMAND_SECTION
1 0
2 1
3 3
4 4
5 4
6 2
7 2
8 1
9 1
10 1
11 2
12 4
13 1
14 3
15 3
16 1
17 1
18 2
19 2
20 4
21 2
22 1
23 2
24 2
DEPOT_SECTION
 1
 -1
 EOF 