NAME: I12422-n41-k6
COMMENT : (Fake et al, No of trucks: 6, Optimal value: )
TYPE : CVRP
DIMENSION : 41
EDGE_WEIGHT_TYPE : EUC_2D
CAPACITY : 8
NODE_COORD_SECTION
1 103 895
2 217 833
3 180 837
4 889 338
5 347 807
6 558 341
7 739 922
8 643 803
9 494 358
10 405 287
11 572 251
12 603 92
13 893 264
14 643 407
15 293 998
16 353 21
17 287 402
18 355 902
19 220 255
20 371 697
21 676 433
22 443 323
23 591 757
24 141 702
25 695 569
26 966 274
27 873 186
28 310 436
29 385 204
30 397 729
31 50 158
32 497 221
33 17 873
34 920 245
35 836 122
36 876 341
37 246 999
38 262 403
39 141 365
40 602 495
41 64 890
DEMAND_SECTION
1 0
2 1
3 1
4 1
5 1
6 1
7 1
8 1
9 1
10 1
11 1
12 1
13 1
14 1
15 1
16 1
17 1
18 1
19 1
20 1
21 1
22 1
23 1
24 1
25 1
26 1
27 1
28 1
29 1
30 1
31 1
32 1
33 1
34 1
35 1
36 1
37 1
38 1
39 1
40 1
41 1
DEPOT_SECTION
 1
 -1
 EOF 