NAME: I12429-n34-k3
COMMENT : (Fake et al, No of trucks: 3, Optimal value: )
TYPE : CVRP
DIMENSION : 34
EDGE_WEIGHT_TYPE : EUC_2D
CAPACITY : 29
NODE_COORD_SECTION
1 47 169
2 170 910
3 782 792
4 385 588
5 946 229
6 543 436
7 193 1000
8 440 464
9 615 791
10 759 6
11 32 242
12 15 375
13 922 652
14 152 67
15 240 644
16 107 377
17 606 471
18 944 241
19 763 23
20 143 13
21 771 522
22 733 281
23 86 198
24 505 778
25 758 236
26 729 318
27 671 765
28 712 491
29 887 240
30 126 548
31 414 5
32 421 651
33 811 470
34 277 595
DEMAND_SECTION
1 0
2 1
3 2
4 1
5 4
6 1
7 1
8 3
9 3
10 4
11 1
12 1
13 2
14 1
15 2
16 3
17 2
18 3
19 4
20 4
21 3
22 1
23 1
24 1
25 2
26 2
27 3
28 1
29 2
30 2
31 4
32 3
33 1
34 1
DEPOT_SECTION
 1
 -1
 EOF 