NAME: I12498-n47-k6
COMMENT : (Fake et al, No of trucks: 6, Optimal value: )
TYPE : CVRP
DIMENSION : 47
EDGE_WEIGHT_TYPE : EUC_2D
CAPACITY : 26
NODE_COORD_SECTION
1 940 899
2 265 369
3 402 848
4 780 702
5 211 789
6 544 566
7 30 823
8 987 966
9 477 44
10 789 171
11 581 833
12 799 729
13 66 447
14 824 301
15 924 737
16 828 41
17 176 618
18 437 704
19 46 293
20 926 537
21 576 761
22 409 288
23 192 313
24 674 639
25 813 55
26 612 607
27 723 631
28 816 854
29 834 97
30 629 84
31 383 125
32 430 869
33 368 647
34 31 794
35 453 270
36 495 525
37 107 327
38 759 253
39 903 284
40 570 183
41 879 430
42 508 188
43 779 823
44 305 355
45 848 250
46 655 699
47 360 120
DEMAND_SECTION
1 0
2 4
3 3
4 3
5 1
6 3
7 3
8 2
9 5
10 5
11 3
12 3
13 2
14 5
15 2
16 2
17 2
18 4
19 5
20 2
21 3
22 3
23 2
24 1
25 1
26 4
27 5
28 1
29 1
30 2
31 3
32 3
33 3
34 3
35 5
36 4
37 4
38 3
39 1
40 4
41 5
42 1
43 4
44 4
45 3
46 1
47 2
DEPOT_SECTION
 1
 -1
 EOF 