NAME: I12579-n24-k6
COMMENT : (Fake et al, No of trucks: 6, Optimal value: )
TYPE : CVRP
DIMENSION : 24
EDGE_WEIGHT_TYPE : EUC_2D
CAPACITY : 10
NODE_COORD_SECTION
1 999 441
2 562 507
3 18 5
4 151 379
5 753 480
6 852 837
7 434 820
8 660 149
9 528 721
10 869 113
11 944 528
12 420 534
13 259 908
14 561 853
15 827 100
16 510 75
17 779 319
18 319 307
19 413 733
20 935 774
21 671 95
22 193 790
23 326 763
24 280 402
DEMAND_SECTION
1 0
2 3
3 2
4 3
5 2
6 3
7 3
8 1
9 2
10 3
11 2
12 3
13 3
14 2
15 1
16 1
17 3
18 1
19 3
20 2
21 2
22 2
23 1
24 2
DEPOT_SECTION
 1
 -1
 EOF 