NAME: I12546-n47-k5
COMMENT : (Fake et al, No of trucks: 5, Optimal value: )
TYPE : CVRP
DIMENSION : 47
EDGE_WEIGHT_TYPE : EUC_2D
CAPACITY : 21
NODE_COORD_SECTION
1 1 160
2 257 63
3 170 691
4 418 719
5 516 168
6 414 257
7 880 14
8 725 618
9 618 498
10 306 259
11 864 701
12 846 232
13 782 125
14 849 626
15 691 289
16 632 290
17 465 450
18 893 615
19 584 610
20 610 570
21 756 345
22 271 538
23 167 587
24 542 7
25 263 21
26 416 6
27 838 273
28 968 523
29 865 850
30 917 606
31 928 691
32 5 824
33 477 327
34 378 56
35 481 407
36 531 769
37 165 588
38 227 507
39 170 489
40 235 106
41 610 156
42 814 926
43 491 890
44 936 115
45 442 539
46 445 239
47 602 490
DEMAND_SECTION
1 0
2 3
3 2
4 1
5 3
6 2
7 2
8 3
9 1
10 2
11 2
12 1
13 2
14 3
15 2
16 1
17 2
18 1
19 3
20 1
21 2
22 2
23 1
24 2
25 3
26 2
27 2
28 1
29 3
30 1
31 2
32 1
33 2
34 2
35 2
36 1
37 2
38 3
39 1
40 2
41 2
42 1
43 1
44 3
45 3
46 3
47 2
DEPOT_SECTION
 1
 -1
 EOF 