NAME: I12571-n48-k6
COMMENT : (Fake et al, No of trucks: 6, Optimal value: )
TYPE : CVRP
DIMENSION : 48
EDGE_WEIGHT_TYPE : EUC_2D
CAPACITY : 51
NODE_COORD_SECTION
1 777 329
2 97 248
3 728 588
4 909 106
5 625 427
6 919 560
7 372 307
8 187 429
9 825 319
10 877 253
11 834 109
12 255 218
13 214 568
14 648 473
15 253 2
16 755 714
17 250 275
18 485 167
19 615 896
20 146 112
21 163 96
22 92 59
23 401 837
24 491 70
25 15 356
26 926 425
27 371 669
28 156 517
29 175 641
30 827 885
31 216 48
32 981 944
33 214 958
34 440 383
35 503 942
36 720 768
37 249 662
38 128 311
39 527 727
40 170 894
41 445 352
42 699 761
43 44 273
44 835 898
45 54 946
46 491 328
47 161 546
48 423 0
DEMAND_SECTION
1 0
2 3
3 4
4 3
5 4
6 9
7 1
8 5
9 3
10 6
11 6
12 8
13 8
14 2
15 5
16 3
17 2
18 10
19 8
20 8
21 5
22 8
23 1
24 3
25 9
26 9
27 6
28 4
29 6
30 3
31 2
32 1
33 10
34 10
35 7
36 4
37 9
38 8
39 9
40 8
41 9
42 8
43 2
44 5
45 2
46 9
47 2
48 5
DEPOT_SECTION
 1
 -1
 EOF 