NAME: I12573-n49-k4
COMMENT : (Fake et al, No of trucks: 4, Optimal value: )
TYPE : CVRP
DIMENSION : 49
EDGE_WEIGHT_TYPE : EUC_2D
CAPACITY : 13
NODE_COORD_SECTION
1 811 214
2 367 267
3 470 140
4 969 468
5 8 876
6 75 776
7 812 504
8 268 689
9 939 428
10 177 316
11 317 93
12 264 380
13 497 305
14 420 883
15 448 404
16 638 526
17 508 711
18 793 990
19 90 785
20 125 424
21 48 959
22 846 757
23 251 179
24 333 445
25 318 35
26 797 739
27 803 770
28 772 53
29 428 389
30 544 105
31 878 282
32 492 32
33 544 901
34 164 19
35 885 584
36 130 877
37 63 906
38 978 663
39 873 241
40 20 757
41 835 276
42 570 670
43 701 429
44 67 730
45 197 139
46 532 461
47 358 422
48 744 64
49 499 829
DEMAND_SECTION
1 0
2 1
3 1
4 1
5 1
6 1
7 1
8 1
9 1
10 1
11 1
12 1
13 1
14 1
15 1
16 1
17 1
18 1
19 1
20 1
21 1
22 1
23 1
24 1
25 1
26 1
27 1
28 1
29 1
30 1
31 1
32 1
33 1
34 1
35 1
36 1
37 1
38 1
39 1
40 1
41 1
42 1
43 1
44 1
45 1
46 1
47 1
48 1
49 1
DEPOT_SECTION
 1
 -1
 EOF 