NAME: I12522-n50-k3
COMMENT : (Fake et al, No of trucks: 3, Optimal value: )
TYPE : CVRP
DIMENSION : 50
EDGE_WEIGHT_TYPE : EUC_2D
CAPACITY : 71
NODE_COORD_SECTION
1 972 351
2 185 503
3 58 360
4 857 207
5 403 441
6 172 909
7 289 384
8 55 700
9 433 597
10 852 581
11 392 615
12 321 198
13 4 224
14 103 112
15 482 931
16 639 993
17 527 719
18 653 295
19 224 349
20 863 728
21 954 786
22 510 18
23 294 315
24 986 126
25 359 273
26 896 437
27 779 560
28 251 231
29 157 392
30 854 280
31 155 944
32 432 470
33 514 98
34 224 620
35 649 751
36 715 908
37 80 593
38 929 568
39 320 799
40 491 236
41 903 157
42 810 878
43 521 310
44 681 968
45 854 590
46 200 149
47 641 944
48 465 439
49 254 520
50 35 520
DEMAND_SECTION
1 0
2 6
3 3
4 6
5 2
6 2
7 3
8 1
9 6
10 6
11 2
12 3
13 5
14 2
15 4
16 4
17 6
18 5
19 2
20 3
21 4
22 4
23 2
24 2
25 1
26 4
27 1
28 6
29 1
30 6
31 4
32 5
33 6
34 1
35 3
36 6
37 3
38 6
39 6
40 5
41 4
42 5
43 4
44 6
45 6
46 2
47 2
48 4
49 6
50 5
DEPOT_SECTION
 1
 -1
 EOF 