NAME: I12662-n42-k3
COMMENT : (Fake et al, No of trucks: 3, Optimal value: )
TYPE : CVRP
DIMENSION : 42
EDGE_WEIGHT_TYPE : EUC_2D
CAPACITY : 89
NODE_COORD_SECTION
1 18 838
2 775 208
3 827 741
4 873 789
5 157 278
6 169 81
7 328 206
8 724 523
9 599 699
10 820 339
11 132 77
12 278 204
13 400 283
14 439 5
15 720 124
16 298 428
17 19 269
18 308 234
19 62 589
20 106 941
21 791 765
22 876 516
23 502 818
24 614 1
25 760 478
26 6 533
27 237 914
28 114 324
29 13 182
30 238 126
31 31 29
32 10 373
33 64 64
34 178 850
35 787 975
36 956 115
37 99 732
38 999 209
39 203 646
40 289 769
41 203 11
42 680 927
DEMAND_SECTION
1 0
2 9
3 9
4 5
5 5
6 4
7 3
8 2
9 9
10 9
11 8
12 1
13 8
14 6
15 7
16 5
17 7
18 1
19 5
20 1
21 7
22 4
23 8
24 1
25 7
26 8
27 4
28 5
29 3
30 5
31 5
32 3
33 1
34 2
35 6
36 5
37 9
38 4
39 9
40 6
41 9
42 6
DEPOT_SECTION
 1
 -1
 EOF 