NAME: I12634-n45-k4
COMMENT : (Fake et al, No of trucks: 4, Optimal value: )
TYPE : CVRP
DIMENSION : 45
EDGE_WEIGHT_TYPE : EUC_2D
CAPACITY : 53
NODE_COORD_SECTION
1 998 53
2 413 155
3 34 4
4 920 66
5 710 361
6 350 117
7 312 253
8 15 122
9 974 187
10 773 402
11 394 574
12 831 0
13 410 988
14 947 397
15 257 258
16 966 831
17 184 517
18 990 625
19 339 120
20 702 667
21 181 875
22 194 107
23 846 91
24 930 546
25 862 905
26 769 223
27 631 962
28 423 111
29 798 903
30 681 790
31 8 171
32 652 839
33 98 215
34 682 862
35 196 663
36 724 539
37 458 9
38 663 434
39 313 547
40 388 601
41 125 749
42 746 260
43 850 381
44 941 810
45 386 896
DEMAND_SECTION
1 0
2 1
3 5
4 3
5 7
6 2
7 1
8 1
9 5
10 5
11 2
12 2
13 6
14 8
15 5
16 7
17 8
18 8
19 2
20 1
21 7
22 4
23 5
24 2
25 1
26 6
27 2
28 3
29 2
30 8
31 4
32 6
33 1
34 1
35 1
36 5
37 3
38 3
39 5
40 2
41 8
42 3
43 6
44 7
45 7
DEPOT_SECTION
 1
 -1
 EOF 