NAME: I12788-n37-k4
COMMENT : (Fake et al, No of trucks: 4, Optimal value: )
TYPE : CVRP
DIMENSION : 37
EDGE_WEIGHT_TYPE : EUC_2D
CAPACITY : 39
NODE_COORD_SECTION
1 869 100
2 955 820
3 905 420
4 466 803
5 60 635
6 800 65
7 432 67
8 347 962
9 807 550
10 340 782
11 201 898
12 747 62
13 420 671
14 373 398
15 729 663
16 883 878
17 545 904
18 926 615
19 286 709
20 892 754
21 915 321
22 220 896
23 291 804
24 656 283
25 731 441
26 810 421
27 842 613
28 830 193
29 824 882
30 817 707
31 153 154
32 448 618
33 279 641
34 946 536
35 148 459
36 587 835
37 625 816
DEMAND_SECTION
1 0
2 6
3 6
4 4
5 2
6 1
7 4
8 6
9 4
10 3
11 3
12 1
13 2
14 6
15 5
16 1
17 1
18 6
19 5
20 7
21 5
22 1
23 2
24 5
25 2
26 6
27 4
28 3
29 5
30 3
31 3
32 4
33 1
34 4
35 3
36 3
37 7
DEPOT_SECTION
 1
 -1
 EOF 