NAME: I12757-n25-k4
COMMENT : (Fake et al, No of trucks: 4, Optimal value: )
TYPE : CVRP
DIMENSION : 25
EDGE_WEIGHT_TYPE : EUC_2D
CAPACITY : 14
NODE_COORD_SECTION
1 464 638
2 832 720
3 707 504
4 9 557
5 591 189
6 755 158
7 185 38
8 398 877
9 80 102
10 219 643
11 23 49
12 856 278
13 180 548
14 443 66
15 314 654
16 511 277
17 426 235
18 301 699
19 691 644
20 600 871
21 921 360
22 40 274
23 240 823
24 134 146
25 395 438
DEMAND_SECTION
1 0
2 3
3 3
4 1
5 3
6 3
7 3
8 1
9 3
10 1
11 1
12 3
13 1
14 1
15 1
16 2
17 2
18 3
19 2
20 2
21 3
22 2
23 1
24 1
25 2
DEPOT_SECTION
 1
 -1
 EOF 