NAME: I12728-n28-k6
COMMENT : (Fake et al, No of trucks: 6, Optimal value: )
TYPE : CVRP
DIMENSION : 28
EDGE_WEIGHT_TYPE : EUC_2D
CAPACITY : 23
NODE_COORD_SECTION
1 606 767
2 611 840
3 195 299
4 225 969
5 420 803
6 331 121
7 943 342
8 559 322
9 38 944
10 854 637
11 16 452
12 53 852
13 131 162
14 645 581
15 623 697
16 178 27
17 550 903
18 356 145
19 818 130
20 788 105
21 428 865
22 380 606
23 165 440
24 968 391
25 104 532
26 272 118
27 793 927
28 176 682
DEMAND_SECTION
1 0
2 5
3 2
4 6
5 8
6 1
7 4
8 3
9 3
10 8
11 2
12 6
13 3
14 5
15 8
16 5
17 5
18 4
19 7
20 6
21 8
22 7
23 1
24 1
25 5
26 7
27 3
28 3
DEPOT_SECTION
 1
 -1
 EOF 