NAME: I12796-n35-k6
COMMENT : (Fake et al, No of trucks: 6, Optimal value: )
TYPE : CVRP
DIMENSION : 35
EDGE_WEIGHT_TYPE : EUC_2D
CAPACITY : 20
NODE_COORD_SECTION
1 149 452
2 690 876
3 735 53
4 218 203
5 826 852
6 831 154
7 152 988
8 163 920
9 340 444
10 795 829
11 493 615
12 275 204
13 238 253
14 426 534
15 264 499
16 467 536
17 37 602
18 355 496
19 2 524
20 565 72
21 459 578
22 981 888
23 551 294
24 803 861
25 281 640
26 372 690
27 506 198
28 805 182
29 994 689
30 74 971
31 144 41
32 358 689
33 238 232
34 293 365
35 243 802
DEMAND_SECTION
1 0
2 3
3 2
4 5
5 3
6 2
7 5
8 2
9 1
10 1
11 1
12 3
13 1
14 1
15 1
16 1
17 3
18 5
19 4
20 5
21 3
22 3
23 5
24 5
25 2
26 1
27 2
28 4
29 5
30 3
31 4
32 2
33 3
34 5
35 5
DEPOT_SECTION
 1
 -1
 EOF 