NAME: I127-n42-k6
COMMENT : (Fake et al, No of trucks: 6, Optimal value: )
TYPE : CVRP
DIMENSION : 42
EDGE_WEIGHT_TYPE : EUC_2D
CAPACITY : 21
NODE_COORD_SECTION
1 787 392
2 683 155
3 504 87
4 560 817
5 60 437
6 896 440
7 257 712
8 475 714
9 450 243
10 295 363
11 221 747
12 368 439
13 706 477
14 676 926
15 947 328
16 465 398
17 528 48
18 486 616
19 674 131
20 925 547
21 50 401
22 495 986
23 1000 789
24 799 489
25 984 33
26 235 353
27 969 116
28 879 13
29 925 836
30 746 678
31 343 939
32 444 608
33 490 441
34 26 768
35 378 300
36 845 20
37 302 532
38 476 266
39 403 486
40 113 365
41 466 10
42 567 359
DEMAND_SECTION
1 0
2 1
3 2
4 2
5 3
6 2
7 3
8 2
9 2
10 3
11 1
12 2
13 3
14 1
15 3
16 1
17 4
18 3
19 4
20 3
21 3
22 3
23 1
24 3
25 4
26 4
27 2
28 4
29 3
30 3
31 4
32 3
33 2
34 3
35 1
36 2
37 3
38 1
39 1
40 3
41 3
42 1
DEPOT_SECTION
 1
 -1
 EOF 