NAME: I12812-n48-k4
COMMENT : (Fake et al, No of trucks: 4, Optimal value: )
TYPE : CVRP
DIMENSION : 48
EDGE_WEIGHT_TYPE : EUC_2D
CAPACITY : 67
NODE_COORD_SECTION
1 765 308
2 892 678
3 97 616
4 333 243
5 943 645
6 6 775
7 253 99
8 437 472
9 159 51
10 278 90
11 901 761
12 82 440
13 416 691
14 121 84
15 36 992
16 411 104
17 511 49
18 896 14
19 563 825
20 322 409
21 189 333
22 820 725
23 635 98
24 68 987
25 100 610
26 998 920
27 162 883
28 953 54
29 545 107
30 859 857
31 650 50
32 846 713
33 296 107
34 862 29
35 820 338
36 161 226
37 637 257
38 638 531
39 49 871
40 515 83
41 839 343
42 385 827
43 960 357
44 387 255
45 547 628
46 200 854
47 580 287
48 224 651
DEMAND_SECTION
1 0
2 8
3 6
4 4
5 6
6 5
7 5
8 1
9 2
10 9
11 3
12 6
13 5
14 6
15 1
16 7
17 1
18 3
19 3
20 9
21 8
22 3
23 5
24 3
25 7
26 7
27 8
28 4
29 8
30 6
31 4
32 2
33 4
34 3
35 9
36 3
37 1
38 1
39 1
40 9
41 4
42 8
43 6
44 7
45 7
46 8
47 9
48 7
DEPOT_SECTION
 1
 -1
 EOF 