NAME: I12851-n46-k4
COMMENT : (Fake et al, No of trucks: 4, Optimal value: )
TYPE : CVRP
DIMENSION : 46
EDGE_WEIGHT_TYPE : EUC_2D
CAPACITY : 43
NODE_COORD_SECTION
1 180 584
2 542 760
3 258 942
4 688 143
5 835 668
6 691 240
7 612 583
8 666 965
9 332 527
10 864 57
11 904 964
12 873 754
13 318 371
14 326 770
15 959 652
16 334 346
17 73 216
18 358 906
19 861 538
20 933 199
21 220 397
22 287 208
23 133 13
24 929 965
25 24 678
26 537 634
27 862 501
28 52 513
29 677 476
30 603 532
31 986 353
32 9 504
33 585 1
34 760 859
35 688 761
36 917 452
37 696 397
38 338 216
39 416 736
40 72 67
41 593 755
42 264 427
43 265 316
44 179 288
45 798 32
46 981 993
DEMAND_SECTION
1 0
2 3
3 4
4 1
5 4
6 5
7 1
8 3
9 3
10 2
11 4
12 3
13 2
14 2
15 2
16 3
17 2
18 5
19 5
20 3
21 5
22 4
23 2
24 3
25 4
26 3
27 5
28 1
29 3
30 4
31 4
32 4
33 4
34 4
35 4
36 1
37 4
38 5
39 2
40 2
41 5
42 1
43 4
44 3
45 5
46 4
DEPOT_SECTION
 1
 -1
 EOF 