NAME: I12803-n25-k3
COMMENT : (Fake et al, No of trucks: 3, Optimal value: )
TYPE : CVRP
DIMENSION : 25
EDGE_WEIGHT_TYPE : EUC_2D
CAPACITY : 39
NODE_COORD_SECTION
1 758 112
2 148 91
3 719 56
4 549 979
5 789 572
6 664 618
7 848 991
8 427 938
9 456 899
10 456 810
11 413 553
12 195 74
13 828 446
14 514 188
15 935 213
16 84 553
17 490 4
18 457 141
19 945 404
20 322 244
21 717 868
22 639 490
23 56 607
24 404 611
25 109 487
DEMAND_SECTION
1 0
2 1
3 3
4 3
5 3
6 1
7 5
8 6
9 1
10 5
11 1
12 5
13 6
14 5
15 1
16 4
17 5
18 1
19 5
20 8
21 1
22 7
23 7
24 8
25 8
DEPOT_SECTION
 1
 -1
 EOF 