NAME: I12990-n48-k4
COMMENT : (Fake et al, No of trucks: 4, Optimal value: )
TYPE : CVRP
DIMENSION : 48
EDGE_WEIGHT_TYPE : EUC_2D
CAPACITY : 82
NODE_COORD_SECTION
1 113 849
2 151 30
3 562 43
4 285 979
5 638 455
6 685 463
7 230 676
8 814 420
9 305 826
10 190 707
11 438 52
12 697 184
13 307 299
14 250 675
15 428 555
16 776 21
17 130 751
18 261 826
19 916 523
20 290 161
21 730 297
22 484 74
23 880 971
24 679 943
25 409 941
26 719 687
27 341 337
28 44 439
29 969 292
30 964 857
31 641 944
32 761 299
33 844 101
34 557 445
35 154 837
36 284 345
37 222 735
38 327 637
39 520 160
40 829 202
41 131 77
42 814 614
43 499 908
44 629 493
45 515 464
46 520 96
47 726 127
48 133 803
DEMAND_SECTION
1 0
2 4
3 8
4 2
5 11
6 7
7 11
8 3
9 7
10 8
11 6
12 9
13 5
14 3
15 5
16 4
17 11
18 3
19 11
20 8
21 8
22 3
23 4
24 11
25 1
26 2
27 10
28 1
29 1
30 6
31 10
32 8
33 3
34 7
35 4
36 9
37 8
38 2
39 4
40 5
41 9
42 11
43 1
44 7
45 5
46 6
47 3
48 1
DEPOT_SECTION
 1
 -1
 EOF 