NAME: I12973-n25-k4
COMMENT : (Fake et al, No of trucks: 4, Optimal value: )
TYPE : CVRP
DIMENSION : 25
EDGE_WEIGHT_TYPE : EUC_2D
CAPACITY : 10
NODE_COORD_SECTION
1 745 81
2 252 373
3 513 85
4 121 624
5 947 736
6 241 490
7 959 553
8 635 947
9 560 408
10 537 971
11 945 723
12 477 991
13 207 792
14 153 858
15 600 367
16 916 247
17 515 695
18 678 822
19 733 714
20 814 41
21 212 215
22 14 967
23 195 522
24 131 136
25 152 540
DEMAND_SECTION
1 0
2 2
3 2
4 2
5 1
6 1
7 2
8 2
9 1
10 2
11 2
12 2
13 2
14 1
15 2
16 1
17 1
18 1
19 1
20 1
21 2
22 2
23 1
24 1
25 1
DEPOT_SECTION
 1
 -1
 EOF 