NAME: I12978-n24-k4
COMMENT : (Fake et al, No of trucks: 4, Optimal value: )
TYPE : CVRP
DIMENSION : 24
EDGE_WEIGHT_TYPE : EUC_2D
CAPACITY : 36
NODE_COORD_SECTION
1 548 812
2 700 120
3 899 559
4 343 857
5 263 916
6 601 333
7 3 478
8 43 288
9 677 626
10 478 548
11 710 970
12 406 150
13 918 517
14 847 972
15 183 103
16 854 566
17 901 158
18 748 565
19 490 121
20 627 729
21 788 274
22 313 40
23 3 854
24 281 307
DEMAND_SECTION
1 0
2 6
3 10
4 8
5 8
6 1
7 3
8 8
9 10
10 7
11 6
12 5
13 5
14 3
15 2
16 1
17 5
18 7
19 4
20 8
21 6
22 6
23 2
24 6
DEPOT_SECTION
 1
 -1
 EOF 