NAME: I12975-n33-k6
COMMENT : (Fake et al, No of trucks: 6, Optimal value: )
TYPE : CVRP
DIMENSION : 33
EDGE_WEIGHT_TYPE : EUC_2D
CAPACITY : 31
NODE_COORD_SECTION
1 25 326
2 659 692
3 373 762
4 628 20
5 562 41
6 753 739
7 337 736
8 879 529
9 971 374
10 912 712
11 849 228
12 883 615
13 478 940
14 288 863
15 945 895
16 403 173
17 762 722
18 494 661
19 478 990
20 45 521
21 149 420
22 299 162
23 21 647
24 156 951
25 803 801
26 110 605
27 399 310
28 261 124
29 347 551
30 594 624
31 759 317
32 45 65
33 590 102
DEMAND_SECTION
1 0
2 4
3 1
4 8
5 5
6 6
7 7
8 9
9 8
10 8
11 2
12 1
13 2
14 9
15 9
16 6
17 3
18 4
19 1
20 8
21 6
22 2
23 2
24 8
25 4
26 5
27 4
28 4
29 3
30 6
31 7
32 9
33 1
DEPOT_SECTION
 1
 -1
 EOF 