NAME: I12992-n40-k4
COMMENT : (Fake et al, No of trucks: 4, Optimal value: )
TYPE : CVRP
DIMENSION : 40
EDGE_WEIGHT_TYPE : EUC_2D
CAPACITY : 18
NODE_COORD_SECTION
1 751 493
2 389 774
3 959 197
4 666 637
5 147 45
6 792 304
7 162 61
8 742 642
9 369 34
10 105 778
11 713 672
12 998 757
13 963 309
14 782 342
15 718 224
16 235 612
17 828 321
18 937 300
19 577 694
20 473 427
21 416 964
22 947 508
23 414 263
24 772 238
25 833 188
26 489 754
27 651 932
28 453 586
29 41 934
30 548 284
31 141 726
32 447 517
33 584 113
34 504 814
35 444 596
36 553 706
37 27 473
38 619 583
39 542 131
40 616 486
DEMAND_SECTION
1 0
2 1
3 1
4 1
5 2
6 1
7 2
8 1
9 1
10 2
11 2
12 1
13 2
14 2
15 2
16 2
17 2
18 2
19 2
20 2
21 2
22 1
23 2
24 2
25 1
26 2
27 1
28 2
29 2
30 2
31 2
32 2
33 1
34 2
35 2
36 1
37 1
38 1
39 1
40 2
DEPOT_SECTION
 1
 -1
 EOF 