NAME: I12980-n50-k5
COMMENT : (Fake et al, No of trucks: 5, Optimal value: )
TYPE : CVRP
DIMENSION : 50
EDGE_WEIGHT_TYPE : EUC_2D
CAPACITY : 71
NODE_COORD_SECTION
1 587 219
2 191 498
3 736 25
4 897 585
5 745 888
6 6 16
7 637 291
8 619 893
9 570 374
10 408 324
11 374 672
12 809 245
13 281 149
14 314 777
15 955 176
16 320 305
17 245 511
18 414 913
19 90 511
20 132 216
21 908 390
22 995 755
23 535 394
24 917 105
25 833 635
26 827 299
27 495 514
28 755 943
29 337 182
30 161 671
31 551 340
32 259 782
33 21 87
34 3 13
35 719 30
36 241 62
37 809 42
38 328 660
39 948 719
40 463 361
41 346 671
42 17 342
43 895 605
44 932 303
45 60 274
46 593 687
47 860 413
48 191 706
49 132 700
50 85 983
DEMAND_SECTION
1 0
2 3
3 2
4 9
5 9
6 9
7 2
8 4
9 10
10 7
11 11
12 7
13 6
14 4
15 5
16 3
17 6
18 5
19 10
20 4
21 3
22 3
23 7
24 8
25 5
26 11
27 8
28 7
29 9
30 9
31 5
32 7
33 2
34 11
35 1
36 7
37 11
38 5
39 5
40 1
41 10
42 10
43 4
44 2
45 11
46 8
47 3
48 4
49 5
50 7
DEPOT_SECTION
 1
 -1
 EOF 