NAME: I13023-n42-k3
COMMENT : (Fake et al, No of trucks: 3, Optimal value: )
TYPE : CVRP
DIMENSION : 42
EDGE_WEIGHT_TYPE : EUC_2D
CAPACITY : 88
NODE_COORD_SECTION
1 171 28
2 907 372
3 392 637
4 411 624
5 320 25
6 165 465
7 848 327
8 103 802
9 428 219
10 948 207
11 579 337
12 693 122
13 388 724
14 90 989
15 187 935
16 694 829
17 564 843
18 779 932
19 950 730
20 963 49
21 701 662
22 243 25
23 342 409
24 320 615
25 35 199
26 350 713
27 943 242
28 697 401
29 286 437
30 583 664
31 570 553
32 589 564
33 51 673
34 921 779
35 374 944
36 758 310
37 806 933
38 228 599
39 683 567
40 383 514
41 309 87
42 352 681
DEMAND_SECTION
1 0
2 1
3 9
4 9
5 3
6 2
7 11
8 10
9 3
10 4
11 4
12 7
13 9
14 7
15 9
16 9
17 10
18 3
19 4
20 2
21 3
22 2
23 4
24 4
25 4
26 7
27 10
28 5
29 2
30 3
31 2
32 5
33 10
34 2
35 4
36 4
37 7
38 1
39 7
40 11
41 4
42 4
DEPOT_SECTION
 1
 -1
 EOF 