NAME: I13262-n45-k4
COMMENT : (Fake et al, No of trucks: 4, Optimal value: )
TYPE : CVRP
DIMENSION : 45
EDGE_WEIGHT_TYPE : EUC_2D
CAPACITY : 76
NODE_COORD_SECTION
1 572 603
2 770 427
3 786 135
4 282 400
5 890 57
6 886 563
7 409 939
8 208 503
9 415 825
10 429 656
11 248 553
12 994 673
13 0 519
14 249 259
15 608 236
16 408 362
17 580 758
18 791 510
19 132 280
20 62 439
21 534 767
22 46 622
23 907 961
24 497 899
25 510 418
26 461 879
27 324 707
28 632 705
29 622 647
30 932 259
31 378 49
32 849 630
33 602 866
34 562 690
35 958 289
36 460 575
37 482 57
38 482 996
39 417 462
40 658 957
41 306 609
42 8 650
43 488 922
44 301 167
45 826 703
DEMAND_SECTION
1 0
2 4
3 7
4 3
5 8
6 11
7 5
8 4
9 2
10 10
11 8
12 8
13 9
14 5
15 9
16 6
17 7
18 11
19 1
20 8
21 7
22 9
23 5
24 4
25 7
26 6
27 4
28 9
29 4
30 4
31 11
32 11
33 9
34 1
35 9
36 10
37 7
38 6
39 7
40 1
41 8
42 4
43 1
44 2
45 6
DEPOT_SECTION
 1
 -1
 EOF 