NAME: I13388-n28-k4
COMMENT : (Fake et al, No of trucks: 4, Optimal value: )
TYPE : CVRP
DIMENSION : 28
EDGE_WEIGHT_TYPE : EUC_2D
CAPACITY : 34
NODE_COORD_SECTION
1 942 819
2 677 653
3 529 276
4 812 265
5 416 818
6 856 554
7 826 235
8 908 739
9 691 378
10 993 561
11 815 327
12 435 477
13 739 990
14 647 856
15 77 538
16 115 380
17 934 277
18 21 101
19 153 90
20 5 46
21 841 95
22 336 987
23 577 746
24 884 163
25 16 546
26 301 766
27 154 985
28 533 695
DEMAND_SECTION
1 0
2 5
3 4
4 7
5 3
6 6
7 2
8 1
9 5
10 4
11 4
12 4
13 8
14 2
15 5
16 7
17 7
18 1
19 2
20 5
21 1
22 5
23 5
24 1
25 8
26 7
27 7
28 2
DEPOT_SECTION
 1
 -1
 EOF 