NAME: I13349-n27-k4
COMMENT : (Fake et al, No of trucks: 4, Optimal value: )
TYPE : CVRP
DIMENSION : 27
EDGE_WEIGHT_TYPE : EUC_2D
CAPACITY : 43
NODE_COORD_SECTION
1 932 115
2 80 584
3 994 231
4 3 339
5 618 885
6 728 527
7 148 719
8 160 361
9 967 411
10 584 74
11 282 752
12 975 310
13 601 150
14 4 758
15 434 288
16 732 816
17 788 228
18 988 250
19 534 214
20 799 717
21 35 163
22 856 109
23 420 230
24 381 720
25 407 717
26 341 654
27 456 590
DEMAND_SECTION
1 0
2 9
3 4
4 8
5 2
6 9
7 2
8 1
9 8
10 5
11 9
12 10
13 7
14 10
15 2
16 1
17 9
18 8
19 2
20 3
21 8
22 10
23 9
24 2
25 3
26 1
27 8
DEPOT_SECTION
 1
 -1
 EOF 