NAME: I134-n27-k3
COMMENT : (Fake et al, No of trucks: 3, Optimal value: )
TYPE : CVRP
DIMENSION : 27
EDGE_WEIGHT_TYPE : EUC_2D
CAPACITY : 51
NODE_COORD_SECTION
1 455 914
2 336 978
3 137 845
4 288 838
5 386 521
6 428 377
7 404 10
8 357 492
9 346 957
10 542 572
11 327 792
12 274 591
13 341 294
14 860 441
15 844 892
16 888 806
17 625 164
18 936 701
19 245 897
20 88 346
21 11 129
22 235 550
23 447 142
24 424 659
25 935 531
26 268 813
27 713 221
DEMAND_SECTION
1 0
2 4
3 5
4 3
5 6
6 5
7 2
8 4
9 5
10 4
11 8
12 7
13 7
14 3
15 8
16 8
17 4
18 2
19 2
20 7
21 3
22 7
23 2
24 4
25 5
26 3
27 6
DEPOT_SECTION
 1
 -1
 EOF 