NAME: I13434-n37-k3
COMMENT : (Fake et al, No of trucks: 3, Optimal value: )
TYPE : CVRP
DIMENSION : 37
EDGE_WEIGHT_TYPE : EUC_2D
CAPACITY : 50
NODE_COORD_SECTION
1 595 907
2 465 615
3 217 944
4 588 105
5 854 740
6 856 346
7 745 555
8 733 106
9 426 676
10 255 26
11 145 881
12 938 990
13 882 228
14 647 436
15 400 145
16 377 655
17 923 999
18 167 939
19 889 744
20 656 898
21 313 655
22 619 532
23 678 420
24 568 18
25 895 18
26 178 666
27 328 230
28 11 807
29 494 362
30 76 351
31 968 187
32 725 250
33 641 1000
34 537 380
35 998 783
36 830 876
37 967 583
DEMAND_SECTION
1 0
2 2
3 2
4 2
5 6
6 6
7 3
8 6
9 4
10 4
11 5
12 5
13 2
14 2
15 1
16 6
17 4
18 2
19 6
20 5
21 4
22 4
23 5
24 4
25 1
26 2
27 5
28 1
29 4
30 2
31 6
32 5
33 3
34 4
35 6
36 4
37 1
DEPOT_SECTION
 1
 -1
 EOF 