NAME: I13443-n48-k3
COMMENT : (Fake et al, No of trucks: 3, Optimal value: )
TYPE : CVRP
DIMENSION : 48
EDGE_WEIGHT_TYPE : EUC_2D
CAPACITY : 88
NODE_COORD_SECTION
1 389 902
2 956 142
3 583 305
4 157 779
5 724 522
6 235 860
7 422 165
8 442 154
9 54 683
10 548 114
11 186 501
12 666 571
13 346 897
14 436 165
15 828 921
16 182 418
17 715 794
18 986 575
19 505 879
20 867 399
21 397 671
22 520 763
23 859 245
24 74 221
25 529 411
26 921 374
27 467 608
28 902 54
29 278 799
30 759 978
31 388 721
32 253 659
33 651 492
34 905 412
35 727 630
36 42 944
37 556 285
38 373 944
39 53 851
40 572 292
41 304 827
42 294 123
43 445 408
44 707 960
45 516 808
46 347 596
47 654 474
48 924 14
DEMAND_SECTION
1 0
2 2
3 7
4 7
5 4
6 7
7 3
8 3
9 7
10 4
11 1
12 1
13 7
14 3
15 6
16 7
17 7
18 1
19 2
20 3
21 3
22 5
23 6
24 7
25 7
26 4
27 1
28 3
29 3
30 6
31 6
32 6
33 2
34 5
35 2
36 5
37 4
38 6
39 7
40 7
41 7
42 5
43 6
44 6
45 6
46 3
47 4
48 7
DEPOT_SECTION
 1
 -1
 EOF 