NAME: I13505-n32-k4
COMMENT : (Fake et al, No of trucks: 4, Optimal value: )
TYPE : CVRP
DIMENSION : 32
EDGE_WEIGHT_TYPE : EUC_2D
CAPACITY : 35
NODE_COORD_SECTION
1 828 95
2 600 658
3 729 17
4 665 553
5 201 838
6 603 357
7 87 374
8 674 47
9 376 393
10 689 639
11 689 647
12 587 558
13 992 297
14 856 665
15 537 126
16 662 266
17 119 192
18 415 234
19 897 589
20 126 576
21 487 693
22 18 365
23 320 626
24 931 830
25 955 49
26 526 5
27 852 656
28 211 998
29 608 116
30 630 592
31 811 245
32 420 783
DEMAND_SECTION
1 0
2 4
3 5
4 5
5 6
6 3
7 4
8 5
9 5
10 3
11 4
12 5
13 1
14 2
15 6
16 1
17 4
18 2
19 4
20 5
21 4
22 2
23 6
24 2
25 6
26 6
27 1
28 6
29 1
30 4
31 2
32 1
DEPOT_SECTION
 1
 -1
 EOF 