NAME: I13595-n38-k6
COMMENT : (Fake et al, No of trucks: 6, Optimal value: )
TYPE : CVRP
DIMENSION : 38
EDGE_WEIGHT_TYPE : EUC_2D
CAPACITY : 10
NODE_COORD_SECTION
1 500 650
2 860 52
3 684 138
4 40 109
5 418 402
6 837 897
7 42 128
8 578 750
9 937 849
10 626 608
11 723 579
12 952 57
13 88 64
14 224 681
15 299 902
16 897 456
17 487 509
18 421 383
19 799 63
20 354 684
21 520 859
22 142 12
23 110 443
24 393 227
25 1000 111
26 288 743
27 203 108
28 70 361
29 458 396
30 407 796
31 860 866
32 229 159
33 632 374
34 751 597
35 106 976
36 782 439
37 3 126
38 780 827
DEMAND_SECTION
1 0
2 2
3 2
4 2
5 1
6 1
7 1
8 2
9 2
10 1
11 2
12 1
13 1
14 2
15 1
16 1
17 2
18 1
19 2
20 1
21 1
22 2
23 1
24 1
25 2
26 1
27 2
28 2
29 2
30 2
31 2
32 2
33 1
34 1
35 1
36 1
37 1
38 1
DEPOT_SECTION
 1
 -1
 EOF 