NAME: I135-n41-k5
COMMENT : (Fake et al, No of trucks: 5, Optimal value: )
TYPE : CVRP
DIMENSION : 41
EDGE_WEIGHT_TYPE : EUC_2D
CAPACITY : 50
NODE_COORD_SECTION
1 645 701
2 257 940
3 446 124
4 0 722
5 783 212
6 618 949
7 815 535
8 722 856
9 758 96
10 864 665
11 756 462
12 353 880
13 140 745
14 35 490
15 965 554
16 87 837
17 878 360
18 299 23
19 65 168
20 865 73
21 604 78
22 977 393
23 370 25
24 117 233
25 746 467
26 318 492
27 238 756
28 745 928
29 842 356
30 152 693
31 228 363
32 389 65
33 115 790
34 894 870
35 916 698
36 706 729
37 146 427
38 626 185
39 317 278
40 496 93
41 661 273
DEMAND_SECTION
1 0
2 4
3 6
4 7
5 9
6 3
7 1
8 7
9 6
10 8
11 4
12 8
13 9
14 2
15 9
16 9
17 7
18 5
19 4
20 8
21 6
22 9
23 2
24 5
25 7
26 7
27 7
28 6
29 1
30 4
31 4
32 6
33 5
34 5
35 4
36 8
37 8
38 5
39 5
40 2
41 4
DEPOT_SECTION
 1
 -1
 EOF 