NAME: I13650-n34-k6
COMMENT : (Fake et al, No of trucks: 6, Optimal value: )
TYPE : CVRP
DIMENSION : 34
EDGE_WEIGHT_TYPE : EUC_2D
CAPACITY : 14
NODE_COORD_SECTION
1 27 261
2 463 971
3 769 983
4 797 307
5 837 470
6 958 56
7 444 772
8 318 674
9 691 70
10 750 775
11 614 366
12 866 815
13 789 224
14 664 634
15 682 585
16 317 251
17 803 398
18 445 577
19 566 977
20 53 355
21 158 859
22 672 120
23 844 557
24 728 354
25 900 754
26 846 881
27 934 134
28 843 627
29 150 521
30 6 869
31 630 985
32 875 954
33 72 821
34 654 96
DEMAND_SECTION
1 0
2 2
3 3
4 2
5 1
6 3
7 1
8 2
9 3
10 2
11 3
12 2
13 1
14 2
15 3
16 2
17 3
18 1
19 1
20 2
21 2
22 2
23 2
24 1
25 3
26 1
27 3
28 1
29 2
30 2
31 3
32 2
33 3
34 1
DEPOT_SECTION
 1
 -1
 EOF 