NAME: I13622-n25-k3
COMMENT : (Fake et al, No of trucks: 3, Optimal value: )
TYPE : CVRP
DIMENSION : 25
EDGE_WEIGHT_TYPE : EUC_2D
CAPACITY : 9
NODE_COORD_SECTION
1 737 318
2 169 743
3 472 684
4 896 516
5 742 244
6 753 461
7 251 736
8 279 953
9 878 239
10 189 142
11 188 542
12 575 602
13 884 995
14 997 881
15 346 687
16 825 286
17 990 832
18 761 40
19 331 362
20 198 636
21 277 345
22 143 918
23 170 579
24 379 169
25 800 860
DEMAND_SECTION
1 0
2 1
3 1
4 1
5 1
6 1
7 1
8 1
9 1
10 1
11 1
12 1
13 1
14 1
15 1
16 1
17 1
18 1
19 1
20 1
21 1
22 1
23 1
24 1
25 1
DEPOT_SECTION
 1
 -1
 EOF 