NAME: I13645-n27-k5
COMMENT : (Fake et al, No of trucks: 5, Optimal value: )
TYPE : CVRP
DIMENSION : 27
EDGE_WEIGHT_TYPE : EUC_2D
CAPACITY : 34
NODE_COORD_SECTION
1 398 817
2 477 716
3 337 629
4 525 343
5 363 155
6 76 693
7 21 606
8 339 331
9 331 615
10 725 523
11 988 39
12 637 949
13 119 877
14 64 336
15 555 202
16 819 802
17 153 836
18 353 420
19 392 669
20 744 23
21 443 265
22 576 525
23 171 648
24 531 246
25 298 68
26 371 469
27 794 533
DEMAND_SECTION
1 0
2 1
3 6
4 6
5 2
6 10
7 8
8 10
9 6
10 10
11 2
12 6
13 10
14 9
15 7
16 3
17 3
18 10
19 9
20 2
21 1
22 2
23 5
24 2
25 5
26 2
27 2
DEPOT_SECTION
 1
 -1
 EOF 