NAME: I13614-n26-k3
COMMENT : (Fake et al, No of trucks: 3, Optimal value: )
TYPE : CVRP
DIMENSION : 26
EDGE_WEIGHT_TYPE : EUC_2D
CAPACITY : 25
NODE_COORD_SECTION
1 355 306
2 521 205
3 957 798
4 26 399
5 254 351
6 277 744
7 315 281
8 369 496
9 203 711
10 153 814
11 927 808
12 831 649
13 841 200
14 391 22
15 922 497
16 823 142
17 819 217
18 783 888
19 248 23
20 582 505
21 176 727
22 109 382
23 792 84
24 765 51
25 299 339
26 862 269
DEMAND_SECTION
1 0
2 1
3 3
4 4
5 4
6 3
7 3
8 1
9 2
10 2
11 3
12 3
13 4
14 2
15 4
16 4
17 1
18 1
19 1
20 2
21 3
22 1
23 4
24 4
25 4
26 2
DEPOT_SECTION
 1
 -1
 EOF 