NAME: I13686-n34-k3
COMMENT : (Fake et al, No of trucks: 3, Optimal value: )
TYPE : CVRP
DIMENSION : 34
EDGE_WEIGHT_TYPE : EUC_2D
CAPACITY : 14
NODE_COORD_SECTION
1 157 190
2 517 162
3 622 173
4 774 195
5 864 795
6 792 464
7 702 825
8 736 817
9 652 781
10 893 778
11 215 976
12 812 20
13 962 56
14 507 227
15 429 213
16 90 713
17 940 922
18 675 288
19 330 645
20 510 573
21 559 966
22 352 948
23 339 266
24 38 931
25 527 667
26 521 425
27 842 702
28 495 322
29 617 740
30 393 931
31 86 260
32 521 778
33 123 995
34 457 113
DEMAND_SECTION
1 0
2 1
3 1
4 1
5 1
6 1
7 1
8 1
9 1
10 1
11 1
12 1
13 1
14 1
15 1
16 1
17 1
18 1
19 1
20 1
21 1
22 1
23 1
24 1
25 1
26 1
27 1
28 1
29 1
30 1
31 1
32 1
33 1
34 1
DEPOT_SECTION
 1
 -1
 EOF 