NAME: I1373-n33-k3
COMMENT : (Fake et al, No of trucks: 3, Optimal value: )
TYPE : CVRP
DIMENSION : 33
EDGE_WEIGHT_TYPE : EUC_2D
CAPACITY : 60
NODE_COORD_SECTION
1 802 299
2 524 157
3 550 35
4 436 863
5 5 325
6 824 185
7 265 226
8 204 670
9 646 395
10 0 164
11 283 418
12 382 425
13 581 412
14 705 849
15 989 981
16 738 1
17 386 960
18 381 316
19 960 449
20 890 202
21 980 920
22 41 225
23 300 44
24 406 409
25 239 885
26 737 589
27 875 185
28 886 510
29 716 346
30 722 240
31 52 275
32 533 563
33 208 650
DEMAND_SECTION
1 0
2 3
3 2
4 4
5 3
6 4
7 3
8 9
9 6
10 3
11 4
12 1
13 7
14 1
15 3
16 9
17 4
18 2
19 7
20 7
21 7
22 10
23 9
24 9
25 6
26 3
27 9
28 10
29 8
30 2
31 2
32 3
33 9
DEPOT_SECTION
 1
 -1
 EOF 