NAME: I1370-n41-k5
COMMENT : (Fake et al, No of trucks: 5, Optimal value: )
TYPE : CVRP
DIMENSION : 41
EDGE_WEIGHT_TYPE : EUC_2D
CAPACITY : 20
NODE_COORD_SECTION
1 325 18
2 554 690
3 83 478
4 820 548
5 274 561
6 663 119
7 476 320
8 386 114
9 186 357
10 513 648
11 889 601
12 305 985
13 607 643
14 157 709
15 67 643
16 961 620
17 82 375
18 599 986
19 71 839
20 885 16
21 809 426
22 798 221
23 264 202
24 689 297
25 265 672
26 788 305
27 492 548
28 551 368
29 616 462
30 80 462
31 517 888
32 838 178
33 959 663
34 848 573
35 748 610
36 162 595
37 519 452
38 237 739
39 669 42
40 562 987
41 588 147
DEMAND_SECTION
1 0
2 2
3 1
4 2
5 2
6 2
7 1
8 1
9 3
10 1
11 1
12 3
13 2
14 1
15 2
16 2
17 1
18 2
19 2
20 3
21 3
22 3
23 2
24 1
25 3
26 2
27 2
28 3
29 1
30 3
31 3
32 3
33 3
34 1
35 3
36 1
37 3
38 3
39 3
40 1
41 3
DEPOT_SECTION
 1
 -1
 EOF 