NAME: I13702-n43-k4
COMMENT : (Fake et al, No of trucks: 4, Optimal value: )
TYPE : CVRP
DIMENSION : 43
EDGE_WEIGHT_TYPE : EUC_2D
CAPACITY : 16
NODE_COORD_SECTION
1 677 394
2 901 741
3 165 490
4 868 941
5 475 870
6 917 817
7 414 163
8 232 67
9 641 220
10 941 616
11 384 752
12 832 145
13 337 277
14 493 530
15 4 222
16 141 956
17 809 27
18 388 1000
19 692 184
20 346 770
21 311 184
22 620 35
23 613 30
24 775 782
25 575 813
26 594 439
27 823 396
28 786 764
29 469 625
30 889 718
31 101 995
32 641 789
33 914 869
34 647 60
35 534 813
36 912 363
37 884 106
38 17 162
39 453 688
40 34 83
41 781 581
42 685 80
43 281 500
DEMAND_SECTION
1 0
2 1
3 1
4 2
5 2
6 1
7 1
8 1
9 1
10 1
11 2
12 1
13 1
14 1
15 2
16 1
17 1
18 1
19 2
20 1
21 2
22 1
23 2
24 1
25 1
26 2
27 2
28 2
29 2
30 2
31 2
32 2
33 1
34 1
35 2
36 1
37 1
38 1
39 1
40 1
41 2
42 1
43 1
DEPOT_SECTION
 1
 -1
 EOF 