NAME: I13808-n45-k6
COMMENT : (Fake et al, No of trucks: 6, Optimal value: )
TYPE : CVRP
DIMENSION : 45
EDGE_WEIGHT_TYPE : EUC_2D
CAPACITY : 46
NODE_COORD_SECTION
1 129 12
2 279 444
3 642 209
4 489 638
5 515 796
6 966 360
7 676 133
8 380 154
9 311 767
10 770 618
11 254 743
12 441 567
13 829 400
14 19 298
15 938 790
16 678 579
17 218 498
18 624 531
19 493 550
20 606 504
21 456 838
22 100 222
23 772 831
24 876 452
25 647 662
26 621 858
27 811 201
28 991 837
29 561 164
30 21 63
31 36 97
32 730 621
33 207 919
34 824 177
35 141 687
36 726 322
37 637 80
38 786 570
39 982 640
40 302 554
41 765 628
42 556 487
43 626 602
44 974 876
45 745 996
DEMAND_SECTION
1 0
2 8
3 9
4 1
5 10
6 5
7 5
8 5
9 1
10 5
11 10
12 10
13 8
14 1
15 10
16 2
17 4
18 8
19 4
20 2
21 9
22 1
23 10
24 7
25 3
26 2
27 10
28 7
29 6
30 5
31 10
32 6
33 8
34 6
35 4
36 6
37 2
38 7
39 3
40 1
41 4
42 8
43 5
44 7
45 10
DEPOT_SECTION
 1
 -1
 EOF 