NAME: I1380-n34-k4
COMMENT : (Fake et al, No of trucks: 4, Optimal value: )
TYPE : CVRP
DIMENSION : 34
EDGE_WEIGHT_TYPE : EUC_2D
CAPACITY : 23
NODE_COORD_SECTION
1 281 267
2 477 523
3 410 700
4 262 747
5 527 609
6 793 118
7 982 6
8 637 571
9 95 253
10 12 282
11 72 143
12 152 999
13 986 680
14 726 757
15 160 682
16 6 810
17 188 619
18 964 711
19 760 35
20 401 595
21 189 294
22 97 10
23 957 760
24 859 639
25 686 808
26 421 564
27 363 689
28 21 24
29 665 593
30 544 12
31 99 517
32 676 659
33 153 21
34 934 752
DEMAND_SECTION
1 0
2 1
3 4
4 1
5 1
6 3
7 3
8 1
9 2
10 4
11 3
12 3
13 3
14 1
15 3
16 2
17 1
18 1
19 3
20 4
21 4
22 4
23 2
24 2
25 1
26 2
27 2
28 4
29 4
30 2
31 4
32 4
33 4
34 3
DEPOT_SECTION
 1
 -1
 EOF 