NAME: I13903-n32-k4
COMMENT : (Fake et al, No of trucks: 4, Optimal value: )
TYPE : CVRP
DIMENSION : 32
EDGE_WEIGHT_TYPE : EUC_2D
CAPACITY : 15
NODE_COORD_SECTION
1 577 625
2 724 502
3 673 410
4 196 130
5 102 68
6 379 271
7 839 157
8 839 147
9 522 963
10 456 312
11 938 215
12 200 449
13 72 397
14 416 503
15 274 711
16 402 256
17 947 280
18 515 225
19 170 636
20 844 225
21 759 56
22 386 71
23 456 898
24 71 713
25 470 570
26 801 554
27 968 568
28 181 309
29 962 286
30 136 902
31 609 643
32 647 487
DEMAND_SECTION
1 0
2 2
3 1
4 1
5 2
6 2
7 1
8 2
9 2
10 2
11 2
12 2
13 1
14 2
15 1
16 2
17 2
18 1
19 1
20 2
21 1
22 2
23 2
24 1
25 2
26 1
27 1
28 2
29 1
30 2
31 1
32 2
DEPOT_SECTION
 1
 -1
 EOF 