NAME: I13999-n42-k6
COMMENT : (Fake et al, No of trucks: 6, Optimal value: )
TYPE : CVRP
DIMENSION : 42
EDGE_WEIGHT_TYPE : EUC_2D
CAPACITY : 8
NODE_COORD_SECTION
1 353 76
2 351 211
3 324 773
4 669 298
5 723 363
6 68 326
7 143 162
8 270 866
9 848 877
10 609 226
11 888 172
12 178 472
13 644 867
14 365 520
15 427 68
16 70 477
17 533 537
18 305 962
19 972 6
20 588 227
21 336 594
22 219 321
23 825 530
24 512 766
25 3 337
26 311 433
27 955 63
28 134 728
29 25 19
30 105 306
31 969 658
32 777 925
33 893 813
34 766 186
35 644 894
36 266 242
37 816 758
38 955 74
39 245 706
40 683 403
41 621 274
42 8 11
DEMAND_SECTION
1 0
2 1
3 1
4 1
5 1
6 1
7 1
8 1
9 1
10 1
11 1
12 1
13 1
14 1
15 1
16 1
17 1
18 1
19 1
20 1
21 1
22 1
23 1
24 1
25 1
26 1
27 1
28 1
29 1
30 1
31 1
32 1
33 1
34 1
35 1
36 1
37 1
38 1
39 1
40 1
41 1
42 1
DEPOT_SECTION
 1
 -1
 EOF 