NAME: I14089-n24-k3
COMMENT : (Fake et al, No of trucks: 3, Optimal value: )
TYPE : CVRP
DIMENSION : 24
EDGE_WEIGHT_TYPE : EUC_2D
CAPACITY : 25
NODE_COORD_SECTION
1 386 772
2 214 911
3 317 668
4 490 905
5 151 226
6 639 651
7 376 910
8 344 614
9 992 872
10 43 924
11 612 662
12 359 946
13 437 997
14 402 527
15 782 123
16 887 593
17 663 354
18 877 728
19 16 272
20 87 192
21 525 708
22 403 124
23 600 75
24 620 589
DEMAND_SECTION
1 0
2 2
3 3
4 2
5 3
6 4
7 1
8 1
9 4
10 3
11 4
12 4
13 1
14 4
15 4
16 2
17 1
18 3
19 4
20 1
21 4
22 2
23 3
24 2
DEPOT_SECTION
 1
 -1
 EOF 