NAME: I1403-n36-k4
COMMENT : (Fake et al, No of trucks: 4, Optimal value: )
TYPE : CVRP
DIMENSION : 36
EDGE_WEIGHT_TYPE : EUC_2D
CAPACITY : 28
NODE_COORD_SECTION
1 600 965
2 321 534
3 923 897
4 485 167
5 292 627
6 373 723
7 368 600
8 644 603
9 509 446
10 80 193
11 340 729
12 575 547
13 381 840
14 497 969
15 350 339
16 600 484
17 318 817
18 753 582
19 784 191
20 483 647
21 157 92
22 843 942
23 20 359
24 286 479
25 297 789
26 328 155
27 558 558
28 294 285
29 910 940
30 598 178
31 335 864
32 803 226
33 796 147
34 82 446
35 420 223
36 352 206
DEMAND_SECTION
1 0
2 4
3 1
4 4
5 4
6 5
7 5
8 1
9 5
10 5
11 1
12 4
13 1
14 3
15 5
16 5
17 1
18 1
19 1
20 3
21 1
22 1
23 1
24 5
25 2
26 4
27 1
28 4
29 2
30 1
31 3
32 3
33 1
34 1
35 3
36 2
DEPOT_SECTION
 1
 -1
 EOF 