NAME: I14030-n43-k5
COMMENT : (Fake et al, No of trucks: 5, Optimal value: )
TYPE : CVRP
DIMENSION : 43
EDGE_WEIGHT_TYPE : EUC_2D
CAPACITY : 52
NODE_COORD_SECTION
1 856 974
2 160 299
3 312 248
4 187 932
5 240 392
6 745 224
7 451 285
8 418 945
9 729 948
10 197 691
11 805 978
12 159 348
13 41 688
14 233 856
15 550 820
16 614 697
17 520 472
18 76 584
19 606 750
20 759 45
21 226 346
22 653 241
23 279 412
24 98 180
25 790 932
26 526 924
27 782 166
28 209 822
29 678 475
30 745 324
31 26 62
32 407 974
33 215 938
34 222 403
35 426 968
36 37 647
37 949 663
38 687 345
39 609 184
40 396 537
41 722 798
42 151 372
43 413 67
DEMAND_SECTION
1 0
2 2
3 9
4 5
5 3
6 4
7 9
8 5
9 2
10 5
11 3
12 3
13 1
14 1
15 8
16 5
17 1
18 5
19 1
20 3
21 4
22 7
23 3
24 1
25 9
26 5
27 7
28 3
29 9
30 7
31 6
32 5
33 9
34 9
35 1
36 4
37 7
38 6
39 8
40 6
41 7
42 9
43 7
DEPOT_SECTION
 1
 -1
 EOF 