NAME: I14061-n39-k5
COMMENT : (Fake et al, No of trucks: 5, Optimal value: )
TYPE : CVRP
DIMENSION : 39
EDGE_WEIGHT_TYPE : EUC_2D
CAPACITY : 21
NODE_COORD_SECTION
1 504 822
2 677 680
3 967 700
4 192 889
5 989 191
6 860 235
7 324 947
8 321 730
9 363 652
10 353 877
11 42 528
12 957 191
13 586 270
14 993 289
15 96 552
16 448 524
17 450 832
18 562 86
19 362 516
20 308 76
21 144 580
22 14 19
23 216 70
24 689 198
25 103 222
26 129 619
27 925 306
28 223 316
29 990 320
30 617 485
31 23 783
32 719 599
33 387 283
34 247 732
35 919 314
36 380 286
37 756 578
38 203 573
39 783 279
DEMAND_SECTION
1 0
2 1
3 2
4 2
5 2
6 3
7 3
8 1
9 3
10 2
11 1
12 3
13 3
14 3
15 4
16 1
17 2
18 1
19 4
20 4
21 1
22 4
23 2
24 2
25 4
26 1
27 3
28 2
29 4
30 1
31 4
32 3
33 2
34 4
35 2
36 1
37 2
38 1
39 2
DEPOT_SECTION
 1
 -1
 EOF 