NAME: I14128-n49-k5
COMMENT : (Fake et al, No of trucks: 5, Optimal value: )
TYPE : CVRP
DIMENSION : 49
EDGE_WEIGHT_TYPE : EUC_2D
CAPACITY : 54
NODE_COORD_SECTION
1 387 702
2 982 295
3 768 332
4 80 136
5 714 949
6 716 891
7 582 868
8 215 146
9 632 759
10 461 169
11 922 390
12 470 581
13 202 75
14 666 332
15 845 763
16 285 667
17 578 489
18 817 147
19 59 17
20 303 249
21 63 255
22 434 306
23 343 654
24 163 325
25 219 947
26 919 381
27 34 221
28 830 784
29 582 624
30 950 523
31 488 369
32 934 576
33 317 468
34 939 593
35 381 686
36 635 661
37 970 241
38 736 507
39 727 641
40 22 942
41 685 447
42 514 227
43 504 798
44 3 251
45 335 601
46 771 594
47 959 493
48 554 381
49 627 314
DEMAND_SECTION
1 0
2 5
3 1
4 8
5 4
6 10
7 6
8 6
9 3
10 4
11 4
12 5
13 6
14 9
15 8
16 1
17 9
18 7
19 10
20 8
21 2
22 10
23 7
24 8
25 3
26 2
27 3
28 3
29 4
30 5
31 2
32 2
33 1
34 1
35 2
36 7
37 3
38 7
39 3
40 5
41 5
42 6
43 3
44 1
45 1
46 8
47 7
48 10
49 2
DEPOT_SECTION
 1
 -1
 EOF 