NAME: I14178-n27-k6
COMMENT : (Fake et al, No of trucks: 6, Optimal value: )
TYPE : CVRP
DIMENSION : 27
EDGE_WEIGHT_TYPE : EUC_2D
CAPACITY : 25
NODE_COORD_SECTION
1 579 788
2 722 298
3 421 179
4 285 410
5 516 28
6 578 767
7 874 480
8 42 933
9 863 919
10 203 462
11 384 592
12 477 503
13 263 776
14 568 920
15 21 652
16 991 621
17 325 407
18 662 725
19 729 885
20 786 466
21 525 157
22 498 740
23 954 642
24 504 309
25 473 378
26 113 293
27 205 446
DEMAND_SECTION
1 0
2 5
3 4
4 9
5 3
6 8
7 4
8 5
9 8
10 4
11 2
12 2
13 1
14 9
15 8
16 9
17 1
18 3
19 1
20 5
21 4
22 7
23 2
24 10
25 6
26 6
27 4
DEPOT_SECTION
 1
 -1
 EOF 