NAME: I14269-n28-k5
COMMENT : (Fake et al, No of trucks: 5, Optimal value: )
TYPE : CVRP
DIMENSION : 28
EDGE_WEIGHT_TYPE : EUC_2D
CAPACITY : 28
NODE_COORD_SECTION
1 398 288
2 37 10
3 847 643
4 374 919
5 399 810
6 87 505
7 835 129
8 330 949
9 518 628
10 604 284
11 499 501
12 24 823
13 806 309
14 832 769
15 530 291
16 939 887
17 654 203
18 388 482
19 38 406
20 271 336
21 676 637
22 497 710
23 665 681
24 847 565
25 822 76
26 536 861
27 744 644
28 584 364
DEMAND_SECTION
1 0
2 1
3 1
4 7
5 1
6 4
7 8
8 2
9 3
10 2
11 1
12 2
13 7
14 7
15 7
16 8
17 7
18 6
19 3
20 1
21 3
22 7
23 7
24 5
25 7
26 4
27 2
28 8
DEPOT_SECTION
 1
 -1
 EOF 