NAME: I14260-n43-k6
COMMENT : (Fake et al, No of trucks: 6, Optimal value: )
TYPE : CVRP
DIMENSION : 43
EDGE_WEIGHT_TYPE : EUC_2D
CAPACITY : 22
NODE_COORD_SECTION
1 177 780
2 380 456
3 671 365
4 214 285
5 331 161
6 167 967
7 412 178
8 258 77
9 762 368
10 317 721
11 925 795
12 598 33
13 538 398
14 232 852
15 251 423
16 19 632
17 898 728
18 271 937
19 387 975
20 85 289
21 324 106
22 603 133
23 854 271
24 145 676
25 568 545
26 471 913
27 91 565
28 438 906
29 768 645
30 571 835
31 359 684
32 128 585
33 914 958
34 555 138
35 5 488
36 385 2
37 892 143
38 201 162
39 137 638
40 902 172
41 882 31
42 190 673
43 47 750
DEMAND_SECTION
1 0
2 2
3 1
4 3
5 4
6 4
7 5
8 4
9 2
10 2
11 2
12 2
13 2
14 4
15 2
16 1
17 2
18 4
19 1
20 1
21 1
22 2
23 1
24 4
25 4
26 1
27 3
28 4
29 4
30 5
31 5
32 1
33 3
34 5
35 4
36 3
37 3
38 1
39 1
40 3
41 1
42 4
43 1
DEPOT_SECTION
 1
 -1
 EOF 