NAME: I14384-n28-k5
COMMENT : (Fake et al, No of trucks: 5, Optimal value: )
TYPE : CVRP
DIMENSION : 28
EDGE_WEIGHT_TYPE : EUC_2D
CAPACITY : 16
NODE_COORD_SECTION
1 683 618
2 166 759
3 625 175
4 142 522
5 440 191
6 83 582
7 629 849
8 228 845
9 12 232
10 124 803
11 170 135
12 460 404
13 950 404
14 716 819
15 379 190
16 997 248
17 390 301
18 354 15
19 545 341
20 792 133
21 130 236
22 659 97
23 397 988
24 304 520
25 557 901
26 836 683
27 503 160
28 283 781
DEMAND_SECTION
1 0
2 1
3 4
4 2
5 2
6 2
7 2
8 2
9 4
10 3
11 4
12 2
13 4
14 3
15 2
16 2
17 1
18 4
19 2
20 4
21 3
22 3
23 2
24 2
25 1
26 2
27 4
28 1
DEPOT_SECTION
 1
 -1
 EOF 