NAME: I14428-n33-k4
COMMENT : (Fake et al, No of trucks: 4, Optimal value: )
TYPE : CVRP
DIMENSION : 33
EDGE_WEIGHT_TYPE : EUC_2D
CAPACITY : 61
NODE_COORD_SECTION
1 575 611
2 237 329
3 505 385
4 722 501
5 479 628
6 164 479
7 975 290
8 322 253
9 759 181
10 795 290
11 77 900
12 995 476
13 269 724
14 472 721
15 442 12
16 47 798
17 610 758
18 449 111
19 776 549
20 222 591
21 98 617
22 421 706
23 751 841
24 770 111
25 925 706
26 498 914
27 393 468
28 336 993
29 959 879
30 606 529
31 309 632
32 613 365
33 344 923
DEMAND_SECTION
1 0
2 4
3 3
4 4
5 11
6 5
7 5
8 5
9 7
10 10
11 7
12 9
13 9
14 3
15 9
16 11
17 6
18 6
19 1
20 9
21 8
22 8
23 7
24 8
25 5
26 7
27 2
28 11
29 3
30 1
31 9
32 4
33 10
DEPOT_SECTION
 1
 -1
 EOF 