NAME: I14625-n35-k6
COMMENT : (Fake et al, No of trucks: 6, Optimal value: )
TYPE : CVRP
DIMENSION : 35
EDGE_WEIGHT_TYPE : EUC_2D
CAPACITY : 31
NODE_COORD_SECTION
1 759 898
2 560 684
3 276 578
4 37 66
5 88 373
6 3 761
7 813 69
8 885 502
9 319 56
10 49 988
11 831 913
12 206 486
13 373 140
14 749 374
15 494 550
16 23 748
17 79 426
18 212 750
19 749 628
20 818 589
21 926 117
22 781 188
23 609 362
24 17 985
25 350 433
26 253 693
27 68 158
28 759 358
29 774 930
30 959 717
31 116 724
32 726 873
33 647 467
34 22 477
35 5 340
DEMAND_SECTION
1 0
2 7
3 8
4 5
5 4
6 8
7 2
8 2
9 2
10 1
11 1
12 1
13 4
14 8
15 2
16 9
17 9
18 1
19 8
20 2
21 9
22 2
23 1
24 1
25 8
26 7
27 3
28 7
29 6
30 5
31 4
32 7
33 7
34 4
35 1
DEPOT_SECTION
 1
 -1
 EOF 