NAME: I14639-n40-k3
COMMENT : (Fake et al, No of trucks: 3, Optimal value: )
TYPE : CVRP
DIMENSION : 40
EDGE_WEIGHT_TYPE : EUC_2D
CAPACITY : 57
NODE_COORD_SECTION
1 362 505
2 973 77
3 842 653
4 704 419
5 869 672
6 740 596
7 255 501
8 846 753
9 734 150
10 509 234
11 112 573
12 65 488
13 421 127
14 483 242
15 771 989
16 836 989
17 637 334
18 770 555
19 510 418
20 225 954
21 375 370
22 799 723
23 346 563
24 562 411
25 483 442
26 300 828
27 630 192
28 665 987
29 816 883
30 301 854
31 485 924
32 759 400
33 711 629
34 36 727
35 689 565
36 748 343
37 946 767
38 162 855
39 334 518
40 201 999
DEMAND_SECTION
1 0
2 1
3 3
4 5
5 4
6 1
7 6
8 6
9 3
10 6
11 4
12 4
13 2
14 7
15 3
16 6
17 1
18 2
19 4
20 2
21 1
22 7
23 7
24 3
25 1
26 1
27 7
28 5
29 7
30 3
31 5
32 1
33 3
34 4
35 6
36 1
37 2
38 6
39 5
40 2
DEPOT_SECTION
 1
 -1
 EOF 