NAME: I14685-n32-k4
COMMENT : (Fake et al, No of trucks: 4, Optimal value: )
TYPE : CVRP
DIMENSION : 32
EDGE_WEIGHT_TYPE : EUC_2D
CAPACITY : 19
NODE_COORD_SECTION
1 893 263
2 741 729
3 559 366
4 644 978
5 582 957
6 701 723
7 488 156
8 752 953
9 239 795
10 376 344
11 16 255
12 615 31
13 979 495
14 768 34
15 378 540
16 176 495
17 421 328
18 819 217
19 916 191
20 369 985
21 354 985
22 13 655
23 76 818
24 558 410
25 179 957
26 697 117
27 784 503
28 645 52
29 299 793
30 565 54
31 577 12
32 262 709
DEMAND_SECTION
1 0
2 1
3 3
4 3
5 1
6 1
7 1
8 3
9 2
10 3
11 1
12 1
13 3
14 1
15 2
16 2
17 2
18 3
19 1
20 2
21 3
22 1
23 2
24 1
25 3
26 3
27 3
28 3
29 1
30 1
31 3
32 3
DEPOT_SECTION
 1
 -1
 EOF 