NAME: I14689-n46-k5
COMMENT : (Fake et al, No of trucks: 5, Optimal value: )
TYPE : CVRP
DIMENSION : 46
EDGE_WEIGHT_TYPE : EUC_2D
CAPACITY : 22
NODE_COORD_SECTION
1 313 459
2 807 914
3 681 197
4 881 553
5 245 892
6 865 416
7 478 606
8 815 659
9 692 471
10 0 622
11 250 467
12 780 212
13 594 170
14 18 868
15 784 116
16 293 473
17 9 718
18 681 937
19 616 480
20 898 419
21 239 920
22 586 394
23 772 902
24 970 837
25 41 17
26 25 376
27 629 94
28 156 987
29 247 799
30 370 859
31 554 387
32 843 693
33 515 743
34 812 518
35 434 713
36 263 152
37 311 717
38 138 655
39 447 234
40 188 522
41 972 656
42 958 175
43 656 420
44 363 562
45 508 63
46 305 619
DEMAND_SECTION
1 0
2 1
3 2
4 3
5 2
6 3
7 1
8 3
9 3
10 3
11 3
12 2
13 3
14 3
15 2
16 3
17 1
18 2
19 3
20 3
21 2
22 3
23 3
24 3
25 2
26 2
27 3
28 2
29 1
30 3
31 2
32 2
33 2
34 3
35 2
36 2
37 1
38 2
39 3
40 1
41 2
42 1
43 1
44 3
45 2
46 1
DEPOT_SECTION
 1
 -1
 EOF 