NAME: I14699-n42-k6
COMMENT : (Fake et al, No of trucks: 6, Optimal value: )
TYPE : CVRP
DIMENSION : 42
EDGE_WEIGHT_TYPE : EUC_2D
CAPACITY : 16
NODE_COORD_SECTION
1 139 558
2 61 706
3 208 50
4 141 490
5 80 396
6 612 81
7 855 45
8 375 709
9 887 479
10 970 552
11 661 612
12 527 759
13 451 147
14 352 67
15 543 83
16 882 916
17 593 819
18 419 612
19 364 526
20 415 173
21 46 362
22 277 383
23 502 681
24 536 467
25 934 117
26 98 16
27 453 913
28 216 904
29 219 326
30 910 371
31 926 898
32 313 793
33 327 881
34 857 544
35 598 914
36 190 219
37 373 717
38 687 680
39 711 383
40 204 534
41 444 56
42 188 367
DEMAND_SECTION
1 0
2 1
3 2
4 3
5 3
6 3
7 1
8 3
9 2
10 2
11 2
12 1
13 2
14 2
15 1
16 2
17 3
18 3
19 1
20 1
21 1
22 3
23 1
24 1
25 1
26 1
27 1
28 2
29 3
30 3
31 3
32 2
33 1
34 3
35 2
36 3
37 2
38 3
39 2
40 1
41 1
42 3
DEPOT_SECTION
 1
 -1
 EOF 