NAME: I14624-n44-k6
COMMENT : (Fake et al, No of trucks: 6, Optimal value: )
TYPE : CVRP
DIMENSION : 44
EDGE_WEIGHT_TYPE : EUC_2D
CAPACITY : 45
NODE_COORD_SECTION
1 311 395
2 256 623
3 686 67
4 71 186
5 230 467
6 715 142
7 193 224
8 300 408
9 520 561
10 715 220
11 177 985
12 410 665
13 415 346
14 655 860
15 431 129
16 897 72
17 820 195
18 883 316
19 288 625
20 569 796
21 928 956
22 877 732
23 349 462
24 18 718
25 94 631
26 146 701
27 84 357
28 515 170
29 742 117
30 714 459
31 963 664
32 298 483
33 887 55
34 153 135
35 16 701
36 922 427
37 67 275
38 207 160
39 651 914
40 85 684
41 336 891
42 16 529
43 981 622
44 692 619
DEMAND_SECTION
1 0
2 1
3 3
4 5
5 5
6 6
7 10
8 6
9 1
10 10
11 9
12 7
13 2
14 3
15 7
16 3
17 7
18 1
19 9
20 1
21 2
22 6
23 9
24 1
25 10
26 6
27 7
28 6
29 2
30 5
31 3
32 7
33 8
34 6
35 7
36 2
37 6
38 9
39 4
40 2
41 2
42 9
43 4
44 3
DEPOT_SECTION
 1
 -1
 EOF 