NAME: I14690-n41-k3
COMMENT : (Fake et al, No of trucks: 3, Optimal value: )
TYPE : CVRP
DIMENSION : 41
EDGE_WEIGHT_TYPE : EUC_2D
CAPACITY : 42
NODE_COORD_SECTION
1 307 806
2 954 564
3 138 858
4 19 367
5 623 486
6 215 779
7 596 917
8 457 116
9 587 797
10 681 620
11 406 505
12 952 493
13 47 874
14 184 821
15 397 123
16 63 929
17 105 403
18 694 692
19 333 906
20 745 713
21 181 987
22 278 134
23 516 342
24 916 753
25 975 31
26 841 228
27 605 848
28 165 946
29 969 539
30 320 346
31 110 997
32 112 77
33 260 799
34 229 756
35 356 944
36 985 948
37 994 173
38 786 662
39 423 819
40 628 745
41 229 652
DEMAND_SECTION
1 0
2 3
3 3
4 3
5 2
6 4
7 4
8 1
9 3
10 3
11 3
12 4
13 4
14 3
15 1
16 4
17 3
18 3
19 2
20 3
21 2
22 1
23 1
24 3
25 4
26 4
27 3
28 1
29 4
30 4
31 4
32 4
33 4
34 3
35 1
36 4
37 1
38 1
39 2
40 1
41 3
DEPOT_SECTION
 1
 -1
 EOF 