NAME: I1475-n50-k6
COMMENT : (Fake et al, No of trucks: 6, Optimal value: )
TYPE : CVRP
DIMENSION : 50
EDGE_WEIGHT_TYPE : EUC_2D
CAPACITY : 22
NODE_COORD_SECTION
1 992 606
2 118 625
3 6 664
4 885 982
5 684 734
6 631 395
7 484 551
8 643 997
9 995 165
10 543 530
11 346 978
12 274 918
13 460 842
14 158 850
15 120 482
16 13 483
17 129 243
18 549 435
19 422 369
20 803 975
21 784 626
22 275 892
23 839 267
24 186 218
25 198 525
26 897 310
27 850 968
28 56 238
29 626 120
30 888 787
31 82 537
32 159 455
33 392 85
34 335 280
35 644 600
36 640 905
37 511 851
38 489 480
39 370 874
40 206 363
41 129 708
42 771 379
43 209 741
44 991 816
45 33 363
46 577 203
47 185 514
48 334 199
49 784 248
50 620 258
DEMAND_SECTION
1 0
2 4
3 4
4 3
5 1
6 3
7 1
8 2
9 4
10 3
11 1
12 2
13 1
14 3
15 1
16 1
17 1
18 2
19 2
20 3
21 4
22 1
23 2
24 1
25 3
26 3
27 2
28 1
29 3
30 3
31 3
32 3
33 1
34 3
35 4
36 1
37 3
38 4
39 3
40 2
41 2
42 1
43 2
44 1
45 1
46 1
47 4
48 3
49 1
50 2
DEPOT_SECTION
 1
 -1
 EOF 