NAME: I14762-n41-k3
COMMENT : (Fake et al, No of trucks: 3, Optimal value: )
TYPE : CVRP
DIMENSION : 41
EDGE_WEIGHT_TYPE : EUC_2D
CAPACITY : 47
NODE_COORD_SECTION
1 140 189
2 228 726
3 412 924
4 362 507
5 997 283
6 162 294
7 940 659
8 532 492
9 155 160
10 162 755
11 542 313
12 961 360
13 130 142
14 275 115
15 186 749
16 323 121
17 826 342
18 786 374
19 854 339
20 116 148
21 585 599
22 675 996
23 787 856
24 444 164
25 56 9
26 143 596
27 348 806
28 390 866
29 938 277
30 877 467
31 103 283
32 25 191
33 210 651
34 636 860
35 307 955
36 889 45
37 819 883
38 421 9
39 797 831
40 820 931
41 117 883
DEMAND_SECTION
1 0
2 3
3 1
4 3
5 5
6 1
7 2
8 1
9 3
10 4
11 2
12 5
13 4
14 2
15 5
16 4
17 2
18 4
19 5
20 2
21 3
22 1
23 2
24 3
25 5
26 1
27 2
28 1
29 2
30 3
31 4
32 5
33 5
34 1
35 4
36 3
37 1
38 2
39 5
40 5
41 2
DEPOT_SECTION
 1
 -1
 EOF 