NAME: I14713-n41-k3
COMMENT : (Fake et al, No of trucks: 3, Optimal value: )
TYPE : CVRP
DIMENSION : 41
EDGE_WEIGHT_TYPE : EUC_2D
CAPACITY : 46
NODE_COORD_SECTION
1 615 453
2 554 831
3 400 823
4 387 3
5 173 893
6 572 346
7 264 263
8 253 279
9 939 720
10 411 950
11 68 902
12 429 380
13 912 421
14 809 951
15 925 144
16 369 780
17 123 208
18 603 960
19 263 1000
20 452 780
21 783 3
22 491 157
23 823 220
24 965 186
25 682 44
26 709 566
27 282 302
28 452 427
29 946 97
30 498 844
31 516 385
32 247 829
33 242 737
34 437 418
35 353 282
36 453 790
37 719 986
38 445 482
39 596 73
40 304 159
41 638 873
DEMAND_SECTION
1 0
2 5
3 4
4 2
5 3
6 5
7 1
8 5
9 2
10 3
11 1
12 3
13 1
14 1
15 1
16 2
17 5
18 6
19 3
20 6
21 4
22 1
23 3
24 4
25 2
26 1
27 6
28 1
29 1
30 5
31 3
32 2
33 6
34 5
35 2
36 5
37 5
38 1
39 2
40 6
41 2
DEPOT_SECTION
 1
 -1
 EOF 