NAME: I14795-n32-k4
COMMENT : (Fake et al, No of trucks: 4, Optimal value: )
TYPE : CVRP
DIMENSION : 32
EDGE_WEIGHT_TYPE : EUC_2D
CAPACITY : 9
NODE_COORD_SECTION
1 637 775
2 290 9
3 120 430
4 699 366
5 342 802
6 737 322
7 561 944
8 103 564
9 377 504
10 967 243
11 120 759
12 340 824
13 291 416
14 982 11
15 394 658
16 802 514
17 413 463
18 695 122
19 453 831
20 889 154
21 718 677
22 439 226
23 60 265
24 682 225
25 874 789
26 930 101
27 163 233
28 998 851
29 405 447
30 712 551
31 607 57
32 775 502
DEMAND_SECTION
1 0
2 1
3 1
4 1
5 1
6 1
7 1
8 1
9 1
10 1
11 1
12 1
13 1
14 1
15 1
16 1
17 1
18 1
19 1
20 1
21 1
22 1
23 1
24 1
25 1
26 1
27 1
28 1
29 1
30 1
31 1
32 1
DEPOT_SECTION
 1
 -1
 EOF 