NAME: I14893-n49-k3
COMMENT : (Fake et al, No of trucks: 3, Optimal value: )
TYPE : CVRP
DIMENSION : 49
EDGE_WEIGHT_TYPE : EUC_2D
CAPACITY : 67
NODE_COORD_SECTION
1 593 279
2 341 136
3 470 612
4 839 332
5 48 573
6 515 144
7 394 358
8 219 842
9 24 432
10 962 784
11 484 579
12 717 732
13 145 916
14 230 123
15 369 903
16 558 883
17 801 949
18 800 114
19 998 440
20 628 649
21 344 605
22 195 670
23 66 322
24 525 936
25 608 923
26 591 320
27 658 662
28 380 342
29 279 131
30 938 168
31 723 885
32 921 13
33 505 55
34 316 735
35 577 953
36 332 621
37 50 484
38 632 171
39 840 800
40 798 778
41 523 650
42 592 899
43 514 718
44 914 167
45 249 344
46 730 558
47 150 148
48 799 834
49 159 229
DEMAND_SECTION
1 0
2 6
3 4
4 2
5 6
6 6
7 5
8 1
9 5
10 1
11 4
12 3
13 5
14 1
15 1
16 1
17 4
18 6
19 6
20 4
21 5
22 6
23 6
24 1
25 3
26 4
27 2
28 2
29 3
30 2
31 2
32 2
33 3
34 4
35 6
36 1
37 2
38 4
39 4
40 4
41 3
42 2
43 3
44 5
45 3
46 4
47 2
48 1
49 5
DEPOT_SECTION
 1
 -1
 EOF 