NAME: I14840-n26-k4
COMMENT : (Fake et al, No of trucks: 4, Optimal value: )
TYPE : CVRP
DIMENSION : 26
EDGE_WEIGHT_TYPE : EUC_2D
CAPACITY : 21
NODE_COORD_SECTION
1 506 507
2 551 59
3 357 491
4 648 61
5 436 798
6 759 1
7 972 913
8 578 309
9 962 154
10 45 304
11 117 346
12 48 493
13 529 240
14 453 281
15 370 593
16 154 593
17 47 764
18 10 190
19 250 347
20 646 711
21 705 669
22 570 369
23 474 703
24 791 373
25 523 820
26 26 722
DEMAND_SECTION
1 0
2 2
3 3
4 3
5 2
6 1
7 4
8 2
9 3
10 2
11 4
12 1
13 2
14 1
15 3
16 1
17 2
18 4
19 4
20 4
21 4
22 1
23 4
24 4
25 2
26 4
DEPOT_SECTION
 1
 -1
 EOF 