NAME: I14837-n40-k4
COMMENT : (Fake et al, No of trucks: 4, Optimal value: )
TYPE : CVRP
DIMENSION : 40
EDGE_WEIGHT_TYPE : EUC_2D
CAPACITY : 61
NODE_COORD_SECTION
1 447 703
2 928 352
3 641 539
4 32 628
5 609 169
6 130 821
7 664 497
8 750 487
9 71 521
10 892 250
11 193 934
12 741 252
13 395 583
14 246 181
15 558 941
16 131 102
17 649 280
18 489 522
19 181 119
20 619 505
21 969 666
22 564 770
23 214 630
24 97 977
25 128 398
26 608 647
27 259 19
28 298 455
29 831 990
30 718 202
31 691 671
32 59 521
33 503 4
34 811 698
35 483 695
36 157 524
37 263 681
38 544 287
39 796 258
40 218 798
DEMAND_SECTION
1 0
2 9
3 4
4 8
5 3
6 3
7 10
8 7
9 1
10 1
11 9
12 7
13 9
14 9
15 7
16 1
17 10
18 3
19 8
20 2
21 2
22 3
23 7
24 7
25 5
26 1
27 6
28 8
29 10
30 3
31 3
32 7
33 4
34 9
35 6
36 10
37 5
38 3
39 8
40 7
DEPOT_SECTION
 1
 -1
 EOF 