NAME: I14910-n46-k5
COMMENT : (Fake et al, No of trucks: 5, Optimal value: )
TYPE : CVRP
DIMENSION : 46
EDGE_WEIGHT_TYPE : EUC_2D
CAPACITY : 36
NODE_COORD_SECTION
1 694 505
2 169 950
3 241 160
4 831 695
5 689 787
6 654 592
7 789 127
8 860 195
9 451 119
10 239 77
11 379 955
12 718 647
13 411 124
14 480 371
15 848 901
16 95 324
17 592 28
18 112 163
19 968 277
20 285 245
21 972 793
22 176 101
23 765 674
24 669 386
25 355 527
26 525 947
27 305 298
28 827 708
29 59 122
30 736 75
31 365 360
32 915 405
33 130 920
34 163 408
35 517 989
36 238 87
37 259 954
38 27 240
39 564 743
40 989 287
41 93 511
42 755 663
43 640 365
44 649 441
45 779 857
46 442 485
DEMAND_SECTION
1 0
2 7
3 7
4 6
5 3
6 7
7 1
8 7
9 7
10 7
11 4
12 1
13 2
14 1
15 1
16 4
17 3
18 1
19 3
20 4
21 4
22 3
23 1
24 5
25 7
26 1
27 6
28 2
29 6
30 5
31 4
32 7
33 2
34 1
35 1
36 3
37 2
38 4
39 2
40 3
41 7
42 1
43 3
44 1
45 4
46 2
DEPOT_SECTION
 1
 -1
 EOF 