NAME: I14935-n44-k5
COMMENT : (Fake et al, No of trucks: 5, Optimal value: )
TYPE : CVRP
DIMENSION : 44
EDGE_WEIGHT_TYPE : EUC_2D
CAPACITY : 53
NODE_COORD_SECTION
1 131 627
2 759 437
3 721 533
4 321 829
5 921 126
6 449 509
7 707 568
8 368 252
9 903 885
10 581 449
11 328 417
12 676 843
13 841 114
14 562 533
15 118 544
16 782 452
17 265 697
18 561 404
19 899 191
20 202 663
21 373 520
22 922 541
23 115 406
24 530 29
25 992 879
26 259 780
27 225 22
28 457 948
29 318 826
30 633 812
31 951 586
32 70 520
33 70 291
34 593 347
35 514 227
36 490 117
37 209 746
38 597 792
39 865 933
40 951 785
41 210 333
42 355 602
43 740 813
44 397 486
DEMAND_SECTION
1 0
2 7
3 7
4 8
5 3
6 7
7 4
8 2
9 9
10 2
11 8
12 3
13 5
14 9
15 2
16 4
17 6
18 5
19 6
20 8
21 3
22 4
23 2
24 7
25 7
26 6
27 9
28 3
29 5
30 4
31 5
32 9
33 2
34 8
35 2
36 5
37 7
38 9
39 2
40 6
41 7
42 2
43 5
44 6
DEPOT_SECTION
 1
 -1
 EOF 