NAME: I14970-n40-k4
COMMENT : (Fake et al, No of trucks: 4, Optimal value: )
TYPE : CVRP
DIMENSION : 40
EDGE_WEIGHT_TYPE : EUC_2D
CAPACITY : 36
NODE_COORD_SECTION
1 309 400
2 35 131
3 764 524
4 978 100
5 404 56
6 245 725
7 814 858
8 725 91
9 472 147
10 322 930
11 144 656
12 345 767
13 358 1
14 480 200
15 59 679
16 632 397
17 195 558
18 350 472
19 579 664
20 787 128
21 940 51
22 403 196
23 276 827
24 486 430
25 497 132
26 584 806
27 311 716
28 498 883
29 774 419
30 119 250
31 442 142
32 975 934
33 718 523
34 36 636
35 448 826
36 784 774
37 433 208
38 305 506
39 344 897
40 252 837
DEMAND_SECTION
1 0
2 4
3 5
4 2
5 4
6 4
7 5
8 4
9 5
10 4
11 1
12 2
13 3
14 2
15 1
16 5
17 5
18 5
19 1
20 2
21 5
22 2
23 3
24 4
25 5
26 5
27 1
28 2
29 1
30 1
31 1
32 3
33 2
34 2
35 5
36 3
37 1
38 4
39 1
40 5
DEPOT_SECTION
 1
 -1
 EOF 