NAME: I14979-n40-k3
COMMENT : (Fake et al, No of trucks: 3, Optimal value: )
TYPE : CVRP
DIMENSION : 40
EDGE_WEIGHT_TYPE : EUC_2D
CAPACITY : 66
NODE_COORD_SECTION
1 434 541
2 327 203
3 543 656
4 402 838
5 787 641
6 469 773
7 937 698
8 438 458
9 727 941
10 858 571
11 910 769
12 388 180
13 863 756
14 141 905
15 61 303
16 333 60
17 826 858
18 112 740
19 708 413
20 381 293
21 948 396
22 142 12
23 674 353
24 682 626
25 155 742
26 475 872
27 705 449
28 961 18
29 823 52
30 315 91
31 475 603
32 454 654
33 990 665
34 591 153
35 64 534
36 307 262
37 167 923
38 817 951
39 103 791
40 29 922
DEMAND_SECTION
1 0
2 6
3 7
4 6
5 2
6 8
7 2
8 3
9 6
10 5
11 5
12 3
13 1
14 5
15 3
16 1
17 1
18 3
19 8
20 6
21 8
22 5
23 4
24 7
25 3
26 3
27 1
28 3
29 8
30 5
31 1
32 7
33 3
34 8
35 4
36 3
37 1
38 8
39 8
40 8
DEPOT_SECTION
 1
 -1
 EOF 