NAME: I15063-n28-k3
COMMENT : (Fake et al, No of trucks: 3, Optimal value: )
TYPE : CVRP
DIMENSION : 28
EDGE_WEIGHT_TYPE : EUC_2D
CAPACITY : 15
NODE_COORD_SECTION
1 956 254
2 203 505
3 778 570
4 772 227
5 126 193
6 274 958
7 742 716
8 286 665
9 370 654
10 47 951
11 676 672
12 120 436
13 243 11
14 360 167
15 359 897
16 857 986
17 639 964
18 929 439
19 168 866
20 140 57
21 957 951
22 187 554
23 939 518
24 330 492
25 754 639
26 436 44
27 648 934
28 865 417
DEMAND_SECTION
1 0
2 2
3 1
4 1
5 1
6 1
7 1
8 1
9 2
10 2
11 1
12 2
13 2
14 2
15 1
16 2
17 1
18 1
19 2
20 1
21 1
22 1
23 2
24 2
25 1
26 2
27 2
28 2
DEPOT_SECTION
 1
 -1
 EOF 