NAME: I15044-n48-k4
COMMENT : (Fake et al, No of trucks: 4, Optimal value: )
TYPE : CVRP
DIMENSION : 48
EDGE_WEIGHT_TYPE : EUC_2D
CAPACITY : 19
NODE_COORD_SECTION
1 98 260
2 128 417
3 746 791
4 490 189
5 934 717
6 709 186
7 95 371
8 833 310
9 884 629
10 890 659
11 154 812
12 105 282
13 845 666
14 663 893
15 663 838
16 933 869
17 562 422
18 670 372
19 251 970
20 251 369
21 305 117
22 413 196
23 501 428
24 74 524
25 436 402
26 613 754
27 203 121
28 938 112
29 110 592
30 53 883
31 55 917
32 759 273
33 396 762
34 103 292
35 715 565
36 664 871
37 926 252
38 101 194
39 50 386
40 79 43
41 734 483
42 553 348
43 966 788
44 107 577
45 665 15
46 830 449
47 325 521
48 196 101
DEMAND_SECTION
1 0
2 2
3 1
4 1
5 1
6 2
7 1
8 2
9 2
10 2
11 1
12 1
13 1
14 1
15 2
16 1
17 1
18 1
19 1
20 2
21 2
22 2
23 2
24 1
25 2
26 1
27 1
28 1
29 2
30 2
31 1
32 2
33 2
34 2
35 2
36 2
37 2
38 1
39 1
40 2
41 1
42 1
43 1
44 1
45 2
46 1
47 1
48 2
DEPOT_SECTION
 1
 -1
 EOF 