NAME: I15159-n28-k3
COMMENT : (Fake et al, No of trucks: 3, Optimal value: )
TYPE : CVRP
DIMENSION : 28
EDGE_WEIGHT_TYPE : EUC_2D
CAPACITY : 16
NODE_COORD_SECTION
1 801 393
2 954 662
3 167 802
4 175 189
5 72 423
6 218 221
7 602 712
8 440 270
9 460 595
10 910 436
11 116 900
12 846 206
13 767 416
14 952 864
15 942 479
16 568 318
17 123 77
18 853 804
19 458 417
20 891 205
21 782 701
22 809 578
23 950 561
24 576 182
25 798 571
26 971 76
27 244 69
28 738 166
DEMAND_SECTION
1 0
2 1
3 1
4 2
5 2
6 1
7 1
8 2
9 1
10 2
11 2
12 1
13 2
14 2
15 2
16 2
17 1
18 2
19 1
20 2
21 1
22 1
23 1
24 2
25 1
26 1
27 1
28 1
DEPOT_SECTION
 1
 -1
 EOF 