NAME: I15263-n49-k6
COMMENT : (Fake et al, No of trucks: 6, Optimal value: )
TYPE : CVRP
DIMENSION : 49
EDGE_WEIGHT_TYPE : EUC_2D
CAPACITY : 13
NODE_COORD_SECTION
1 774 783
2 170 742
3 462 225
4 277 274
5 351 738
6 859 284
7 948 36
8 865 331
9 922 250
10 598 914
11 195 309
12 510 857
13 888 228
14 7 572
15 239 308
16 52 969
17 179 792
18 23 314
19 42 74
20 172 757
21 250 460
22 250 857
23 820 935
24 302 984
25 245 651
26 510 625
27 943 403
28 55 944
29 850 78
30 376 16
31 992 402
32 682 700
33 99 750
34 344 547
35 881 938
36 475 208
37 180 272
38 185 448
39 126 784
40 396 291
41 972 520
42 988 668
43 652 713
44 838 271
45 72 147
46 881 619
47 14 92
48 950 239
49 20 123
DEMAND_SECTION
1 0
2 2
3 2
4 2
5 1
6 2
7 1
8 1
9 1
10 1
11 1
12 2
13 1
14 2
15 2
16 1
17 2
18 2
19 2
20 2
21 1
22 2
23 2
24 1
25 1
26 1
27 2
28 1
29 2
30 1
31 1
32 1
33 2
34 1
35 2
36 1
37 1
38 1
39 1
40 2
41 1
42 2
43 1
44 1
45 1
46 2
47 1
48 1
49 2
DEPOT_SECTION
 1
 -1
 EOF 