NAME: I15217-n41-k4
COMMENT : (Fake et al, No of trucks: 4, Optimal value: )
TYPE : CVRP
DIMENSION : 41
EDGE_WEIGHT_TYPE : EUC_2D
CAPACITY : 23
NODE_COORD_SECTION
1 909 639
2 258 342
3 695 590
4 84 120
5 269 121
6 85 290
7 732 814
8 715 947
9 647 955
10 63 143
11 11 128
12 682 924
13 679 326
14 829 817
15 310 507
16 438 996
17 847 794
18 281 511
19 189 904
20 625 930
21 58 635
22 287 139
23 280 924
24 265 502
25 538 323
26 773 188
27 14 96
28 439 462
29 112 696
30 979 198
31 969 648
32 764 411
33 377 186
34 49 62
35 517 109
36 46 700
37 482 31
38 229 859
39 860 37
40 709 595
41 500 23
DEMAND_SECTION
1 0
2 2
3 2
4 2
5 2
6 1
7 3
8 3
9 3
10 3
11 3
12 1
13 1
14 2
15 2
16 2
17 2
18 2
19 1
20 3
21 2
22 3
23 1
24 1
25 2
26 2
27 2
28 3
29 1
30 1
31 2
32 3
33 1
34 3
35 2
36 2
37 1
38 3
39 2
40 1
41 1
DEPOT_SECTION
 1
 -1
 EOF 