NAME: I15286-n50-k4
COMMENT : (Fake et al, No of trucks: 4, Optimal value: )
TYPE : CVRP
DIMENSION : 50
EDGE_WEIGHT_TYPE : EUC_2D
CAPACITY : 40
NODE_COORD_SECTION
1 13 723
2 646 650
3 6 549
4 361 203
5 295 752
6 108 325
7 140 276
8 501 251
9 795 615
10 24 383
11 389 339
12 716 158
13 475 366
14 778 702
15 986 591
16 446 269
17 267 574
18 462 932
19 58 171
20 529 2
21 944 191
22 138 700
23 137 131
24 240 471
25 569 585
26 903 561
27 59 498
28 589 673
29 371 270
30 224 58
31 444 888
32 843 816
33 463 454
34 569 601
35 973 499
36 935 676
37 589 124
38 148 25
39 824 271
40 62 691
41 845 964
42 925 728
43 668 17
44 717 657
45 32 873
46 88 473
47 567 650
48 989 439
49 850 898
50 123 167
DEMAND_SECTION
1 0
2 2
3 3
4 3
5 2
6 4
7 2
8 2
9 2
10 2
11 3
12 2
13 4
14 2
15 2
16 4
17 4
18 4
19 2
20 3
21 3
22 3
23 3
24 1
25 3
26 4
27 4
28 1
29 2
30 2
31 2
32 3
33 3
34 4
35 4
36 3
37 2
38 4
39 3
40 2
41 3
42 1
43 3
44 4
45 1
46 1
47 4
48 4
49 4
50 2
DEPOT_SECTION
 1
 -1
 EOF 