NAME: I15391-n39-k3
COMMENT : (Fake et al, No of trucks: 3, Optimal value: )
TYPE : CVRP
DIMENSION : 39
EDGE_WEIGHT_TYPE : EUC_2D
CAPACITY : 36
NODE_COORD_SECTION
1 560 950
2 491 123
3 333 309
4 598 599
5 697 276
6 122 482
7 43 838
8 100 379
9 433 327
10 109 401
11 608 278
12 805 77
13 45 989
14 382 204
15 149 20
16 960 110
17 15 570
18 141 175
19 713 383
20 108 624
21 217 832
22 191 33
23 55 990
24 599 524
25 334 823
26 180 986
27 830 470
28 701 126
29 225 772
30 44 368
31 564 209
32 458 131
33 722 401
34 688 449
35 409 679
36 72 467
37 791 623
38 928 706
39 834 641
DEMAND_SECTION
1 0
2 2
3 1
4 1
5 2
6 1
7 1
8 3
9 1
10 3
11 4
12 2
13 3
14 3
15 4
16 3
17 4
18 3
19 1
20 4
21 1
22 4
23 1
24 1
25 2
26 4
27 4
28 1
29 2
30 2
31 3
32 3
33 1
34 3
35 1
36 3
37 4
38 3
39 3
DEPOT_SECTION
 1
 -1
 EOF 