NAME: I15357-n49-k5
COMMENT : (Fake et al, No of trucks: 5, Optimal value: )
TYPE : CVRP
DIMENSION : 49
EDGE_WEIGHT_TYPE : EUC_2D
CAPACITY : 37
NODE_COORD_SECTION
1 418 193
2 287 19
3 700 900
4 361 194
5 201 305
6 876 870
7 327 418
8 340 820
9 30 760
10 189 270
11 97 268
12 418 349
13 59 530
14 841 688
15 50 277
16 936 885
17 595 34
18 974 251
19 541 10
20 893 144
21 164 253
22 522 746
23 16 553
24 439 854
25 473 806
26 723 908
27 920 689
28 438 728
29 435 299
30 132 406
31 623 107
32 63 804
33 9 757
34 532 832
35 724 306
36 355 640
37 128 805
38 969 576
39 275 195
40 445 607
41 460 553
42 634 639
43 901 440
44 828 716
45 711 94
46 222 558
47 681 27
48 716 262
49 961 725
DEMAND_SECTION
1 0
2 5
3 2
4 1
5 5
6 5
7 5
8 3
9 4
10 1
11 3
12 1
13 2
14 3
15 2
16 3
17 4
18 3
19 5
20 2
21 2
22 5
23 1
24 4
25 3
26 1
27 4
28 4
29 1
30 4
31 3
32 1
33 3
34 2
35 1
36 2
37 5
38 3
39 3
40 5
41 5
42 2
43 5
44 3
45 5
46 4
47 4
48 5
49 4
DEPOT_SECTION
 1
 -1
 EOF 