NAME: I15355-n29-k5
COMMENT : (Fake et al, No of trucks: 5, Optimal value: )
TYPE : CVRP
DIMENSION : 29
EDGE_WEIGHT_TYPE : EUC_2D
CAPACITY : 15
NODE_COORD_SECTION
1 207 289
2 942 276
3 126 708
4 161 28
5 561 327
6 694 475
7 53 698
8 852 189
9 108 876
10 66 546
11 182 61
12 306 781
13 547 151
14 703 768
15 234 975
16 775 221
17 418 527
18 574 701
19 944 695
20 474 884
21 523 765
22 917 691
23 498 348
24 525 429
25 65 29
26 201 332
27 123 271
28 774 613
29 632 26
DEMAND_SECTION
1 0
2 1
3 3
4 2
5 3
6 3
7 1
8 2
9 3
10 2
11 2
12 2
13 3
14 2
15 3
16 2
17 3
18 1
19 3
20 1
21 1
22 3
23 1
24 2
25 2
26 3
27 3
28 3
29 3
DEPOT_SECTION
 1
 -1
 EOF 