NAME: I15503-n49-k3
COMMENT : (Fake et al, No of trucks: 3, Optimal value: )
TYPE : CVRP
DIMENSION : 49
EDGE_WEIGHT_TYPE : EUC_2D
CAPACITY : 57
NODE_COORD_SECTION
1 15 277
2 791 914
3 172 699
4 293 933
5 101 71
6 297 481
7 511 660
8 89 140
9 443 438
10 96 987
11 325 326
12 741 851
13 891 262
14 500 423
15 76 296
16 122 605
17 190 627
18 512 385
19 723 890
20 700 692
21 609 473
22 985 897
23 747 625
24 181 326
25 73 532
26 200 872
27 735 56
28 272 648
29 51 631
30 382 571
31 496 572
32 873 452
33 533 777
34 716 982
35 726 398
36 29 323
37 961 319
38 165 768
39 380 82
40 166 498
41 836 209
42 430 593
43 864 905
44 639 344
45 580 989
46 216 764
47 424 796
48 90 768
49 731 428
DEMAND_SECTION
1 0
2 4
3 6
4 2
5 1
6 1
7 5
8 6
9 4
10 1
11 5
12 4
13 2
14 2
15 5
16 1
17 1
18 2
19 3
20 6
21 1
22 1
23 5
24 3
25 3
26 4
27 5
28 2
29 5
30 5
31 1
32 1
33 3
34 5
35 3
36 4
37 3
38 5
39 5
40 1
41 2
42 6
43 2
44 6
45 1
46 3
47 1
48 5
49 5
DEPOT_SECTION
 1
 -1
 EOF 