NAME: I1554-n43-k3
COMMENT : (Fake et al, No of trucks: 3, Optimal value: )
TYPE : CVRP
DIMENSION : 43
EDGE_WEIGHT_TYPE : EUC_2D
CAPACITY : 47
NODE_COORD_SECTION
1 544 0
2 92 411
3 914 270
4 812 487
5 823 200
6 250 399
7 341 58
8 576 42
9 121 50
10 176 390
11 930 435
12 952 778
13 198 293
14 94 451
15 458 60
16 950 270
17 29 833
18 841 418
19 188 709
20 148 137
21 774 295
22 79 466
23 789 968
24 166 793
25 605 405
26 443 697
27 140 92
28 356 102
29 122 797
30 208 578
31 566 462
32 358 582
33 860 101
34 119 882
35 341 123
36 236 94
37 604 588
38 365 901
39 950 456
40 597 276
41 642 454
42 767 644
43 387 604
DEMAND_SECTION
1 0
2 3
3 3
4 3
5 3
6 5
7 4
8 1
9 1
10 4
11 3
12 5
13 1
14 3
15 1
16 1
17 2
18 5
19 2
20 2
21 2
22 2
23 2
24 1
25 5
26 2
27 2
28 2
29 2
30 1
31 5
32 1
33 1
34 5
35 5
36 5
37 3
38 4
39 3
40 4
41 4
42 3
43 1
DEPOT_SECTION
 1
 -1
 EOF 