NAME: I1550-n36-k6
COMMENT : (Fake et al, No of trucks: 6, Optimal value: )
TYPE : CVRP
DIMENSION : 36
EDGE_WEIGHT_TYPE : EUC_2D
CAPACITY : 30
NODE_COORD_SECTION
1 705 707
2 538 794
3 818 904
4 415 257
5 851 584
6 422 180
7 57 496
8 205 931
9 737 25
10 260 810
11 397 556
12 256 253
13 452 764
14 914 839
15 858 584
16 203 563
17 716 491
18 137 926
19 280 357
20 105 691
21 704 973
22 271 472
23 706 852
24 387 697
25 167 93
26 71 80
27 201 723
28 869 457
29 654 763
30 847 557
31 71 33
32 163 749
33 241 181
34 76 978
35 700 777
36 639 68
DEMAND_SECTION
1 0
2 2
3 8
4 7
5 2
6 6
7 6
8 8
9 7
10 5
11 1
12 5
13 3
14 6
15 6
16 3
17 8
18 2
19 2
20 1
21 7
22 1
23 3
24 6
25 1
26 1
27 3
28 5
29 7
30 6
31 6
32 2
33 8
34 8
35 7
36 1
DEPOT_SECTION
 1
 -1
 EOF 