NAME: I15625-n45-k3
COMMENT : (Fake et al, No of trucks: 3, Optimal value: )
TYPE : CVRP
DIMENSION : 45
EDGE_WEIGHT_TYPE : EUC_2D
CAPACITY : 84
NODE_COORD_SECTION
1 409 591
2 557 877
3 459 158
4 279 24
5 261 10
6 835 599
7 440 483
8 818 229
9 330 751
10 388 262
11 852 556
12 795 473
13 862 163
14 779 354
15 34 367
16 125 707
17 630 199
18 818 758
19 679 725
20 631 385
21 127 401
22 44 578
23 687 649
24 530 220
25 27 870
26 400 487
27 393 754
28 679 482
29 61 359
30 854 523
31 710 557
32 942 280
33 187 973
34 107 711
35 301 103
36 549 243
37 365 393
38 897 659
39 479 993
40 713 675
41 307 180
42 14 379
43 361 328
44 908 57
45 252 677
DEMAND_SECTION
1 0
2 6
3 3
4 2
5 1
6 6
7 2
8 6
9 4
10 1
11 4
12 5
13 8
14 4
15 5
16 7
17 6
18 3
19 7
20 5
21 8
22 3
23 8
24 5
25 7
26 8
27 4
28 6
29 3
30 4
31 6
32 5
33 8
34 8
35 2
36 4
37 2
38 8
39 8
40 7
41 7
42 1
43 7
44 5
45 1
DEPOT_SECTION
 1
 -1
 EOF 