NAME: I15690-n33-k6
COMMENT : (Fake et al, No of trucks: 6, Optimal value: )
TYPE : CVRP
DIMENSION : 33
EDGE_WEIGHT_TYPE : EUC_2D
CAPACITY : 29
NODE_COORD_SECTION
1 243 863
2 75 82
3 714 909
4 386 655
5 5 601
6 912 798
7 711 77
8 202 182
9 176 821
10 657 245
11 451 243
12 530 956
13 197 623
14 966 90
15 934 816
16 634 95
17 224 301
18 148 197
19 201 43
20 13 727
21 991 468
22 922 628
23 779 137
24 653 364
25 682 862
26 689 52
27 497 924
28 505 636
29 618 761
30 301 674
31 938 740
32 415 247
33 738 179
DEMAND_SECTION
1 0
2 5
3 6
4 5
5 6
6 3
7 3
8 3
9 6
10 7
11 3
12 1
13 1
14 7
15 6
16 3
17 3
18 3
19 7
20 5
21 5
22 6
23 6
24 7
25 5
26 6
27 7
28 3
29 6
30 1
31 3
32 5
33 6
DEPOT_SECTION
 1
 -1
 EOF 