NAME: I15629-n44-k5
COMMENT : (Fake et al, No of trucks: 5, Optimal value: )
TYPE : CVRP
DIMENSION : 44
EDGE_WEIGHT_TYPE : EUC_2D
CAPACITY : 22
NODE_COORD_SECTION
1 533 89
2 17 797
3 348 133
4 153 290
5 889 588
6 179 266
7 960 38
8 570 118
9 663 8
10 823 984
11 567 65
12 417 190
13 993 942
14 495 529
15 463 227
16 994 796
17 987 301
18 485 803
19 779 546
20 716 41
21 342 213
22 121 189
23 215 511
24 815 815
25 474 850
26 564 879
27 23 260
28 702 623
29 976 692
30 494 57
31 957 690
32 923 629
33 658 431
34 282 787
35 29 944
36 187 3
37 467 516
38 400 168
39 218 309
40 119 514
41 625 28
42 184 790
43 222 581
44 952 46
DEMAND_SECTION
1 0
2 2
3 2
4 3
5 3
6 1
7 3
8 1
9 2
10 3
11 1
12 1
13 1
14 3
15 2
16 1
17 3
18 2
19 3
20 2
21 3
22 3
23 3
24 2
25 3
26 3
27 1
28 2
29 1
30 2
31 1
32 2
33 2
34 3
35 1
36 1
37 2
38 2
39 3
40 2
41 2
42 3
43 2
44 2
DEPOT_SECTION
 1
 -1
 EOF 