NAME: I15647-n33-k3
COMMENT : (Fake et al, No of trucks: 3, Optimal value: )
TYPE : CVRP
DIMENSION : 33
EDGE_WEIGHT_TYPE : EUC_2D
CAPACITY : 43
NODE_COORD_SECTION
1 886 768
2 535 965
3 159 159
4 976 516
5 680 72
6 707 996
7 302 426
8 23 116
9 887 520
10 748 322
11 95 112
12 528 975
13 716 891
14 708 261
15 995 652
16 259 829
17 310 611
18 138 477
19 555 788
20 51 61
21 768 310
22 186 325
23 618 647
24 317 575
25 782 451
26 647 237
27 857 262
28 35 101
29 676 269
30 823 204
31 355 163
32 630 73
33 510 516
DEMAND_SECTION
1 0
2 4
3 1
4 1
5 3
6 6
7 4
8 4
9 4
10 5
11 2
12 2
13 6
14 6
15 3
16 5
17 4
18 6
19 2
20 5
21 3
22 1
23 6
24 2
25 6
26 2
27 2
28 5
29 4
30 1
31 3
32 1
33 2
DEPOT_SECTION
 1
 -1
 EOF 