NAME: I15720-n31-k5
COMMENT : (Fake et al, No of trucks: 5, Optimal value: )
TYPE : CVRP
DIMENSION : 31
EDGE_WEIGHT_TYPE : EUC_2D
CAPACITY : 10
NODE_COORD_SECTION
1 216 702
2 501 787
3 287 360
4 607 841
5 130 501
6 774 350
7 960 121
8 189 405
9 371 356
10 979 723
11 439 884
12 454 146
13 533 690
14 145 766
15 302 293
16 150 656
17 142 481
18 960 878
19 636 815
20 181 330
21 533 370
22 810 252
23 470 387
24 49 223
25 43 691
26 327 909
27 954 115
28 463 986
29 312 770
30 493 722
31 465 399
DEMAND_SECTION
1 0
2 1
3 1
4 2
5 2
6 1
7 2
8 1
9 1
10 1
11 1
12 1
13 1
14 1
15 2
16 2
17 1
18 1
19 1
20 1
21 2
22 1
23 2
24 1
25 1
26 2
27 2
28 1
29 2
30 2
31 1
DEPOT_SECTION
 1
 -1
 EOF 