NAME: I15758-n25-k4
COMMENT : (Fake et al, No of trucks: 4, Optimal value: )
TYPE : CVRP
DIMENSION : 25
EDGE_WEIGHT_TYPE : EUC_2D
CAPACITY : 19
NODE_COORD_SECTION
1 329 903
2 430 734
3 674 74
4 507 75
5 514 749
6 261 796
7 238 498
8 380 876
9 737 350
10 615 830
11 16 733
12 587 265
13 239 406
14 823 979
15 374 44
16 568 813
17 534 817
18 424 85
19 874 656
20 609 8
21 970 65
22 435 949
23 801 111
24 862 818
25 498 383
DEMAND_SECTION
1 0
2 4
3 4
4 4
5 4
6 3
7 4
8 2
9 3
10 2
11 3
12 3
13 2
14 5
15 3
16 5
17 4
18 1
19 2
20 4
21 1
22 1
23 2
24 2
25 2
DEPOT_SECTION
 1
 -1
 EOF 