NAME: I15716-n43-k5
COMMENT : (Fake et al, No of trucks: 5, Optimal value: )
TYPE : CVRP
DIMENSION : 43
EDGE_WEIGHT_TYPE : EUC_2D
CAPACITY : 37
NODE_COORD_SECTION
1 916 421
2 531 520
3 964 558
4 566 897
5 274 252
6 592 70
7 694 455
8 449 542
9 239 858
10 928 161
11 843 897
12 168 280
13 750 825
14 523 392
15 420 315
16 874 758
17 227 76
18 740 790
19 379 243
20 248 899
21 169 221
22 72 86
23 414 496
24 976 148
25 126 912
26 244 568
27 134 886
28 342 261
29 407 145
30 477 454
31 149 126
32 57 936
33 622 292
34 701 99
35 297 549
36 966 525
37 390 357
38 974 890
39 484 681
40 498 166
41 477 772
42 213 458
43 546 60
DEMAND_SECTION
1 0
2 6
3 2
4 6
5 7
6 5
7 1
8 1
9 3
10 7
11 4
12 7
13 1
14 1
15 5
16 4
17 3
18 7
19 1
20 6
21 3
22 2
23 7
24 5
25 6
26 4
27 1
28 5
29 5
30 2
31 7
32 7
33 2
34 5
35 3
36 6
37 2
38 3
39 2
40 1
41 7
42 1
43 7
DEPOT_SECTION
 1
 -1
 EOF 