NAME: I1587-n37-k4
COMMENT : (Fake et al, No of trucks: 4, Optimal value: )
TYPE : CVRP
DIMENSION : 37
EDGE_WEIGHT_TYPE : EUC_2D
CAPACITY : 57
NODE_COORD_SECTION
1 102 23
2 536 725
3 691 93
4 924 302
5 958 267
6 154 824
7 188 407
8 43 118
9 799 837
10 790 299
11 911 371
12 249 967
13 309 531
14 429 387
15 914 934
16 77 978
17 52 232
18 478 806
19 507 140
20 407 752
21 481 341
22 257 701
23 899 458
24 672 51
25 451 893
26 923 647
27 637 962
28 839 281
29 957 908
30 775 556
31 234 264
32 634 381
33 355 130
34 165 98
35 223 479
36 636 994
37 747 46
DEMAND_SECTION
1 0
2 1
3 10
4 6
5 8
6 8
7 2
8 1
9 7
10 1
11 4
12 9
13 5
14 2
15 6
16 7
17 3
18 4
19 8
20 4
21 10
22 8
23 9
24 3
25 1
26 8
27 5
28 7
29 6
30 5
31 8
32 10
33 2
34 8
35 5
36 5
37 4
DEPOT_SECTION
 1
 -1
 EOF 