NAME: I15928-n39-k6
COMMENT : (Fake et al, No of trucks: 6, Optimal value: )
TYPE : CVRP
DIMENSION : 39
EDGE_WEIGHT_TYPE : EUC_2D
CAPACITY : 21
NODE_COORD_SECTION
1 767 803
2 421 888
3 215 339
4 446 885
5 203 77
6 891 300
7 551 153
8 244 369
9 806 775
10 583 284
11 91 865
12 178 982
13 974 32
14 131 40
15 810 424
16 539 967
17 627 300
18 432 573
19 937 640
20 459 676
21 578 235
22 220 309
23 472 163
24 74 731
25 943 631
26 239 681
27 278 204
28 86 874
29 161 92
30 601 464
31 180 651
32 337 970
33 169 414
34 135 587
35 905 38
36 494 270
37 66 824
38 571 444
39 76 73
DEMAND_SECTION
1 0
2 1
3 3
4 3
5 1
6 2
7 3
8 2
9 3
10 2
11 4
12 1
13 1
14 4
15 4
16 3
17 3
18 2
19 4
20 4
21 3
22 4
23 4
24 1
25 4
26 1
27 1
28 4
29 3
30 1
31 4
32 2
33 4
34 4
35 4
36 1
37 4
38 2
39 2
DEPOT_SECTION
 1
 -1
 EOF 