NAME: I15902-n26-k4
COMMENT : (Fake et al, No of trucks: 4, Optimal value: )
TYPE : CVRP
DIMENSION : 26
EDGE_WEIGHT_TYPE : EUC_2D
CAPACITY : 49
NODE_COORD_SECTION
1 930 772
2 37 205
3 612 680
4 773 180
5 483 230
6 602 658
7 626 311
8 784 84
9 290 805
10 844 716
11 837 541
12 500 4
13 649 755
14 330 738
15 684 76
16 555 934
17 8 870
18 219 352
19 314 836
20 757 153
21 444 898
22 775 410
23 480 829
24 901 848
25 162 686
26 482 978
DEMAND_SECTION
1 0
2 5
3 2
4 4
5 4
6 9
7 4
8 10
9 10
10 9
11 6
12 9
13 8
14 5
15 10
16 5
17 8
18 3
19 8
20 7
21 6
22 3
23 3
24 10
25 5
26 8
DEPOT_SECTION
 1
 -1
 EOF 