NAME: I15946-n49-k3
COMMENT : (Fake et al, No of trucks: 3, Optimal value: )
TYPE : CVRP
DIMENSION : 49
EDGE_WEIGHT_TYPE : EUC_2D
CAPACITY : 125
NODE_COORD_SECTION
1 635 620
2 101 388
3 926 469
4 881 998
5 734 275
6 186 463
7 480 459
8 196 282
9 333 110
10 874 178
11 181 564
12 235 381
13 13 856
14 494 586
15 224 377
16 728 402
17 493 392
18 533 419
19 161 826
20 244 553
21 357 536
22 43 672
23 599 375
24 618 611
25 393 493
26 180 733
27 33 510
28 784 190
29 961 234
30 869 930
31 747 250
32 793 852
33 264 729
34 775 834
35 67 56
36 370 989
37 278 446
38 48 20
39 705 814
40 465 186
41 751 945
42 101 665
43 653 915
44 482 74
45 81 94
46 484 996
47 263 420
48 835 851
49 520 826
DEMAND_SECTION
1 0
2 11
3 6
4 10
5 3
6 8
7 4
8 10
9 5
10 2
11 1
12 11
13 4
14 3
15 1
16 6
17 6
18 11
19 8
20 1
21 7
22 8
23 4
24 9
25 9
26 9
27 3
28 4
29 9
30 10
31 1
32 6
33 11
34 9
35 8
36 8
37 11
38 5
39 6
40 10
41 9
42 5
43 1
44 6
45 4
46 10
47 7
48 10
49 3
DEPOT_SECTION
 1
 -1
 EOF 