NAME: I1593-n31-k6
COMMENT : (Fake et al, No of trucks: 6, Optimal value: )
TYPE : CVRP
DIMENSION : 31
EDGE_WEIGHT_TYPE : EUC_2D
CAPACITY : 24
NODE_COORD_SECTION
1 943 526
2 724 903
3 355 91
4 261 248
5 553 638
6 950 878
7 722 20
8 492 459
9 79 809
10 404 266
11 632 282
12 16 768
13 13 942
14 11 567
15 959 558
16 985 618
17 929 15
18 379 265
19 563 864
20 152 671
21 650 821
22 325 258
23 544 672
24 463 602
25 863 239
26 599 455
27 490 86
28 896 699
29 246 0
30 535 443
31 247 425
DEMAND_SECTION
1 0
2 2
3 6
4 7
5 1
6 7
7 2
8 7
9 3
10 1
11 2
12 1
13 7
14 8
15 7
16 5
17 7
18 1
19 8
20 1
21 4
22 2
23 7
24 7
25 1
26 7
27 5
28 5
29 2
30 5
31 3
DEPOT_SECTION
 1
 -1
 EOF 