NAME: I15999-n44-k4
COMMENT : (Fake et al, No of trucks: 4, Optimal value: )
TYPE : CVRP
DIMENSION : 44
EDGE_WEIGHT_TYPE : EUC_2D
CAPACITY : 40
NODE_COORD_SECTION
1 859 64
2 766 6
3 634 150
4 344 827
5 131 846
6 92 478
7 385 513
8 620 788
9 675 386
10 693 561
11 164 521
12 729 531
13 33 808
14 952 51
15 591 243
16 335 536
17 374 728
18 71 888
19 775 714
20 295 824
21 5 82
22 911 201
23 914 485
24 701 740
25 703 306
26 233 37
27 786 627
28 520 77
29 620 52
30 781 675
31 464 708
32 55 537
33 204 786
34 29 880
35 44 34
36 658 594
37 427 951
38 51 336
39 611 891
40 715 859
41 651 126
42 194 715
43 189 619
44 986 990
DEMAND_SECTION
1 0
2 3
3 3
4 2
5 3
6 4
7 5
8 1
9 5
10 3
11 3
12 3
13 4
14 5
15 4
16 4
17 3
18 5
19 5
20 5
21 1
22 1
23 3
24 1
25 1
26 2
27 5
28 5
29 2
30 3
31 3
32 1
33 1
34 3
35 5
36 5
37 3
38 2
39 4
40 2
41 5
42 3
43 1
44 5
DEPOT_SECTION
 1
 -1
 EOF 