NAME: I15959-n28-k5
COMMENT : (Fake et al, No of trucks: 5, Optimal value: )
TYPE : CVRP
DIMENSION : 28
EDGE_WEIGHT_TYPE : EUC_2D
CAPACITY : 19
NODE_COORD_SECTION
1 277 583
2 498 661
3 161 952
4 433 133
5 958 216
6 675 342
7 853 673
8 329 4
9 19 971
10 721 802
11 193 534
12 588 784
13 694 624
14 53 268
15 248 798
16 565 99
17 845 461
18 190 926
19 419 366
20 706 359
21 83 496
22 535 213
23 462 384
24 975 762
25 664 539
26 418 474
27 614 788
28 535 875
DEMAND_SECTION
1 0
2 2
3 3
4 3
5 5
6 4
7 5
8 1
9 4
10 5
11 1
12 5
13 5
14 3
15 3
16 5
17 1
18 5
19 1
20 3
21 1
22 1
23 3
24 1
25 3
26 4
27 3
28 4
DEPOT_SECTION
 1
 -1
 EOF 