NAME: I15953-n47-k3
COMMENT : (Fake et al, No of trucks: 3, Optimal value: )
TYPE : CVRP
DIMENSION : 47
EDGE_WEIGHT_TYPE : EUC_2D
CAPACITY : 87
NODE_COORD_SECTION
1 906 402
2 143 467
3 770 652
4 989 7
5 34 335
6 995 430
7 115 956
8 755 701
9 489 468
10 695 449
11 150 484
12 975 420
13 758 422
14 820 146
15 91 191
16 896 509
17 923 90
18 830 448
19 476 461
20 608 893
21 445 258
22 836 620
23 258 934
24 888 231
25 888 162
26 745 876
27 385 309
28 501 302
29 822 282
30 125 524
31 701 996
32 809 393
33 602 856
34 587 148
35 354 458
36 704 805
37 215 346
38 820 540
39 687 642
40 780 645
41 957 94
42 546 256
43 963 393
44 240 790
45 500 15
46 203 183
47 655 10
DEMAND_SECTION
1 0
2 11
3 6
4 1
5 8
6 5
7 9
8 8
9 7
10 3
11 7
12 7
13 10
14 4
15 2
16 10
17 6
18 4
19 1
20 7
21 1
22 3
23 8
24 8
25 9
26 1
27 1
28 6
29 2
30 1
31 4
32 1
33 5
34 3
35 2
36 1
37 2
38 7
39 5
40 2
41 4
42 4
43 2
44 4
45 6
46 9
47 4
DEPOT_SECTION
 1
 -1
 EOF 