NAME: I15976-n24-k5
COMMENT : (Fake et al, No of trucks: 5, Optimal value: )
TYPE : CVRP
DIMENSION : 24
EDGE_WEIGHT_TYPE : EUC_2D
CAPACITY : 9
NODE_COORD_SECTION
1 730 13
2 898 162
3 812 798
4 512 554
5 143 230
6 272 558
7 655 740
8 252 240
9 695 755
10 984 638
11 601 296
12 769 898
13 139 127
14 780 184
15 542 788
16 257 72
17 912 279
18 606 795
19 261 633
20 636 244
21 756 35
22 653 131
23 699 638
24 213 875
DEMAND_SECTION
1 0
2 2
3 2
4 2
5 3
6 1
7 3
8 2
9 1
10 1
11 1
12 1
13 2
14 2
15 1
16 2
17 1
18 1
19 1
20 2
21 1
22 2
23 2
24 3
DEPOT_SECTION
 1
 -1
 EOF 