NAME: I15998-n37-k6
COMMENT : (Fake et al, No of trucks: 6, Optimal value: )
TYPE : CVRP
DIMENSION : 37
EDGE_WEIGHT_TYPE : EUC_2D
CAPACITY : 22
NODE_COORD_SECTION
1 930 551
2 748 253
3 797 629
4 178 101
5 136 830
6 511 199
7 177 197
8 639 209
9 544 306
10 929 441
11 404 712
12 64 652
13 389 909
14 643 968
15 518 759
16 188 724
17 508 777
18 858 399
19 280 598
20 627 557
21 808 873
22 74 190
23 88 206
24 183 772
25 443 953
26 11 154
27 186 160
28 934 336
29 285 98
30 260 655
31 377 582
32 522 803
33 112 935
34 465 755
35 36 23
36 716 582
37 411 833
DEMAND_SECTION
1 0
2 3
3 3
4 1
5 4
6 4
7 5
8 3
9 5
10 5
11 4
12 5
13 1
14 3
15 5
16 3
17 3
18 3
19 3
20 1
21 3
22 1
23 5
24 1
25 3
26 4
27 5
28 5
29 3
30 5
31 5
32 3
33 5
34 2
35 2
36 4
37 1
DEPOT_SECTION
 1
 -1
 EOF 