NAME: I16047-n37-k6
COMMENT : (Fake et al, No of trucks: 6, Optimal value: )
TYPE : CVRP
DIMENSION : 37
EDGE_WEIGHT_TYPE : EUC_2D
CAPACITY : 42
NODE_COORD_SECTION
1 7 550
2 886 494
3 691 944
4 842 975
5 314 538
6 688 949
7 150 272
8 152 179
9 479 994
10 104 925
11 907 245
12 892 378
13 383 393
14 129 688
15 316 366
16 757 453
17 755 764
18 973 457
19 972 687
20 428 685
21 740 963
22 125 733
23 830 791
24 675 65
25 372 179
26 323 776
27 324 610
28 748 2
29 606 731
30 306 430
31 930 646
32 887 461
33 669 889
34 321 898
35 515 618
36 401 783
37 19 43
DEMAND_SECTION
1 0
2 5
3 4
4 8
5 2
6 10
7 9
8 3
9 11
10 9
11 9
12 9
13 9
14 7
15 9
16 6
17 2
18 3
19 6
20 4
21 7
22 3
23 1
24 9
25 4
26 4
27 5
28 8
29 4
30 1
31 5
32 3
33 8
34 8
35 10
36 8
37 4
DEPOT_SECTION
 1
 -1
 EOF 