NAME: I1614-n28-k4
COMMENT : (Fake et al, No of trucks: 4, Optimal value: )
TYPE : CVRP
DIMENSION : 28
EDGE_WEIGHT_TYPE : EUC_2D
CAPACITY : 8
NODE_COORD_SECTION
1 430 382
2 544 79
3 720 613
4 543 684
5 345 891
6 207 860
7 578 955
8 515 311
9 292 826
10 358 79
11 511 225
12 213 940
13 938 225
14 436 557
15 319 652
16 967 751
17 419 536
18 952 416
19 847 429
20 85 759
21 570 375
22 825 118
23 137 965
24 188 76
25 392 922
26 910 747
27 290 983
28 138 301
DEMAND_SECTION
1 0
2 1
3 1
4 1
5 1
6 1
7 1
8 1
9 1
10 1
11 1
12 1
13 1
14 1
15 1
16 1
17 1
18 1
19 1
20 1
21 1
22 1
23 1
24 1
25 1
26 1
27 1
28 1
DEPOT_SECTION
 1
 -1
 EOF 