NAME: I16130-n30-k6
COMMENT : (Fake et al, No of trucks: 6, Optimal value: )
TYPE : CVRP
DIMENSION : 30
EDGE_WEIGHT_TYPE : EUC_2D
CAPACITY : 24
NODE_COORD_SECTION
1 746 447
2 768 611
3 258 469
4 174 874
5 635 628
6 300 103
7 332 118
8 493 517
9 834 163
10 261 692
11 42 628
12 659 730
13 501 667
14 217 14
15 997 718
16 676 912
17 410 715
18 523 485
19 777 713
20 655 663
21 737 871
22 80 914
23 511 384
24 330 711
25 336 274
26 413 462
27 72 47
28 310 575
29 795 279
30 52 674
DEMAND_SECTION
1 0
2 5
3 4
4 6
5 6
6 6
7 1
8 6
9 7
10 2
11 3
12 2
13 6
14 2
15 4
16 6
17 3
18 5
19 5
20 5
21 2
22 7
23 4
24 6
25 2
26 1
27 2
28 6
29 1
30 1
DEPOT_SECTION
 1
 -1
 EOF 