NAME: I16253-n33-k3
COMMENT : (Fake et al, No of trucks: 3, Optimal value: )
TYPE : CVRP
DIMENSION : 33
EDGE_WEIGHT_TYPE : EUC_2D
CAPACITY : 13
NODE_COORD_SECTION
1 28 195
2 289 576
3 118 68
4 848 339
5 679 518
6 469 221
7 594 93
8 782 793
9 795 741
10 144 308
11 115 56
12 0 966
13 191 987
14 916 755
15 298 901
16 180 245
17 491 154
18 710 363
19 961 556
20 908 680
21 900 995
22 579 41
23 413 970
24 645 261
25 668 44
26 913 46
27 666 394
28 717 360
29 98 936
30 162 77
31 478 257
32 618 464
33 184 782
DEMAND_SECTION
1 0
2 1
3 1
4 1
5 1
6 1
7 1
8 1
9 1
10 1
11 1
12 1
13 1
14 1
15 1
16 1
17 1
18 1
19 1
20 1
21 1
22 1
23 1
24 1
25 1
26 1
27 1
28 1
29 1
30 1
31 1
32 1
33 1
DEPOT_SECTION
 1
 -1
 EOF 