NAME: I16296-n24-k6
COMMENT : (Fake et al, No of trucks: 6, Optimal value: )
TYPE : CVRP
DIMENSION : 24
EDGE_WEIGHT_TYPE : EUC_2D
CAPACITY : 27
NODE_COORD_SECTION
1 502 357
2 37 247
3 403 321
4 878 63
5 799 317
6 182 159
7 464 905
8 313 139
9 984 347
10 442 611
11 852 513
12 934 538
13 437 101
14 785 615
15 16 189
16 400 669
17 263 418
18 32 112
19 86 181
20 2 79
21 426 127
22 419 817
23 775 271
24 557 75
DEMAND_SECTION
1 0
2 7
3 3
4 9
5 7
6 6
7 9
8 3
9 3
10 8
11 4
12 9
13 9
14 3
15 9
16 10
17 10
18 9
19 2
20 4
21 6
22 7
23 2
24 6
DEPOT_SECTION
 1
 -1
 EOF 