NAME: I16200-n24-k5
COMMENT : (Fake et al, No of trucks: 5, Optimal value: )
TYPE : CVRP
DIMENSION : 24
EDGE_WEIGHT_TYPE : EUC_2D
CAPACITY : 27
NODE_COORD_SECTION
1 276 490
2 704 869
3 477 130
4 61 912
5 886 157
6 93 462
7 564 943
8 634 612
9 919 154
10 544 481
11 853 261
12 890 580
13 600 142
14 274 859
15 269 197
16 943 330
17 29 178
18 941 482
19 616 915
20 811 857
21 850 278
22 522 766
23 284 875
24 447 274
DEMAND_SECTION
1 0
2 2
3 2
4 4
5 5
6 8
7 1
8 7
9 8
10 9
11 8
12 6
13 9
14 5
15 4
16 1
17 9
18 9
19 3
20 1
21 2
22 6
23 7
24 6
DEPOT_SECTION
 1
 -1
 EOF 