NAME: I16312-n50-k3
COMMENT : (Fake et al, No of trucks: 3, Optimal value: )
TYPE : CVRP
DIMENSION : 50
EDGE_WEIGHT_TYPE : EUC_2D
CAPACITY : 105
NODE_COORD_SECTION
1 661 270
2 181 89
3 414 41
4 67 465
5 407 220
6 494 492
7 70 697
8 428 569
9 917 194
10 907 670
11 980 746
12 855 896
13 720 742
14 144 727
15 459 213
16 494 284
17 779 709
18 1000 561
19 763 32
20 370 736
21 670 359
22 262 56
23 746 769
24 643 509
25 713 406
26 386 258
27 997 307
28 278 364
29 714 848
30 750 943
31 822 390
32 912 353
33 947 988
34 407 63
35 968 904
36 8 98
37 703 87
38 208 145
39 771 799
40 109 529
41 833 963
42 980 49
43 447 75
44 357 7
45 233 353
46 85 570
47 674 141
48 531 750
49 205 797
50 491 526
DEMAND_SECTION
1 0
2 1
3 5
4 7
5 4
6 4
7 10
8 7
9 3
10 10
11 6
12 1
13 10
14 5
15 6
16 5
17 4
18 3
19 3
20 7
21 9
22 5
23 3
24 2
25 6
26 7
27 2
28 10
29 8
30 7
31 9
32 5
33 10
34 8
35 9
36 8
37 7
38 4
39 4
40 5
41 3
42 3
43 10
44 7
45 7
46 10
47 7
48 7
49 6
50 5
DEPOT_SECTION
 1
 -1
 EOF 