NAME: I16393-n35-k4
COMMENT : (Fake et al, No of trucks: 4, Optimal value: )
TYPE : CVRP
DIMENSION : 35
EDGE_WEIGHT_TYPE : EUC_2D
CAPACITY : 25
NODE_COORD_SECTION
1 575 37
2 237 349
3 237 470
4 648 472
5 942 478
6 870 27
7 703 231
8 630 369
9 451 642
10 713 137
11 347 71
12 52 620
13 236 496
14 36 543
15 235 602
16 750 151
17 964 304
18 681 789
19 929 469
20 241 15
21 535 938
22 690 991
23 119 736
24 455 603
25 994 16
26 895 679
27 832 431
28 168 620
29 38 197
30 662 363
31 758 879
32 308 900
33 155 516
34 531 703
35 751 728
DEMAND_SECTION
1 0
2 4
3 1
4 3
5 4
6 2
7 3
8 4
9 3
10 4
11 2
12 4
13 4
14 4
15 3
16 3
17 2
18 3
19 4
20 2
21 1
22 1
23 2
24 2
25 3
26 1
27 2
28 4
29 1
30 4
31 2
32 1
33 4
34 1
35 1
DEPOT_SECTION
 1
 -1
 EOF 