NAME: I1633-n40-k4
COMMENT : (Fake et al, No of trucks: 4, Optimal value: )
TYPE : CVRP
DIMENSION : 40
EDGE_WEIGHT_TYPE : EUC_2D
CAPACITY : 70
NODE_COORD_SECTION
1 855 407
2 926 301
3 558 92
4 854 70
5 780 598
6 682 179
7 336 359
8 452 87
9 883 105
10 447 876
11 41 81
12 459 962
13 531 803
14 942 658
15 851 137
16 598 504
17 378 592
18 40 314
19 548 103
20 628 861
21 356 859
22 345 918
23 992 9
24 973 867
25 764 404
26 249 674
27 502 476
28 936 588
29 676 623
30 478 203
31 45 658
32 934 778
33 995 743
34 687 908
35 854 991
36 955 591
37 708 526
38 786 750
39 243 304
40 775 326
DEMAND_SECTION
1 0
2 8
3 9
4 8
5 7
6 2
7 10
8 8
9 3
10 5
11 6
12 9
13 6
14 1
15 2
16 9
17 7
18 10
19 10
20 2
21 1
22 6
23 5
24 5
25 8
26 3
27 5
28 10
29 6
30 7
31 1
32 9
33 8
34 2
35 6
36 2
37 6
38 6
39 9
40 4
DEPOT_SECTION
 1
 -1
 EOF 