NAME: I16482-n47-k5
COMMENT : (Fake et al, No of trucks: 5, Optimal value: )
TYPE : CVRP
DIMENSION : 47
EDGE_WEIGHT_TYPE : EUC_2D
CAPACITY : 43
NODE_COORD_SECTION
1 5 860
2 222 46
3 521 155
4 139 623
5 167 194
6 719 577
7 115 493
8 874 51
9 641 955
10 766 925
11 804 732
12 822 973
13 963 500
14 326 900
15 970 67
16 889 208
17 10 121
18 614 821
19 71 961
20 85 557
21 208 686
22 60 891
23 433 733
24 744 134
25 10 667
26 760 770
27 740 830
28 846 283
29 721 384
30 88 837
31 941 576
32 696 660
33 396 768
34 53 936
35 241 224
36 365 82
37 473 546
38 520 312
39 411 241
40 356 258
41 460 771
42 799 77
43 669 251
44 1 53
45 784 668
46 988 404
47 325 569
DEMAND_SECTION
1 0
2 4
3 5
4 4
5 4
6 6
7 7
8 3
9 4
10 4
11 3
12 4
13 4
14 7
15 4
16 4
17 1
18 1
19 4
20 6
21 7
22 3
23 5
24 6
25 5
26 7
27 4
28 1
29 1
30 5
31 7
32 1
33 2
34 3
35 6
36 3
37 1
38 6
39 6
40 6
41 7
42 3
43 4
44 5
45 5
46 5
47 1
DEPOT_SECTION
 1
 -1
 EOF 