NAME: I16498-n26-k4
COMMENT : (Fake et al, No of trucks: 4, Optimal value: )
TYPE : CVRP
DIMENSION : 26
EDGE_WEIGHT_TYPE : EUC_2D
CAPACITY : 13
NODE_COORD_SECTION
1 436 593
2 719 952
3 440 525
4 139 120
5 17 950
6 828 678
7 730 926
8 954 955
9 461 187
10 607 276
11 515 481
12 697 747
13 682 230
14 880 722
15 751 423
16 846 687
17 89 983
18 566 449
19 478 326
20 214 961
21 75 856
22 469 957
23 998 217
24 11 139
25 786 144
26 770 33
DEMAND_SECTION
1 0
2 2
3 2
4 2
5 2
6 2
7 2
8 2
9 2
10 1
11 2
12 1
13 1
14 1
15 2
16 2
17 2
18 2
19 1
20 2
21 1
22 1
23 1
24 2
25 2
26 2
DEPOT_SECTION
 1
 -1
 EOF 