NAME: I16442-n45-k4
COMMENT : (Fake et al, No of trucks: 4, Optimal value: )
TYPE : CVRP
DIMENSION : 45
EDGE_WEIGHT_TYPE : EUC_2D
CAPACITY : 24
NODE_COORD_SECTION
1 551 343
2 327 784
3 191 398
4 774 216
5 75 236
6 127 212
7 868 552
8 246 130
9 809 66
10 544 726
11 322 206
12 850 285
13 583 443
14 619 651
15 45 127
16 637 367
17 687 678
18 172 875
19 943 447
20 578 79
21 970 798
22 5 242
23 491 370
24 88 338
25 425 134
26 431 830
27 968 218
28 49 99
29 419 101
30 193 588
31 967 888
32 816 917
33 775 928
34 193 968
35 231 435
36 451 451
37 890 114
38 361 587
39 534 800
40 25 981
41 768 514
42 554 813
43 639 922
44 13 956
45 87 736
DEMAND_SECTION
1 0
2 3
3 3
4 2
5 1
6 3
7 2
8 3
9 2
10 3
11 2
12 1
13 1
14 1
15 2
16 1
17 1
18 1
19 1
20 1
21 1
22 1
23 3
24 1
25 3
26 3
27 1
28 2
29 2
30 2
31 1
32 1
33 3
34 3
35 3
36 1
37 1
38 3
39 2
40 1
41 2
42 1
43 1
44 3
45 3
DEPOT_SECTION
 1
 -1
 EOF 