NAME: I16434-n40-k3
COMMENT : (Fake et al, No of trucks: 3, Optimal value: )
TYPE : CVRP
DIMENSION : 40
EDGE_WEIGHT_TYPE : EUC_2D
CAPACITY : 23
NODE_COORD_SECTION
1 279 173
2 740 860
3 984 607
4 887 370
5 551 399
6 126 401
7 616 983
8 605 12
9 920 583
10 811 41
11 312 612
12 942 835
13 829 842
14 818 947
15 645 634
16 12 106
17 365 138
18 554 305
19 955 938
20 542 561
21 929 135
22 105 87
23 716 930
24 865 770
25 797 565
26 717 570
27 338 769
28 452 528
29 25 750
30 381 78
31 35 83
32 351 866
33 746 323
34 324 924
35 133 748
36 697 870
37 68 6
38 346 721
39 492 387
40 12 198
DEMAND_SECTION
1 0
2 1
3 2
4 1
5 1
6 2
7 2
8 1
9 1
10 2
11 2
12 2
13 1
14 2
15 2
16 2
17 1
18 1
19 1
20 2
21 1
22 1
23 1
24 2
25 1
26 2
27 2
28 2
29 2
30 2
31 2
32 2
33 2
34 1
35 2
36 1
37 2
38 2
39 1
40 2
DEPOT_SECTION
 1
 -1
 EOF 