NAME: I16507-n35-k4
COMMENT : (Fake et al, No of trucks: 4, Optimal value: )
TYPE : CVRP
DIMENSION : 35
EDGE_WEIGHT_TYPE : EUC_2D
CAPACITY : 44
NODE_COORD_SECTION
1 384 278
2 416 192
3 955 284
4 261 414
5 928 451
6 585 334
7 947 853
8 848 730
9 392 43
10 806 653
11 288 34
12 933 575
13 738 379
14 890 27
15 828 941
16 453 651
17 379 382
18 643 339
19 793 203
20 104 576
21 439 482
22 396 289
23 95 822
24 573 710
25 727 429
26 598 552
27 731 759
28 579 18
29 313 460
30 991 330
31 864 952
32 963 323
33 409 615
34 449 977
35 668 632
DEMAND_SECTION
1 0
2 1
3 1
4 8
5 3
6 2
7 5
8 1
9 6
10 2
11 2
12 3
13 8
14 4
15 5
16 1
17 4
18 8
19 2
20 5
21 7
22 4
23 2
24 2
25 6
26 5
27 6
28 7
29 1
30 6
31 7
32 2
33 5
34 7
35 6
DEPOT_SECTION
 1
 -1
 EOF 