NAME: I16567-n36-k5
COMMENT : (Fake et al, No of trucks: 5, Optimal value: )
TYPE : CVRP
DIMENSION : 36
EDGE_WEIGHT_TYPE : EUC_2D
CAPACITY : 13
NODE_COORD_SECTION
1 694 695
2 16 370
3 673 637
4 448 884
5 829 249
6 688 452
7 945 597
8 994 722
9 784 411
10 76 835
11 202 129
12 565 685
13 122 416
14 602 741
15 102 639
16 706 11
17 23 510
18 295 154
19 133 375
20 936 268
21 245 258
22 71 259
23 219 177
24 406 688
25 798 512
26 510 239
27 974 565
28 186 553
29 22 872
30 921 134
31 66 216
32 292 680
33 44 158
34 14 651
35 43 749
36 641 881
DEMAND_SECTION
1 0
2 2
3 2
4 2
5 2
6 1
7 2
8 2
9 2
10 1
11 2
12 2
13 1
14 1
15 2
16 1
17 2
18 1
19 1
20 2
21 1
22 1
23 2
24 2
25 2
26 1
27 1
28 2
29 2
30 1
31 2
32 1
33 1
34 2
35 2
36 2
DEPOT_SECTION
 1
 -1
 EOF 