NAME: I16596-n44-k4
COMMENT : (Fake et al, No of trucks: 4, Optimal value: )
TYPE : CVRP
DIMENSION : 44
EDGE_WEIGHT_TYPE : EUC_2D
CAPACITY : 34
NODE_COORD_SECTION
1 673 382
2 843 524
3 516 753
4 189 176
5 726 339
6 426 422
7 720 371
8 795 63
9 780 503
10 978 39
11 396 396
12 819 743
13 750 326
14 737 593
15 222 305
16 580 516
17 94 113
18 926 814
19 765 401
20 775 624
21 602 784
22 334 69
23 287 463
24 103 782
25 344 219
26 709 501
27 891 951
28 732 496
29 599 222
30 675 738
31 569 384
32 63 125
33 479 743
34 952 343
35 326 628
36 601 401
37 172 754
38 34 844
39 854 236
40 904 245
41 491 632
42 3 716
43 357 828
44 99 284
DEMAND_SECTION
1 0
2 3
3 2
4 5
5 2
6 3
7 5
8 5
9 2
10 2
11 1
12 1
13 1
14 1
15 5
16 3
17 3
18 2
19 3
20 1
21 3
22 3
23 4
24 2
25 3
26 5
27 3
28 1
29 4
30 3
31 4
32 3
33 2
34 2
35 3
36 5
37 3
38 2
39 3
40 5
41 1
42 5
43 2
44 1
DEPOT_SECTION
 1
 -1
 EOF 