NAME: I16630-n40-k5
COMMENT : (Fake et al, No of trucks: 5, Optimal value: )
TYPE : CVRP
DIMENSION : 40
EDGE_WEIGHT_TYPE : EUC_2D
CAPACITY : 39
NODE_COORD_SECTION
1 635 967
2 614 399
3 302 444
4 603 283
5 313 989
6 517 207
7 9 242
8 349 882
9 472 904
10 259 484
11 116 146
12 491 25
13 236 625
14 617 521
15 850 196
16 556 856
17 497 719
18 530 725
19 266 354
20 405 101
21 416 433
22 992 723
23 540 265
24 279 964
25 645 65
26 717 436
27 147 5
28 93 487
29 961 825
30 901 634
31 21 927
32 755 411
33 722 364
34 859 117
35 247 660
36 390 27
37 197 503
38 633 980
39 941 502
40 269 245
DEMAND_SECTION
1 0
2 8
3 5
4 7
5 3
6 4
7 5
8 5
9 5
10 6
11 2
12 5
13 5
14 7
15 8
16 8
17 5
18 1
19 7
20 3
21 1
22 4
23 1
24 5
25 2
26 3
27 5
28 5
29 2
30 6
31 6
32 1
33 5
34 6
35 1
36 4
37 5
38 1
39 3
40 1
DEPOT_SECTION
 1
 -1
 EOF 