NAME: I16737-n42-k6
COMMENT : (Fake et al, No of trucks: 6, Optimal value: )
TYPE : CVRP
DIMENSION : 42
EDGE_WEIGHT_TYPE : EUC_2D
CAPACITY : 38
NODE_COORD_SECTION
1 977 172
2 100 739
3 205 884
4 312 261
5 498 813
6 639 468
7 673 778
8 13 461
9 609 120
10 877 199
11 411 198
12 426 123
13 501 214
14 650 456
15 919 510
16 398 32
17 948 203
18 797 325
19 36 259
20 474 742
21 481 769
22 262 513
23 272 778
24 86 545
25 692 763
26 66 833
27 971 195
28 782 855
29 531 17
30 129 874
31 183 516
32 515 863
33 658 652
34 164 601
35 146 756
36 507 264
37 414 412
38 213 32
39 220 903
40 683 315
41 760 125
42 532 711
DEMAND_SECTION
1 0
2 5
3 5
4 5
5 6
6 7
7 1
8 4
9 4
10 5
11 4
12 7
13 4
14 2
15 4
16 6
17 7
18 4
19 8
20 6
21 2
22 8
23 4
24 7
25 6
26 7
27 2
28 3
29 4
30 2
31 4
32 5
33 7
34 3
35 8
36 6
37 5
38 2
39 2
40 6
41 7
42 6
DEPOT_SECTION
 1
 -1
 EOF 