NAME: I16739-n37-k6
COMMENT : (Fake et al, No of trucks: 6, Optimal value: )
TYPE : CVRP
DIMENSION : 37
EDGE_WEIGHT_TYPE : EUC_2D
CAPACITY : 14
NODE_COORD_SECTION
1 418 342
2 782 982
3 636 203
4 187 382
5 212 737
6 859 84
7 609 614
8 194 920
9 4 19
10 916 644
11 887 598
12 560 47
13 488 510
14 591 744
15 218 759
16 36 79
17 474 660
18 430 55
19 836 423
20 766 381
21 683 509
22 926 512
23 165 425
24 840 566
25 17 344
26 539 688
27 207 518
28 186 247
29 820 176
30 694 269
31 848 579
32 31 265
33 28 949
34 824 697
35 987 102
36 240 218
37 887 365
DEMAND_SECTION
1 0
2 2
3 1
4 1
5 1
6 3
7 2
8 1
9 2
10 2
11 2
12 1
13 2
14 3
15 3
16 2
17 2
18 3
19 2
20 2
21 2
22 3
23 1
24 2
25 1
26 2
27 1
28 1
29 1
30 2
31 2
32 2
33 3
34 3
35 3
36 3
37 1
DEPOT_SECTION
 1
 -1
 EOF 