NAME: I16775-n31-k3
COMMENT : (Fake et al, No of trucks: 3, Optimal value: )
TYPE : CVRP
DIMENSION : 31
EDGE_WEIGHT_TYPE : EUC_2D
CAPACITY : 16
NODE_COORD_SECTION
1 248 654
2 524 202
3 605 199
4 248 989
5 194 24
6 751 858
7 79 657
8 922 206
9 127 201
10 550 702
11 849 60
12 366 940
13 905 360
14 691 652
15 902 215
16 327 386
17 43 298
18 283 635
19 45 725
20 809 141
21 159 638
22 814 496
23 739 865
24 530 979
25 511 957
26 367 990
27 980 458
28 465 399
29 364 862
30 691 78
31 13 458
DEMAND_SECTION
1 0
2 2
3 2
4 1
5 1
6 1
7 2
8 2
9 2
10 1
11 2
12 2
13 2
14 2
15 1
16 2
17 2
18 2
19 1
20 1
21 1
22 1
23 1
24 1
25 1
26 1
27 2
28 2
29 1
30 1
31 1
DEPOT_SECTION
 1
 -1
 EOF 