NAME: I16875-n28-k4
COMMENT : (Fake et al, No of trucks: 4, Optimal value: )
TYPE : CVRP
DIMENSION : 28
EDGE_WEIGHT_TYPE : EUC_2D
CAPACITY : 8
NODE_COORD_SECTION
1 359 417
2 124 711
3 465 594
4 192 83
5 835 233
6 89 1000
7 177 851
8 509 711
9 586 604
10 460 429
11 842 56
12 729 179
13 478 119
14 70 469
15 888 253
16 839 273
17 118 704
18 988 413
19 478 336
20 678 101
21 864 243
22 780 844
23 208 953
24 292 929
25 508 148
26 422 727
27 639 667
28 310 676
DEMAND_SECTION
1 0
2 1
3 1
4 1
5 1
6 1
7 1
8 1
9 1
10 1
11 1
12 1
13 1
14 1
15 1
16 1
17 1
18 1
19 1
20 1
21 1
22 1
23 1
24 1
25 1
26 1
27 1
28 1
DEPOT_SECTION
 1
 -1
 EOF 