NAME: I16841-n31-k5
COMMENT : (Fake et al, No of trucks: 5, Optimal value: )
TYPE : CVRP
DIMENSION : 31
EDGE_WEIGHT_TYPE : EUC_2D
CAPACITY : 26
NODE_COORD_SECTION
1 498 205
2 808 284
3 442 943
4 636 104
5 812 530
6 263 494
7 290 547
8 637 557
9 314 156
10 287 369
11 527 127
12 34 7
13 347 339
14 197 142
15 7 302
16 753 519
17 118 872
18 563 600
19 810 569
20 204 783
21 849 828
22 525 414
23 22 429
24 337 188
25 991 986
26 46 488
27 382 45
28 705 231
29 889 641
30 169 566
31 519 476
DEMAND_SECTION
1 0
2 6
3 6
4 6
5 4
6 6
7 1
8 4
9 6
10 1
11 2
12 4
13 3
14 6
15 6
16 5
17 3
18 2
19 1
20 5
21 1
22 6
23 6
24 2
25 5
26 5
27 6
28 6
29 1
30 1
31 3
DEPOT_SECTION
 1
 -1
 EOF 