NAME: I16869-n39-k4
COMMENT : (Fake et al, No of trucks: 4, Optimal value: )
TYPE : CVRP
DIMENSION : 39
EDGE_WEIGHT_TYPE : EUC_2D
CAPACITY : 39
NODE_COORD_SECTION
1 43 379
2 190 15
3 534 198
4 187 913
5 926 485
6 971 936
7 841 977
8 635 772
9 47 167
10 395 807
11 18 946
12 69 981
13 412 59
14 864 515
15 381 162
16 862 181
17 831 147
18 89 290
19 4 278
20 66 442
21 18 556
22 748 628
23 668 803
24 766 778
25 758 711
26 111 524
27 184 509
28 70 832
29 951 531
30 110 172
31 213 430
32 230 483
33 440 732
34 777 780
35 106 888
36 806 577
37 810 359
38 573 207
39 690 203
DEMAND_SECTION
1 0
2 3
3 4
4 7
5 1
6 6
7 1
8 2
9 2
10 4
11 7
12 3
13 4
14 4
15 5
16 2
17 7
18 1
19 1
20 5
21 7
22 2
23 7
24 6
25 2
26 2
27 3
28 4
29 3
30 7
31 2
32 1
33 6
34 2
35 5
36 5
37 1
38 4
39 5
DEPOT_SECTION
 1
 -1
 EOF 