NAME: I1690-n46-k5
COMMENT : (Fake et al, No of trucks: 5, Optimal value: )
TYPE : CVRP
DIMENSION : 46
EDGE_WEIGHT_TYPE : EUC_2D
CAPACITY : 23
NODE_COORD_SECTION
1 693 119
2 71 169
3 729 49
4 539 322
5 561 560
6 664 671
7 134 434
8 292 429
9 48 453
10 907 125
11 661 483
12 598 131
13 4 646
14 272 889
15 587 641
16 472 239
17 187 636
18 276 450
19 39 69
20 421 547
21 72 178
22 620 575
23 298 594
24 638 389
25 208 158
26 788 341
27 453 542
28 988 783
29 972 484
30 810 735
31 120 756
32 464 220
33 738 806
34 584 405
35 306 636
36 517 802
37 531 849
38 307 995
39 133 134
40 510 415
41 69 493
42 336 802
43 883 444
44 316 249
45 231 220
46 345 687
DEMAND_SECTION
1 0
2 2
3 2
4 3
5 1
6 1
7 3
8 1
9 2
10 1
11 2
12 2
13 3
14 2
15 2
16 2
17 2
18 3
19 2
20 2
21 1
22 1
23 3
24 3
25 3
26 3
27 3
28 1
29 2
30 3
31 3
32 2
33 3
34 2
35 1
36 3
37 3
38 1
39 1
40 2
41 1
42 2
43 2
44 2
45 2
46 2
DEPOT_SECTION
 1
 -1
 EOF 