NAME: I16949-n25-k3
COMMENT : (Fake et al, No of trucks: 3, Optimal value: )
TYPE : CVRP
DIMENSION : 25
EDGE_WEIGHT_TYPE : EUC_2D
CAPACITY : 30
NODE_COORD_SECTION
1 415 98
2 941 965
3 568 766
4 863 958
5 200 746
6 813 539
7 543 814
8 690 447
9 361 558
10 506 263
11 951 692
12 844 80
13 976 697
14 624 482
15 303 902
16 200 879
17 550 543
18 36 593
19 713 54
20 325 7
21 229 7
22 638 169
23 889 717
24 732 280
25 254 7
DEMAND_SECTION
1 0
2 2
3 2
4 3
5 2
6 1
7 3
8 5
9 3
10 4
11 1
12 2
13 3
14 3
15 5
16 5
17 2
18 1
19 2
20 5
21 2
22 4
23 5
24 5
25 3
DEPOT_SECTION
 1
 -1
 EOF 