NAME: I16964-n37-k4
COMMENT : (Fake et al, No of trucks: 4, Optimal value: )
TYPE : CVRP
DIMENSION : 37
EDGE_WEIGHT_TYPE : EUC_2D
CAPACITY : 54
NODE_COORD_SECTION
1 425 590
2 962 799
3 101 986
4 309 412
5 161 585
6 473 372
7 56 478
8 88 99
9 984 457
10 775 615
11 486 683
12 599 55
13 852 558
14 566 608
15 348 385
16 858 907
17 934 81
18 825 539
19 73 730
20 562 38
21 523 266
22 871 560
23 680 132
24 244 320
25 993 84
26 392 1
27 225 705
28 753 454
29 166 857
30 845 798
31 978 984
32 354 47
33 141 948
34 947 924
35 41 992
36 563 697
37 254 388
DEMAND_SECTION
1 0
2 6
3 2
4 6
5 1
6 8
7 3
8 7
9 7
10 1
11 5
12 8
13 6
14 2
15 1
16 9
17 2
18 3
19 5
20 5
21 5
22 2
23 7
24 6
25 9
26 9
27 7
28 7
29 5
30 2
31 9
32 9
33 3
34 6
35 4
36 9
37 5
DEPOT_SECTION
 1
 -1
 EOF 