NAME: I16966-n43-k5
COMMENT : (Fake et al, No of trucks: 5, Optimal value: )
TYPE : CVRP
DIMENSION : 43
EDGE_WEIGHT_TYPE : EUC_2D
CAPACITY : 20
NODE_COORD_SECTION
1 38 946
2 978 723
3 906 946
4 979 566
5 562 440
6 411 570
7 552 497
8 295 783
9 124 945
10 888 240
11 978 411
12 500 23
13 794 401
14 690 943
15 851 505
16 14 20
17 752 270
18 146 745
19 591 305
20 476 579
21 724 577
22 472 298
23 774 316
24 784 76
25 615 739
26 25 880
27 649 623
28 937 478
29 562 676
30 37 761
31 349 880
32 466 575
33 507 862
34 686 576
35 971 333
36 825 294
37 706 343
38 380 733
39 147 122
40 12 784
41 686 939
42 447 342
43 164 805
DEMAND_SECTION
1 0
2 3
3 1
4 1
5 2
6 2
7 2
8 2
9 2
10 1
11 2
12 3
13 2
14 2
15 1
16 2
17 1
18 3
19 1
20 2
21 1
22 3
23 1
24 2
25 2
26 3
27 2
28 1
29 2
30 3
31 2
32 1
33 2
34 1
35 1
36 2
37 3
38 1
39 3
40 1
41 3
42 2
43 3
DEPOT_SECTION
 1
 -1
 EOF 