NAME: I16934-n31-k6
COMMENT : (Fake et al, No of trucks: 6, Optimal value: )
TYPE : CVRP
DIMENSION : 31
EDGE_WEIGHT_TYPE : EUC_2D
CAPACITY : 29
NODE_COORD_SECTION
1 285 364
2 429 733
3 276 693
4 417 74
5 708 791
6 997 546
7 804 982
8 878 391
9 912 112
10 310 986
11 635 316
12 963 959
13 234 895
14 389 731
15 537 979
16 472 266
17 495 204
18 820 877
19 899 23
20 57 645
21 439 677
22 959 190
23 484 563
24 621 487
25 313 219
26 885 932
27 399 21
28 95 550
29 808 288
30 103 767
31 876 525
DEMAND_SECTION
1 0
2 9
3 8
4 9
5 8
6 5
7 1
8 7
9 7
10 4
11 7
12 5
13 6
14 2
15 9
16 4
17 7
18 5
19 1
20 3
21 9
22 1
23 1
24 2
25 8
26 9
27 4
28 3
29 3
30 3
31 8
DEPOT_SECTION
 1
 -1
 EOF 