NAME: I17081-n48-k6
COMMENT : (Fake et al, No of trucks: 6, Optimal value: )
TYPE : CVRP
DIMENSION : 48
EDGE_WEIGHT_TYPE : EUC_2D
CAPACITY : 48
NODE_COORD_SECTION
1 629 278
2 820 821
3 588 303
4 642 295
5 411 905
6 489 807
7 902 259
8 922 918
9 862 611
10 656 648
11 664 829
12 54 917
13 782 987
14 70 447
15 573 918
16 845 484
17 869 65
18 614 850
19 413 26
20 501 433
21 427 335
22 703 481
23 811 595
24 833 93
25 863 265
26 346 914
27 245 171
28 579 70
29 828 877
30 114 830
31 341 829
32 675 566
33 616 197
34 638 900
35 114 410
36 984 460
37 49 919
38 827 12
39 346 806
40 58 703
41 545 444
42 487 577
43 365 386
44 834 988
45 983 793
46 726 852
47 654 346
48 166 124
DEMAND_SECTION
1 0
2 8
3 5
4 4
5 9
6 8
7 7
8 8
9 8
10 8
11 8
12 3
13 1
14 5
15 8
16 7
17 3
18 9
19 3
20 1
21 5
22 9
23 4
24 1
25 6
26 6
27 7
28 9
29 6
30 7
31 3
32 8
33 1
34 5
35 3
36 4
37 5
38 1
39 2
40 1
41 1
42 5
43 5
44 9
45 2
46 6
47 8
48 1
DEPOT_SECTION
 1
 -1
 EOF 