NAME: I17023-n33-k5
COMMENT : (Fake et al, No of trucks: 5, Optimal value: )
TYPE : CVRP
DIMENSION : 33
EDGE_WEIGHT_TYPE : EUC_2D
CAPACITY : 43
NODE_COORD_SECTION
1 786 797
2 245 171
3 756 951
4 830 960
5 651 486
6 383 803
7 518 941
8 40 437
9 83 757
10 414 550
11 617 673
12 156 291
13 699 688
14 911 802
15 662 998
16 390 781
17 669 954
18 962 105
19 841 137
20 468 437
21 948 374
22 488 104
23 373 479
24 295 717
25 928 205
26 109 899
27 12 932
28 79 396
29 11 417
30 498 267
31 390 638
32 638 792
33 695 549
DEMAND_SECTION
1 0
2 4
3 3
4 1
5 3
6 8
7 10
8 9
9 4
10 8
11 11
12 3
13 2
14 11
15 5
16 10
17 9
18 7
19 10
20 1
21 3
22 6
23 3
24 2
25 8
26 5
27 5
28 4
29 9
30 10
31 11
32 2
33 10
DEPOT_SECTION
 1
 -1
 EOF 