NAME: I17035-n26-k4
COMMENT : (Fake et al, No of trucks: 4, Optimal value: )
TYPE : CVRP
DIMENSION : 26
EDGE_WEIGHT_TYPE : EUC_2D
CAPACITY : 14
NODE_COORD_SECTION
1 387 741
2 917 244
3 175 804
4 16 268
5 123 372
6 692 275
7 939 563
8 375 219
9 276 334
10 128 455
11 970 697
12 251 350
13 137 754
14 380 702
15 845 499
16 726 584
17 71 497
18 904 586
19 116 815
20 432 792
21 288 770
22 995 418
23 217 567
24 252 604
25 235 995
26 254 308
DEMAND_SECTION
1 0
2 3
3 1
4 1
5 2
6 1
7 3
8 1
9 1
10 1
11 3
12 2
13 1
14 3
15 2
16 3
17 2
18 3
19 3
20 3
21 2
22 3
23 3
24 1
25 2
26 2
DEPOT_SECTION
 1
 -1
 EOF 