NAME: I17072-n45-k4
COMMENT : (Fake et al, No of trucks: 4, Optimal value: )
TYPE : CVRP
DIMENSION : 45
EDGE_WEIGHT_TYPE : EUC_2D
CAPACITY : 40
NODE_COORD_SECTION
1 270 530
2 725 485
3 798 507
4 357 577
5 112 269
6 16 391
7 456 734
8 261 345
9 300 924
10 252 840
11 390 370
12 338 666
13 260 286
14 477 300
15 235 906
16 242 339
17 596 362
18 279 402
19 483 243
20 589 279
21 194 334
22 105 43
23 939 713
24 277 824
25 18 763
26 761 858
27 77 836
28 332 95
29 620 583
30 696 455
31 399 55
32 150 749
33 408 373
34 330 838
35 459 872
36 323 478
37 72 365
38 387 99
39 10 987
40 528 10
41 259 685
42 332 927
43 577 404
44 419 195
45 221 856
DEMAND_SECTION
1 0
2 4
3 1
4 5
5 2
6 1
7 4
8 1
9 3
10 4
11 1
12 3
13 1
14 5
15 4
16 3
17 4
18 2
19 3
20 1
21 1
22 4
23 3
24 2
25 4
26 5
27 4
28 1
29 4
30 1
31 5
32 5
33 3
34 3
35 2
36 4
37 5
38 4
39 3
40 1
41 5
42 5
43 4
44 2
45 1
DEPOT_SECTION
 1
 -1
 EOF 