NAME: I1705-n39-k5
COMMENT : (Fake et al, No of trucks: 5, Optimal value: )
TYPE : CVRP
DIMENSION : 39
EDGE_WEIGHT_TYPE : EUC_2D
CAPACITY : 23
NODE_COORD_SECTION
1 675 212
2 239 226
3 17 219
4 828 736
5 727 153
6 390 360
7 337 502
8 675 105
9 617 900
10 112 931
11 807 121
12 872 999
13 913 215
14 245 16
15 253 151
16 849 973
17 279 240
18 822 941
19 354 932
20 295 988
21 586 992
22 439 540
23 240 151
24 735 967
25 848 907
26 748 776
27 908 223
28 20 504
29 386 509
30 484 596
31 876 893
32 52 227
33 778 153
34 143 188
35 867 707
36 339 585
37 169 739
38 839 467
39 53 560
DEMAND_SECTION
1 0
2 3
3 2
4 1
5 2
6 1
7 2
8 1
9 2
10 4
11 3
12 1
13 4
14 1
15 4
16 4
17 1
18 4
19 3
20 1
21 1
22 3
23 4
24 4
25 3
26 4
27 2
28 3
29 1
30 1
31 1
32 1
33 4
34 3
35 2
36 3
37 3
38 4
39 1
DEPOT_SECTION
 1
 -1
 EOF 