NAME: I17123-n39-k4
COMMENT : (Fake et al, No of trucks: 4, Optimal value: )
TYPE : CVRP
DIMENSION : 39
EDGE_WEIGHT_TYPE : EUC_2D
CAPACITY : 38
NODE_COORD_SECTION
1 659 483
2 478 410
3 677 445
4 63 699
5 172 685
6 946 415
7 587 66
8 429 636
9 947 72
10 419 90
11 936 887
12 544 518
13 57 160
14 146 197
15 864 61
16 139 765
17 989 722
18 993 606
19 926 21
20 303 63
21 932 799
22 101 650
23 584 775
24 933 276
25 852 383
26 598 952
27 605 796
28 868 962
29 735 270
30 848 788
31 285 976
32 919 119
33 778 926
34 462 441
35 402 146
36 972 273
37 250 363
38 349 669
39 792 531
DEMAND_SECTION
1 0
2 5
3 1
4 2
5 5
6 6
7 2
8 4
9 3
10 5
11 2
12 3
13 4
14 3
15 5
16 3
17 2
18 4
19 1
20 1
21 3
22 3
23 5
24 5
25 3
26 2
27 4
28 3
29 4
30 2
31 2
32 5
33 5
34 4
35 2
36 2
37 3
38 6
39 5
DEPOT_SECTION
 1
 -1
 EOF 