NAME: I17170-n26-k3
COMMENT : (Fake et al, No of trucks: 3, Optimal value: )
TYPE : CVRP
DIMENSION : 26
EDGE_WEIGHT_TYPE : EUC_2D
CAPACITY : 54
NODE_COORD_SECTION
1 910 572
2 832 134
3 962 38
4 542 974
5 980 999
6 842 963
7 550 558
8 482 234
9 468 850
10 982 151
11 496 365
12 937 960
13 1000 813
14 778 993
15 590 876
16 546 41
17 92 410
18 416 749
19 631 101
20 497 15
21 617 44
22 876 164
23 71 150
24 699 266
25 717 399
26 993 379
DEMAND_SECTION
1 0
2 6
3 1
4 4
5 1
6 8
7 9
8 5
9 1
10 5
11 6
12 4
13 8
14 7
15 7
16 9
17 10
18 1
19 9
20 7
21 1
22 7
23 9
24 7
25 2
26 7
DEPOT_SECTION
 1
 -1
 EOF 