NAME: I17151-n35-k6
COMMENT : (Fake et al, No of trucks: 6, Optimal value: )
TYPE : CVRP
DIMENSION : 35
EDGE_WEIGHT_TYPE : EUC_2D
CAPACITY : 16
NODE_COORD_SECTION
1 442 483
2 828 998
3 670 327
4 791 387
5 266 490
6 904 95
7 464 809
8 549 649
9 181 678
10 820 146
11 118 977
12 987 458
13 191 474
14 493 518
15 912 136
16 169 764
17 176 175
18 673 348
19 102 863
20 212 8
21 713 318
22 199 907
23 975 266
24 214 500
25 900 402
26 235 852
27 954 984
28 233 662
29 676 445
30 336 736
31 577 963
32 801 756
33 683 30
34 341 30
35 36 99
DEMAND_SECTION
1 0
2 1
3 2
4 3
5 1
6 4
7 1
8 2
9 2
10 1
11 3
12 3
13 2
14 4
15 1
16 1
17 2
18 4
19 1
20 1
21 4
22 4
23 3
24 2
25 1
26 4
27 1
28 3
29 4
30 2
31 1
32 4
33 2
34 3
35 3
DEPOT_SECTION
 1
 -1
 EOF 