NAME: I17176-n29-k6
COMMENT : (Fake et al, No of trucks: 6, Optimal value: )
TYPE : CVRP
DIMENSION : 29
EDGE_WEIGHT_TYPE : EUC_2D
CAPACITY : 21
NODE_COORD_SECTION
1 719 957
2 7 24
3 117 522
4 400 529
5 885 397
6 494 798
7 580 56
8 300 331
9 609 667
10 503 127
11 50 675
12 800 639
13 804 384
14 332 452
15 116 796
16 23 494
17 103 317
18 962 408
19 860 94
20 67 808
21 333 25
22 137 811
23 501 52
24 575 769
25 278 144
26 742 874
27 712 345
28 782 608
29 580 180
DEMAND_SECTION
1 0
2 7
3 6
4 5
5 2
6 4
7 4
8 1
9 7
10 6
11 7
12 3
13 7
14 2
15 4
16 1
17 1
18 5
19 4
20 1
21 6
22 7
23 1
24 7
25 3
26 7
27 1
28 1
29 3
DEPOT_SECTION
 1
 -1
 EOF 