NAME: I17202-n45-k5
COMMENT : (Fake et al, No of trucks: 5, Optimal value: )
TYPE : CVRP
DIMENSION : 45
EDGE_WEIGHT_TYPE : EUC_2D
CAPACITY : 51
NODE_COORD_SECTION
1 546 756
2 615 195
3 335 80
4 409 823
5 726 504
6 970 988
7 613 505
8 820 339
9 941 21
10 865 792
11 742 750
12 842 975
13 57 535
14 309 169
15 662 443
16 205 501
17 908 470
18 211 788
19 780 271
20 99 290
21 803 187
22 781 268
23 712 701
24 960 616
25 283 574
26 911 966
27 658 32
28 570 85
29 754 674
30 216 505
31 763 206
32 518 531
33 727 464
34 392 785
35 611 465
36 344 693
37 237 168
38 948 198
39 485 224
40 613 477
41 392 520
42 503 493
43 602 222
44 884 191
45 513 73
DEMAND_SECTION
1 0
2 10
3 2
4 1
5 1
6 6
7 4
8 8
9 2
10 3
11 6
12 3
13 9
14 9
15 1
16 7
17 7
18 3
19 10
20 7
21 7
22 10
23 2
24 10
25 6
26 10
27 7
28 9
29 8
30 10
31 1
32 1
33 10
34 2
35 3
36 1
37 9
38 1
39 2
40 6
41 7
42 3
43 4
44 1
45 5
DEPOT_SECTION
 1
 -1
 EOF 