NAME: I17204-n42-k4
COMMENT : (Fake et al, No of trucks: 4, Optimal value: )
TYPE : CVRP
DIMENSION : 42
EDGE_WEIGHT_TYPE : EUC_2D
CAPACITY : 13
NODE_COORD_SECTION
1 594 130
2 539 261
3 328 841
4 679 96
5 684 294
6 311 723
7 737 843
8 801 232
9 371 63
10 378 940
11 595 827
12 994 287
13 926 944
14 736 630
15 157 547
16 194 555
17 877 499
18 804 41
19 862 416
20 876 645
21 304 967
22 389 45
23 14 127
24 235 729
25 428 337
26 363 260
27 795 766
28 394 216
29 281 256
30 361 63
31 532 591
32 464 42
33 159 38
34 650 126
35 494 99
36 566 228
37 496 828
38 651 626
39 837 931
40 594 615
41 13 168
42 970 289
DEMAND_SECTION
1 0
2 1
3 1
4 1
5 1
6 1
7 1
8 1
9 1
10 1
11 1
12 1
13 1
14 1
15 1
16 1
17 1
18 1
19 1
20 1
21 1
22 1
23 1
24 1
25 1
26 1
27 1
28 1
29 1
30 1
31 1
32 1
33 1
34 1
35 1
36 1
37 1
38 1
39 1
40 1
41 1
42 1
DEPOT_SECTION
 1
 -1
 EOF 