NAME: I17309-n31-k4
COMMENT : (Fake et al, No of trucks: 4, Optimal value: )
TYPE : CVRP
DIMENSION : 31
EDGE_WEIGHT_TYPE : EUC_2D
CAPACITY : 37
NODE_COORD_SECTION
1 325 261
2 775 713
3 631 355
4 923 979
5 193 129
6 734 170
7 842 844
8 767 266
9 557 16
10 922 915
11 703 22
12 866 344
13 232 585
14 73 275
15 422 344
16 292 156
17 372 18
18 972 65
19 144 495
20 548 101
21 65 955
22 91 516
23 5 995
24 984 271
25 761 292
26 697 147
27 751 235
28 182 316
29 197 946
30 506 884
31 164 14
DEMAND_SECTION
1 0
2 4
3 5
4 6
5 2
6 6
7 6
8 7
9 1
10 6
11 7
12 2
13 7
14 6
15 1
16 5
17 2
18 6
19 1
20 4
21 5
22 6
23 4
24 1
25 1
26 2
27 5
28 4
29 5
30 7
31 4
DEPOT_SECTION
 1
 -1
 EOF 