NAME: I17350-n29-k3
COMMENT : (Fake et al, No of trucks: 3, Optimal value: )
TYPE : CVRP
DIMENSION : 29
EDGE_WEIGHT_TYPE : EUC_2D
CAPACITY : 22
NODE_COORD_SECTION
1 829 131
2 918 788
3 551 960
4 353 342
5 713 120
6 115 112
7 849 614
8 869 781
9 732 477
10 863 181
11 532 103
12 448 300
13 983 749
14 496 864
15 756 687
16 686 736
17 130 655
18 446 843
19 189 812
20 978 453
21 553 441
22 385 716
23 544 289
24 650 549
25 311 179
26 818 764
27 907 319
28 888 584
29 347 139
DEMAND_SECTION
1 0
2 2
3 2
4 2
5 3
6 2
7 3
8 3
9 1
10 1
11 1
12 3
13 2
14 2
15 1
16 2
17 3
18 3
19 2
20 2
21 1
22 1
23 1
24 3
25 1
26 2
27 3
28 3
29 2
DEPOT_SECTION
 1
 -1
 EOF 