NAME: I1737-n48-k4
COMMENT : (Fake et al, No of trucks: 4, Optimal value: )
TYPE : CVRP
DIMENSION : 48
EDGE_WEIGHT_TYPE : EUC_2D
CAPACITY : 41
NODE_COORD_SECTION
1 31 929
2 807 331
3 1000 511
4 118 712
5 852 861
6 812 635
7 573 381
8 492 761
9 712 798
10 808 999
11 122 969
12 485 743
13 347 567
14 278 96
15 476 497
16 258 265
17 461 246
18 821 849
19 159 19
20 337 70
21 767 895
22 885 609
23 963 833
24 610 257
25 744 129
26 495 976
27 440 95
28 337 200
29 714 630
30 388 448
31 419 403
32 595 603
33 31 825
34 447 302
35 548 33
36 239 55
37 326 407
38 700 43
39 81 99
40 702 873
41 226 764
42 766 862
43 63 872
44 274 58
45 459 492
46 34 953
47 724 933
48 661 710
DEMAND_SECTION
1 0
2 2
3 3
4 1
5 1
6 2
7 5
8 2
9 6
10 1
11 1
12 4
13 1
14 6
15 1
16 1
17 5
18 3
19 3
20 3
21 1
22 3
23 3
24 2
25 4
26 5
27 4
28 3
29 5
30 2
31 2
32 1
33 4
34 3
35 1
36 2
37 2
38 6
39 4
40 5
41 5
42 5
43 2
44 3
45 2
46 4
47 4
48 6
DEPOT_SECTION
 1
 -1
 EOF 