NAME: I17478-n41-k4
COMMENT : (Fake et al, No of trucks: 4, Optimal value: )
TYPE : CVRP
DIMENSION : 41
EDGE_WEIGHT_TYPE : EUC_2D
CAPACITY : 35
NODE_COORD_SECTION
1 250 985
2 515 440
3 89 337
4 74 177
5 523 405
6 157 535
7 630 404
8 680 706
9 796 249
10 339 471
11 883 529
12 309 493
13 508 605
14 389 391
15 83 30
16 552 532
17 515 236
18 694 195
19 437 431
20 261 958
21 904 851
22 335 999
23 176 381
24 529 180
25 495 496
26 729 360
27 731 982
28 507 36
29 257 66
30 391 371
31 516 79
32 50 431
33 344 505
34 591 534
35 34 702
36 942 692
37 549 992
38 24 105
39 256 798
40 919 787
41 28 269
DEMAND_SECTION
1 0
2 5
3 5
4 1
5 5
6 2
7 2
8 5
9 5
10 3
11 2
12 1
13 5
14 5
15 2
16 1
17 5
18 3
19 1
20 2
21 1
22 1
23 4
24 2
25 5
26 3
27 4
28 3
29 3
30 3
31 4
32 5
33 2
34 1
35 1
36 4
37 2
38 3
39 4
40 1
41 4
DEPOT_SECTION
 1
 -1
 EOF 