NAME: I17448-n42-k5
COMMENT : (Fake et al, No of trucks: 5, Optimal value: )
TYPE : CVRP
DIMENSION : 42
EDGE_WEIGHT_TYPE : EUC_2D
CAPACITY : 32
NODE_COORD_SECTION
1 380 722
2 362 757
3 255 100
4 559 809
5 478 829
6 947 292
7 622 713
8 679 424
9 542 793
10 741 231
11 315 786
12 699 935
13 578 60
14 214 187
15 734 790
16 92 308
17 562 305
18 294 275
19 339 210
20 238 757
21 342 46
22 386 19
23 917 108
24 568 781
25 736 257
26 113 83
27 678 746
28 580 559
29 615 59
30 962 933
31 335 96
32 545 283
33 894 354
34 437 771
35 632 322
36 692 647
37 189 914
38 536 521
39 146 562
40 232 720
41 473 468
42 734 718
DEMAND_SECTION
1 0
2 5
3 5
4 4
5 4
6 6
7 4
8 3
9 2
10 6
11 2
12 1
13 2
14 2
15 6
16 3
17 1
18 2
19 3
20 2
21 6
22 2
23 1
24 1
25 6
26 3
27 1
28 6
29 5
30 4
31 3
32 1
33 3
34 3
35 2
36 3
37 7
38 2
39 6
40 6
41 1
42 6
DEPOT_SECTION
 1
 -1
 EOF 