NAME: I17625-n30-k3
COMMENT : (Fake et al, No of trucks: 3, Optimal value: )
TYPE : CVRP
DIMENSION : 30
EDGE_WEIGHT_TYPE : EUC_2D
CAPACITY : 12
NODE_COORD_SECTION
1 700 215
2 913 589
3 897 637
4 688 161
5 716 198
6 911 582
7 171 585
8 478 661
9 673 551
10 747 128
11 219 425
12 561 118
13 76 546
14 962 403
15 535 601
16 587 788
17 289 147
18 204 307
19 996 317
20 952 14
21 715 215
22 958 770
23 889 427
24 216 213
25 288 304
26 88 248
27 166 326
28 689 887
29 880 397
30 293 482
DEMAND_SECTION
1 0
2 1
3 1
4 1
5 1
6 1
7 1
8 1
9 1
10 1
11 1
12 1
13 1
14 1
15 1
16 1
17 1
18 1
19 1
20 1
21 1
22 1
23 1
24 1
25 1
26 1
27 1
28 1
29 1
30 1
DEPOT_SECTION
 1
 -1
 EOF 