NAME: I17684-n24-k5
COMMENT : (Fake et al, No of trucks: 5, Optimal value: )
TYPE : CVRP
DIMENSION : 24
EDGE_WEIGHT_TYPE : EUC_2D
CAPACITY : 24
NODE_COORD_SECTION
1 535 90
2 555 650
3 239 527
4 26 969
5 187 782
6 600 461
7 549 553
8 715 913
9 822 889
10 674 146
11 479 561
12 844 335
13 231 450
14 645 300
15 247 963
16 528 645
17 935 709
18 818 121
19 843 14
20 98 269
21 108 756
22 221 840
23 266 333
24 980 273
DEMAND_SECTION
1 0
2 7
3 1
4 9
5 7
6 2
7 1
8 4
9 9
10 5
11 4
12 6
13 2
14 7
15 1
16 2
17 6
18 9
19 1
20 7
21 1
22 3
23 3
24 7
DEPOT_SECTION
 1
 -1
 EOF 