NAME: I1761-n30-k5
COMMENT : (Fake et al, No of trucks: 5, Optimal value: )
TYPE : CVRP
DIMENSION : 30
EDGE_WEIGHT_TYPE : EUC_2D
CAPACITY : 19
NODE_COORD_SECTION
1 377 522
2 153 478
3 531 404
4 929 750
5 647 408
6 609 612
7 566 959
8 627 165
9 2 63
10 631 91
11 1000 516
12 707 703
13 735 413
14 996 379
15 429 2
16 804 245
17 243 454
18 565 692
19 654 558
20 599 455
21 647 555
22 577 555
23 676 34
24 520 97
25 797 966
26 222 508
27 409 598
28 569 607
29 344 425
30 802 74
DEMAND_SECTION
1 0
2 1
3 3
4 1
5 5
6 5
7 5
8 4
9 4
10 2
11 1
12 2
13 5
14 1
15 2
16 3
17 1
18 2
19 4
20 1
21 3
22 5
23 4
24 4
25 3
26 2
27 5
28 2
29 3
30 1
DEPOT_SECTION
 1
 -1
 EOF 