NAME: I1766-n35-k3
COMMENT : (Fake et al, No of trucks: 3, Optimal value: )
TYPE : CVRP
DIMENSION : 35
EDGE_WEIGHT_TYPE : EUC_2D
CAPACITY : 14
NODE_COORD_SECTION
1 372 445
2 555 540
3 817 773
4 852 579
5 223 459
6 113 749
7 42 572
8 720 242
9 250 608
10 889 136
11 511 611
12 31 804
13 636 362
14 687 430
15 857 884
16 514 307
17 631 65
18 511 591
19 791 688
20 784 914
21 608 193
22 821 842
23 994 31
24 938 65
25 269 293
26 219 648
27 148 976
28 91 829
29 170 217
30 213 572
31 647 18
32 516 177
33 918 39
34 63 779
35 293 142
DEMAND_SECTION
1 0
2 1
3 1
4 1
5 1
6 1
7 1
8 1
9 1
10 1
11 1
12 1
13 1
14 1
15 1
16 1
17 1
18 1
19 1
20 1
21 1
22 1
23 1
24 1
25 1
26 1
27 1
28 1
29 1
30 1
31 1
32 1
33 1
34 1
35 1
DEPOT_SECTION
 1
 -1
 EOF 