NAME: I17667-n48-k4
COMMENT : (Fake et al, No of trucks: 4, Optimal value: )
TYPE : CVRP
DIMENSION : 48
EDGE_WEIGHT_TYPE : EUC_2D
CAPACITY : 37
NODE_COORD_SECTION
1 936 608
2 939 844
3 637 84
4 440 976
5 358 885
6 584 876
7 256 240
8 415 681
9 435 376
10 551 920
11 866 694
12 379 278
13 499 11
14 725 311
15 788 809
16 497 367
17 867 849
18 500 830
19 214 882
20 167 714
21 931 590
22 392 588
23 618 303
24 712 662
25 910 620
26 414 340
27 975 494
28 967 353
29 481 63
30 158 426
31 768 571
32 141 847
33 356 30
34 540 103
35 544 167
36 3 616
37 487 645
38 994 897
39 70 133
40 301 447
41 913 466
42 399 481
43 843 197
44 810 733
45 444 686
46 121 941
47 552 364
48 941 721
DEMAND_SECTION
1 0
2 3
3 1
4 4
5 4
6 4
7 2
8 4
9 4
10 3
11 1
12 4
13 3
14 3
15 4
16 3
17 4
18 3
19 4
20 4
21 2
22 1
23 3
24 3
25 2
26 3
27 3
28 4
29 3
30 2
31 2
32 2
33 4
34 3
35 4
36 2
37 4
38 4
39 1
40 3
41 3
42 4
43 2
44 1
45 1
46 3
47 4
48 1
DEPOT_SECTION
 1
 -1
 EOF 