NAME: I17769-n28-k4
COMMENT : (Fake et al, No of trucks: 4, Optimal value: )
TYPE : CVRP
DIMENSION : 28
EDGE_WEIGHT_TYPE : EUC_2D
CAPACITY : 36
NODE_COORD_SECTION
1 110 605
2 90 6
3 898 894
4 656 737
5 441 96
6 353 348
7 663 277
8 993 968
9 105 443
10 819 448
11 749 604
12 754 931
13 479 968
14 217 366
15 754 841
16 703 553
17 422 313
18 542 529
19 885 179
20 852 685
21 0 492
22 587 324
23 860 270
24 60 387
25 617 639
26 498 593
27 805 748
28 456 884
DEMAND_SECTION
1 0
2 7
3 1
4 5
5 2
6 5
7 1
8 5
9 8
10 4
11 2
12 6
13 8
14 2
15 6
16 1
17 3
18 5
19 4
20 6
21 5
22 3
23 4
24 5
25 7
26 1
27 5
28 8
DEPOT_SECTION
 1
 -1
 EOF 