NAME: I17731-n31-k4
COMMENT : (Fake et al, No of trucks: 4, Optimal value: )
TYPE : CVRP
DIMENSION : 31
EDGE_WEIGHT_TYPE : EUC_2D
CAPACITY : 49
NODE_COORD_SECTION
1 187 5
2 557 234
3 542 722
4 116 57
5 982 937
6 374 624
7 723 328
8 903 44
9 0 268
10 735 699
11 505 486
12 831 958
13 977 445
14 822 946
15 647 589
16 733 859
17 18 709
18 522 21
19 482 639
20 440 542
21 599 627
22 121 673
23 253 637
24 639 387
25 223 735
26 503 742
27 491 635
28 132 263
29 830 465
30 797 597
31 286 782
DEMAND_SECTION
1 0
2 3
3 1
4 7
5 4
6 5
7 11
8 3
9 7
10 3
11 3
12 2
13 4
14 1
15 7
16 5
17 5
18 9
19 4
20 7
21 5
22 4
23 5
24 10
25 6
26 9
27 5
28 10
29 2
30 11
31 6
DEPOT_SECTION
 1
 -1
 EOF 