NAME: I17738-n27-k5
COMMENT : (Fake et al, No of trucks: 5, Optimal value: )
TYPE : CVRP
DIMENSION : 27
EDGE_WEIGHT_TYPE : EUC_2D
CAPACITY : 7
NODE_COORD_SECTION
1 391 138
2 214 820
3 554 292
4 268 105
5 418 71
6 785 981
7 14 669
8 816 247
9 250 194
10 622 847
11 478 976
12 44 504
13 95 37
14 552 211
15 106 489
16 270 252
17 580 631
18 981 927
19 752 747
20 457 308
21 54 88
22 171 179
23 932 474
24 359 83
25 411 467
26 475 74
27 448 902
DEMAND_SECTION
1 0
2 1
3 1
4 1
5 1
6 1
7 1
8 1
9 1
10 1
11 1
12 1
13 1
14 1
15 1
16 1
17 1
18 1
19 1
20 1
21 1
22 1
23 1
24 1
25 1
26 1
27 1
DEPOT_SECTION
 1
 -1
 EOF 