NAME: I17757-n25-k5
COMMENT : (Fake et al, No of trucks: 5, Optimal value: )
TYPE : CVRP
DIMENSION : 25
EDGE_WEIGHT_TYPE : EUC_2D
CAPACITY : 36
NODE_COORD_SECTION
1 570 677
2 120 520
3 246 927
4 570 919
5 518 450
6 974 179
7 572 393
8 509 999
9 863 329
10 576 209
11 933 311
12 592 614
13 432 866
14 967 991
15 134 446
16 643 163
17 652 360
18 372 6
19 115 311
20 751 854
21 34 45
22 808 896
23 279 641
24 88 397
25 376 800
DEMAND_SECTION
1 0
2 9
3 11
4 7
5 2
6 11
7 2
8 2
9 8
10 11
11 6
12 5
13 9
14 3
15 5
16 4
17 11
18 5
19 11
20 8
21 11
22 7
23 2
24 10
25 4
DEPOT_SECTION
 1
 -1
 EOF 