NAME: I17830-n45-k5
COMMENT : (Fake et al, No of trucks: 5, Optimal value: )
TYPE : CVRP
DIMENSION : 45
EDGE_WEIGHT_TYPE : EUC_2D
CAPACITY : 10
NODE_COORD_SECTION
1 725 729
2 48 874
3 487 356
4 506 156
5 974 241
6 276 660
7 480 214
8 894 596
9 618 989
10 168 610
11 835 97
12 354 117
13 709 889
14 819 246
15 963 937
16 107 35
17 329 62
18 289 609
19 889 254
20 109 502
21 509 145
22 86 108
23 832 216
24 28 833
25 145 586
26 901 925
27 487 93
28 735 12
29 762 733
30 578 65
31 825 37
32 129 502
33 819 661
34 309 656
35 847 655
36 747 96
37 686 893
38 837 627
39 107 888
40 350 192
41 894 751
42 940 714
43 282 754
44 132 561
45 410 911
DEMAND_SECTION
1 0
2 1
3 1
4 1
5 1
6 1
7 1
8 1
9 1
10 1
11 1
12 1
13 1
14 1
15 1
16 1
17 1
18 1
19 1
20 1
21 1
22 1
23 1
24 1
25 1
26 1
27 1
28 1
29 1
30 1
31 1
32 1
33 1
34 1
35 1
36 1
37 1
38 1
39 1
40 1
41 1
42 1
43 1
44 1
45 1
DEPOT_SECTION
 1
 -1
 EOF 