NAME: I17838-n26-k6
COMMENT : (Fake et al, No of trucks: 6, Optimal value: )
TYPE : CVRP
DIMENSION : 26
EDGE_WEIGHT_TYPE : EUC_2D
CAPACITY : 18
NODE_COORD_SECTION
1 158 946
2 399 32
3 945 746
4 465 518
5 471 385
6 759 668
7 9 295
8 447 335
9 154 459
10 521 320
11 198 241
12 686 869
13 731 726
14 961 186
15 27 65
16 426 815
17 726 717
18 129 378
19 80 436
20 282 250
21 674 230
22 630 9
23 224 584
24 642 253
25 72 481
26 53 304
DEMAND_SECTION
1 0
2 1
3 6
4 1
5 3
6 1
7 1
8 3
9 2
10 4
11 1
12 7
13 7
14 2
15 6
16 5
17 3
18 6
19 4
20 1
21 2
22 8
23 6
24 3
25 4
26 8
DEPOT_SECTION
 1
 -1
 EOF 