NAME: I17835-n28-k6
COMMENT : (Fake et al, No of trucks: 6, Optimal value: )
TYPE : CVRP
DIMENSION : 28
EDGE_WEIGHT_TYPE : EUC_2D
CAPACITY : 15
NODE_COORD_SECTION
1 747 287
2 946 505
3 175 936
4 450 267
5 223 967
6 577 381
7 941 876
8 231 823
9 60 280
10 424 582
11 352 736
12 625 994
13 764 797
14 878 89
15 105 369
16 361 951
17 722 97
18 762 870
19 395 440
20 104 964
21 274 295
22 591 43
23 34 427
24 981 556
25 546 459
26 663 890
27 995 201
28 797 969
DEMAND_SECTION
1 0
2 1
3 2
4 2
5 5
6 2
7 2
8 5
9 5
10 1
11 3
12 2
13 1
14 1
15 3
16 1
17 2
18 2
19 5
20 5
21 2
22 4
23 3
24 1
25 3
26 5
27 3
28 5
DEPOT_SECTION
 1
 -1
 EOF 