NAME: I17813-n38-k4
COMMENT : (Fake et al, No of trucks: 4, Optimal value: )
TYPE : CVRP
DIMENSION : 38
EDGE_WEIGHT_TYPE : EUC_2D
CAPACITY : 43
NODE_COORD_SECTION
1 865 533
2 756 34
3 956 428
4 451 562
5 923 54
6 889 321
7 687 838
8 576 272
9 421 6
10 236 212
11 307 711
12 862 538
13 551 351
14 190 723
15 365 861
16 701 290
17 123 387
18 117 498
19 734 970
20 929 818
21 76 948
22 864 375
23 77 421
24 781 459
25 955 81
26 833 546
27 195 769
28 769 908
29 51 265
30 34 30
31 197 493
32 452 291
33 899 729
34 397 775
35 58 994
36 389 544
37 403 707
38 527 49
DEMAND_SECTION
1 0
2 2
3 5
4 5
5 5
6 6
7 3
8 6
9 2
10 3
11 2
12 5
13 6
14 4
15 6
16 5
17 6
18 6
19 6
20 1
21 4
22 2
23 3
24 5
25 5
26 3
27 3
28 2
29 4
30 5
31 2
32 1
33 6
34 1
35 2
36 4
37 6
38 4
DEPOT_SECTION
 1
 -1
 EOF 