NAME: I17928-n32-k5
COMMENT : (Fake et al, No of trucks: 5, Optimal value: )
TYPE : CVRP
DIMENSION : 32
EDGE_WEIGHT_TYPE : EUC_2D
CAPACITY : 23
NODE_COORD_SECTION
1 246 326
2 450 952
3 441 501
4 178 83
5 958 278
6 543 439
7 552 705
8 849 26
9 758 310
10 114 514
11 828 223
12 397 268
13 177 716
14 378 554
15 470 665
16 48 111
17 822 822
18 37 669
19 293 910
20 740 179
21 951 206
22 629 669
23 374 581
24 60 660
25 89 159
26 758 762
27 50 587
28 639 89
29 531 50
30 629 113
31 384 919
32 503 562
DEMAND_SECTION
1 0
2 1
3 3
4 3
5 3
6 3
7 6
8 1
9 1
10 1
11 3
12 2
13 3
14 4
15 3
16 5
17 2
18 1
19 6
20 4
21 6
22 1
23 1
24 2
25 2
26 5
27 6
28 5
29 3
30 5
31 2
32 3
DEPOT_SECTION
 1
 -1
 EOF 