NAME: I18041-n33-k6
COMMENT : (Fake et al, No of trucks: 6, Optimal value: )
TYPE : CVRP
DIMENSION : 33
EDGE_WEIGHT_TYPE : EUC_2D
CAPACITY : 35
NODE_COORD_SECTION
1 845 455
2 897 628
3 671 68
4 583 711
5 744 681
6 444 101
7 182 698
8 926 233
9 242 309
10 665 110
11 101 385
12 106 761
13 968 761
14 608 438
15 435 781
16 129 830
17 256 910
18 863 997
19 626 439
20 866 95
21 107 940
22 872 372
23 114 380
24 600 190
25 203 571
26 219 555
27 516 619
28 862 807
29 842 519
30 316 791
31 591 954
32 161 885
33 609 582
DEMAND_SECTION
1 0
2 5
3 2
4 11
5 5
6 5
7 4
8 10
9 5
10 2
11 7
12 7
13 7
14 5
15 8
16 4
17 2
18 11
19 8
20 10
21 7
22 7
23 3
24 2
25 1
26 8
27 9
28 1
29 6
30 11
31 2
32 6
33 4
DEPOT_SECTION
 1
 -1
 EOF 