NAME: I1805-n38-k6
COMMENT : (Fake et al, No of trucks: 6, Optimal value: )
TYPE : CVRP
DIMENSION : 38
EDGE_WEIGHT_TYPE : EUC_2D
CAPACITY : 17
NODE_COORD_SECTION
1 725 630
2 379 707
3 828 170
4 649 830
5 690 709
6 105 923
7 716 169
8 37 383
9 551 33
10 306 81
11 810 88
12 658 985
13 91 607
14 202 964
15 925 714
16 761 42
17 708 116
18 436 782
19 33 485
20 670 599
21 480 84
22 594 515
23 890 887
24 126 34
25 931 933
26 604 542
27 510 369
28 32 262
29 317 628
30 284 714
31 987 217
32 435 528
33 618 864
34 839 186
35 811 933
36 4 376
37 671 693
38 139 832
DEMAND_SECTION
1 0
2 3
3 3
4 3
5 1
6 4
7 1
8 2
9 4
10 1
11 3
12 2
13 2
14 3
15 1
16 4
17 3
18 1
19 2
20 2
21 1
22 1
23 3
24 2
25 2
26 4
27 4
28 3
29 3
30 2
31 1
32 1
33 2
34 2
35 3
36 4
37 4
38 1
DEPOT_SECTION
 1
 -1
 EOF 