NAME: I18064-n43-k3
COMMENT : (Fake et al, No of trucks: 3, Optimal value: )
TYPE : CVRP
DIMENSION : 43
EDGE_WEIGHT_TYPE : EUC_2D
CAPACITY : 51
NODE_COORD_SECTION
1 840 759
2 395 266
3 715 594
4 790 798
5 613 96
6 495 380
7 848 472
8 271 619
9 822 111
10 49 315
11 371 34
12 256 661
13 883 159
14 596 905
15 347 278
16 644 345
17 348 659
18 774 378
19 344 166
20 846 946
21 187 479
22 62 154
23 591 106
24 337 520
25 897 414
26 90 98
27 406 798
28 955 654
29 103 401
30 686 263
31 472 89
32 231 668
33 953 33
34 312 71
35 970 433
36 545 212
37 805 559
38 353 813
39 18 844
40 553 833
41 59 0
42 983 774
43 64 703
DEMAND_SECTION
1 0
2 3
3 3
4 4
5 4
6 2
7 4
8 1
9 1
10 3
11 2
12 4
13 3
14 4
15 4
16 4
17 3
18 2
19 1
20 3
21 4
22 3
23 3
24 3
25 3
26 5
27 2
28 3
29 4
30 1
31 1
32 4
33 1
34 3
35 4
36 3
37 2
38 5
39 2
40 5
41 5
42 3
43 5
DEPOT_SECTION
 1
 -1
 EOF 