NAME: I18194-n27-k4
COMMENT : (Fake et al, No of trucks: 4, Optimal value: )
TYPE : CVRP
DIMENSION : 27
EDGE_WEIGHT_TYPE : EUC_2D
CAPACITY : 11
NODE_COORD_SECTION
1 725 584
2 495 609
3 304 124
4 47 384
5 323 687
6 366 973
7 57 77
8 551 313
9 364 216
10 271 178
11 825 900
12 651 868
13 67 702
14 979 872
15 200 481
16 161 27
17 619 773
18 883 988
19 862 740
20 585 698
21 593 483
22 499 332
23 177 684
24 550 978
25 26 473
26 634 712
27 71 683
DEMAND_SECTION
1 0
2 1
3 1
4 1
5 2
6 1
7 1
8 2
9 2
10 2
11 2
12 1
13 1
14 2
15 1
16 2
17 1
18 1
19 2
20 1
21 1
22 1
23 2
24 1
25 1
26 2
27 2
DEPOT_SECTION
 1
 -1
 EOF 