NAME: I18153-n49-k6
COMMENT : (Fake et al, No of trucks: 6, Optimal value: )
TYPE : CVRP
DIMENSION : 49
EDGE_WEIGHT_TYPE : EUC_2D
CAPACITY : 54
NODE_COORD_SECTION
1 265 735
2 952 16
3 686 88
4 698 128
5 876 784
6 750 632
7 790 683
8 417 299
9 110 954
10 180 499
11 348 431
12 930 397
13 504 264
14 711 26
15 611 547
16 651 209
17 829 472
18 373 311
19 149 997
20 570 761
21 174 722
22 551 954
23 631 92
24 398 637
25 438 168
26 343 221
27 29 622
28 592 682
29 890 613
30 809 176
31 856 176
32 257 265
33 415 46
34 20 839
35 904 347
36 162 107
37 135 634
38 145 224
39 390 696
40 556 343
41 727 846
42 55 282
43 52 962
44 168 256
45 953 798
46 159 754
47 429 580
48 800 326
49 857 903
DEMAND_SECTION
1 0
2 3
3 8
4 3
5 9
6 7
7 5
8 6
9 8
10 2
11 4
12 9
13 3
14 1
15 2
16 7
17 4
18 9
19 6
20 9
21 8
22 7
23 6
24 1
25 1
26 9
27 6
28 7
29 6
30 8
31 1
32 9
33 8
34 9
35 6
36 4
37 7
38 8
39 3
40 1
41 2
42 5
43 7
44 5
45 8
46 7
47 4
48 8
49 9
DEPOT_SECTION
 1
 -1
 EOF 