NAME: I18128-n27-k5
COMMENT : (Fake et al, No of trucks: 5, Optimal value: )
TYPE : CVRP
DIMENSION : 27
EDGE_WEIGHT_TYPE : EUC_2D
CAPACITY : 20
NODE_COORD_SECTION
1 587 748
2 919 34
3 465 852
4 584 858
5 126 541
6 798 837
7 533 50
8 628 488
9 524 207
10 568 136
11 878 681
12 794 759
13 150 288
14 449 980
15 288 626
16 118 853
17 406 322
18 459 528
19 473 113
20 553 274
21 735 25
22 419 626
23 554 260
24 296 23
25 325 292
26 414 586
27 373 420
DEMAND_SECTION
1 0
2 1
3 2
4 3
5 4
6 5
7 5
8 3
9 4
10 2
11 5
12 5
13 3
14 2
15 5
16 1
17 4
18 2
19 1
20 3
21 2
22 2
23 2
24 4
25 1
26 5
27 4
DEPOT_SECTION
 1
 -1
 EOF 