NAME: I18213-n31-k3
COMMENT : (Fake et al, No of trucks: 3, Optimal value: )
TYPE : CVRP
DIMENSION : 31
EDGE_WEIGHT_TYPE : EUC_2D
CAPACITY : 23
NODE_COORD_SECTION
1 433 662
2 905 272
3 470 522
4 441 729
5 45 237
6 495 305
7 740 250
8 77 953
9 232 500
10 818 647
11 373 235
12 145 225
13 224 678
14 872 992
15 481 446
16 725 839
17 144 299
18 893 111
19 957 847
20 219 888
21 89 324
22 172 879
23 364 617
24 70 984
25 67 525
26 976 399
27 387 506
28 625 100
29 167 620
30 191 124
31 795 61
DEMAND_SECTION
1 0
2 3
3 3
4 3
5 2
6 1
7 1
8 1
9 1
10 1
11 1
12 3
13 3
14 1
15 2
16 3
17 2
18 1
19 3
20 2
21 1
22 1
23 2
24 1
25 2
26 2
27 1
28 1
29 3
30 3
31 3
DEPOT_SECTION
 1
 -1
 EOF 