NAME: I18297-n25-k4
COMMENT : (Fake et al, No of trucks: 4, Optimal value: )
TYPE : CVRP
DIMENSION : 25
EDGE_WEIGHT_TYPE : EUC_2D
CAPACITY : 17
NODE_COORD_SECTION
1 788 832
2 798 943
3 632 1
4 840 417
5 209 807
6 14 666
7 765 457
8 149 704
9 91 992
10 347 668
11 993 669
12 945 454
13 646 397
14 804 56
15 737 5
16 572 883
17 212 793
18 777 32
19 949 710
20 349 696
21 957 931
22 442 921
23 729 266
24 212 574
25 77 786
DEMAND_SECTION
1 0
2 1
3 4
4 4
5 4
6 3
7 1
8 3
9 1
10 4
11 2
12 3
13 1
14 4
15 3
16 1
17 2
18 3
19 1
20 3
21 4
22 1
23 1
24 2
25 3
DEPOT_SECTION
 1
 -1
 EOF 