NAME: I18231-n31-k4
COMMENT : (Fake et al, No of trucks: 4, Optimal value: )
TYPE : CVRP
DIMENSION : 31
EDGE_WEIGHT_TYPE : EUC_2D
CAPACITY : 13
NODE_COORD_SECTION
1 770 223
2 433 685
3 724 640
4 403 179
5 48 241
6 244 47
7 679 351
8 486 463
9 105 388
10 60 891
11 419 446
12 724 528
13 866 968
14 997 288
15 860 887
16 427 676
17 359 949
18 110 310
19 860 553
20 188 611
21 462 845
22 44 142
23 971 742
24 129 852
25 382 91
26 66 849
27 537 576
28 376 641
29 260 410
30 364 156
31 117 79
DEMAND_SECTION
1 0
2 1
3 1
4 1
5 2
6 2
7 2
8 2
9 1
10 1
11 1
12 2
13 2
14 1
15 2
16 2
17 2
18 1
19 1
20 2
21 2
22 2
23 1
24 2
25 1
26 1
27 2
28 1
29 1
30 1
31 1
DEPOT_SECTION
 1
 -1
 EOF 