NAME: I18284-n27-k6
COMMENT : (Fake et al, No of trucks: 6, Optimal value: )
TYPE : CVRP
DIMENSION : 27
EDGE_WEIGHT_TYPE : EUC_2D
CAPACITY : 11
NODE_COORD_SECTION
1 520 66
2 663 775
3 89 861
4 712 604
5 221 318
6 853 953
7 718 305
8 223 961
9 790 538
10 297 962
11 810 480
12 811 799
13 377 826
14 721 891
15 670 754
16 894 601
17 333 124
18 835 437
19 727 275
20 130 784
21 893 821
22 925 527
23 143 227
24 247 97
25 441 132
26 713 574
27 792 283
DEMAND_SECTION
1 0
2 3
3 1
4 3
5 2
6 2
7 3
8 3
9 3
10 2
11 2
12 3
13 1
14 1
15 2
16 2
17 1
18 3
19 2
20 2
21 1
22 3
23 2
24 2
25 1
26 3
27 2
DEPOT_SECTION
 1
 -1
 EOF 