NAME: I18210-n44-k4
COMMENT : (Fake et al, No of trucks: 4, Optimal value: )
TYPE : CVRP
DIMENSION : 44
EDGE_WEIGHT_TYPE : EUC_2D
CAPACITY : 65
NODE_COORD_SECTION
1 744 230
2 929 49
3 862 819
4 732 914
5 598 254
6 220 204
7 29 250
8 219 932
9 505 924
10 27 135
11 727 1000
12 635 365
13 281 372
14 3 57
15 575 753
16 587 986
17 946 924
18 971 39
19 549 44
20 923 144
21 472 475
22 388 101
23 677 388
24 749 759
25 614 255
26 523 334
27 559 408
28 998 345
29 959 863
30 623 527
31 192 26
32 725 751
33 892 99
34 244 922
35 305 952
36 518 158
37 423 836
38 919 50
39 134 554
40 801 352
41 927 170
42 860 705
43 546 807
44 968 674
DEMAND_SECTION
1 0
2 5
3 8
4 1
5 6
6 1
7 7
8 5
9 6
10 6
11 2
12 6
13 1
14 8
15 6
16 4
17 7
18 8
19 2
20 8
21 5
22 2
23 8
24 9
25 4
26 4
27 7
28 2
29 6
30 5
31 9
32 4
33 4
34 1
35 5
36 5
37 4
38 8
39 3
40 8
41 5
42 3
43 8
44 6
DEPOT_SECTION
 1
 -1
 EOF 