NAME: I18345-n39-k5
COMMENT : (Fake et al, No of trucks: 5, Optimal value: )
TYPE : CVRP
DIMENSION : 39
EDGE_WEIGHT_TYPE : EUC_2D
CAPACITY : 23
NODE_COORD_SECTION
1 859 470
2 979 778
3 605 930
4 3 756
5 450 136
6 787 603
7 654 752
8 330 612
9 943 567
10 372 43
11 594 148
12 313 277
13 799 787
14 549 895
15 377 275
16 575 429
17 393 327
18 113 239
19 838 174
20 765 689
21 442 135
22 227 908
23 137 875
24 65 644
25 106 627
26 528 765
27 518 405
28 582 22
29 532 420
30 829 26
31 536 860
32 7 516
33 272 472
34 954 406
35 584 354
36 98 320
37 214 863
38 724 875
39 37 209
DEMAND_SECTION
1 0
2 4
3 2
4 2
5 3
6 4
7 1
8 3
9 3
10 4
11 2
12 2
13 2
14 3
15 5
16 4
17 1
18 1
19 4
20 2
21 3
22 3
23 1
24 3
25 5
26 2
27 1
28 2
29 3
30 4
31 3
32 5
33 4
34 3
35 4
36 4
37 1
38 1
39 4
DEPOT_SECTION
 1
 -1
 EOF 