NAME: I18390-n30-k4
COMMENT : (Fake et al, No of trucks: 4, Optimal value: )
TYPE : CVRP
DIMENSION : 30
EDGE_WEIGHT_TYPE : EUC_2D
CAPACITY : 8
NODE_COORD_SECTION
1 697 670
2 265 360
3 379 600
4 396 430
5 798 646
6 46 636
7 678 603
8 696 554
9 337 636
10 250 272
11 169 785
12 586 218
13 570 871
14 52 366
15 871 182
16 420 683
17 982 258
18 199 977
19 380 543
20 906 861
21 266 107
22 980 779
23 183 142
24 526 662
25 576 788
26 962 583
27 924 497
28 737 552
29 334 542
30 895 88
DEMAND_SECTION
1 0
2 1
3 1
4 1
5 1
6 1
7 1
8 1
9 1
10 1
11 1
12 1
13 1
14 1
15 1
16 1
17 1
18 1
19 1
20 1
21 1
22 1
23 1
24 1
25 1
26 1
27 1
28 1
29 1
30 1
DEPOT_SECTION
 1
 -1
 EOF 