NAME: I18362-n32-k5
COMMENT : (Fake et al, No of trucks: 5, Optimal value: )
TYPE : CVRP
DIMENSION : 32
EDGE_WEIGHT_TYPE : EUC_2D
CAPACITY : 16
NODE_COORD_SECTION
1 324 972
2 332 628
3 171 872
4 494 360
5 16 791
6 933 632
7 504 309
8 507 124
9 165 222
10 830 834
11 145 696
12 747 206
13 424 221
14 319 139
15 23 801
16 909 904
17 970 770
18 91 856
19 918 744
20 751 889
21 180 782
22 574 691
23 588 769
24 721 36
25 525 678
26 952 908
27 562 899
28 5 247
29 713 365
30 470 203
31 967 443
32 685 815
DEMAND_SECTION
1 0
2 1
3 1
4 1
5 3
6 3
7 3
8 3
9 2
10 1
11 2
12 1
13 2
14 3
15 3
16 2
17 3
18 2
19 3
20 3
21 1
22 3
23 2
24 3
25 3
26 2
27 3
28 3
29 1
30 2
31 3
32 2
DEPOT_SECTION
 1
 -1
 EOF 