NAME: I18350-n42-k6
COMMENT : (Fake et al, No of trucks: 6, Optimal value: )
TYPE : CVRP
DIMENSION : 42
EDGE_WEIGHT_TYPE : EUC_2D
CAPACITY : 27
NODE_COORD_SECTION
1 671 734
2 59 614
3 996 662
4 184 750
5 909 159
6 453 565
7 383 948
8 528 469
9 585 109
10 598 369
11 918 108
12 45 557
13 537 175
14 364 841
15 663 101
16 781 47
17 752 262
18 489 938
19 822 398
20 403 784
21 592 753
22 720 84
23 226 550
24 48 915
25 29 563
26 880 575
27 108 696
28 814 444
29 512 454
30 264 24
31 676 366
32 307 995
33 438 289
34 552 905
35 119 98
36 960 304
37 547 399
38 554 831
39 700 130
40 12 923
41 765 143
42 731 420
DEMAND_SECTION
1 0
2 2
3 3
4 2
5 1
6 3
7 2
8 2
9 1
10 1
11 3
12 4
13 2
14 1
15 5
16 6
17 4
18 3
19 2
20 1
21 5
22 6
23 2
24 6
25 6
26 4
27 2
28 3
29 1
30 4
31 4
32 6
33 6
34 3
35 6
36 3
37 2
38 5
39 3
40 3
41 2
42 4
DEPOT_SECTION
 1
 -1
 EOF 