NAME: I18422-n35-k5
COMMENT : (Fake et al, No of trucks: 5, Optimal value: )
TYPE : CVRP
DIMENSION : 35
EDGE_WEIGHT_TYPE : EUC_2D
CAPACITY : 24
NODE_COORD_SECTION
1 406 571
2 481 677
3 987 612
4 485 518
5 603 229
6 549 782
7 27 52
8 611 905
9 599 439
10 909 884
11 308 986
12 68 805
13 850 496
14 353 995
15 47 912
16 371 507
17 507 873
18 303 326
19 696 240
20 181 903
21 505 53
22 600 138
23 653 66
24 882 670
25 419 168
26 790 877
27 305 827
28 443 68
29 781 273
30 0 208
31 977 892
32 695 559
33 686 261
34 124 558
35 533 533
DEMAND_SECTION
1 0
2 1
3 3
4 2
5 3
6 2
7 4
8 3
9 2
10 4
11 1
12 5
13 1
14 4
15 2
16 5
17 3
18 3
19 4
20 4
21 5
22 2
23 5
24 1
25 4
26 4
27 1
28 2
29 3
30 3
31 5
32 4
33 1
34 5
35 4
DEPOT_SECTION
 1
 -1
 EOF 