NAME: I18464-n26-k4
COMMENT : (Fake et al, No of trucks: 4, Optimal value: )
TYPE : CVRP
DIMENSION : 26
EDGE_WEIGHT_TYPE : EUC_2D
CAPACITY : 16
NODE_COORD_SECTION
1 543 351
2 321 106
3 126 990
4 499 905
5 872 783
6 943 403
7 261 433
8 463 812
9 460 43
10 236 903
11 865 615
12 306 330
13 768 26
14 903 580
15 742 870
16 947 911
17 648 257
18 953 833
19 306 540
20 810 117
21 348 587
22 621 742
23 252 189
24 834 701
25 209 545
26 479 340
DEMAND_SECTION
1 0
2 2
3 3
4 3
5 3
6 1
7 3
8 3
9 1
10 3
11 1
12 3
13 3
14 1
15 3
16 3
17 3
18 3
19 2
20 1
21 2
22 3
23 2
24 1
25 1
26 1
DEPOT_SECTION
 1
 -1
 EOF 