NAME: I18469-n34-k6
COMMENT : (Fake et al, No of trucks: 6, Optimal value: )
TYPE : CVRP
DIMENSION : 34
EDGE_WEIGHT_TYPE : EUC_2D
CAPACITY : 31
NODE_COORD_SECTION
1 113 679
2 785 448
3 679 6
4 61 478
5 886 453
6 222 971
7 258 136
8 15 60
9 223 653
10 321 545
11 776 391
12 162 823
13 419 182
14 151 837
15 337 719
16 31 591
17 450 211
18 363 617
19 84 623
20 449 472
21 758 980
22 33 311
23 115 728
24 719 730
25 104 637
26 246 753
27 21 785
28 189 207
29 632 27
30 126 479
31 305 96
32 434 634
33 491 553
34 121 598
DEMAND_SECTION
1 0
2 3
3 3
4 9
5 9
6 8
7 2
8 2
9 1
10 8
11 2
12 5
13 6
14 1
15 5
16 3
17 8
18 9
19 2
20 7
21 9
22 1
23 5
24 5
25 3
26 5
27 8
28 2
29 7
30 4
31 9
32 6
33 7
34 4
DEPOT_SECTION
 1
 -1
 EOF 