NAME: I18687-n50-k6
COMMENT : (Fake et al, No of trucks: 6, Optimal value: )
TYPE : CVRP
DIMENSION : 50
EDGE_WEIGHT_TYPE : EUC_2D
CAPACITY : 22
NODE_COORD_SECTION
1 470 807
2 42 181
3 275 775
4 600 937
5 3 249
6 308 437
7 428 894
8 481 580
9 867 438
10 530 934
11 64 278
12 407 609
13 120 142
14 362 324
15 850 18
16 713 194
17 493 572
18 680 121
19 139 762
20 286 325
21 560 327
22 351 69
23 478 78
24 109 676
25 185 384
26 124 46
27 836 586
28 884 54
29 324 522
30 271 487
31 281 895
32 829 13
33 825 877
34 694 884
35 614 436
36 550 10
37 267 627
38 410 582
39 411 490
40 204 37
41 634 427
42 565 901
43 231 26
44 660 908
45 161 686
46 300 795
47 154 769
48 895 938
49 780 644
50 430 287
DEMAND_SECTION
1 0
2 2
3 4
4 3
5 3
6 2
7 1
8 4
9 2
10 1
11 2
12 1
13 4
14 2
15 1
16 2
17 3
18 2
19 3
20 4
21 2
22 4
23 2
24 1
25 4
26 4
27 1
28 3
29 1
30 3
31 2
32 4
33 2
34 4
35 1
36 2
37 4
38 3
39 3
40 2
41 2
42 3
43 3
44 1
45 1
46 4
47 3
48 2
49 1
50 1
DEPOT_SECTION
 1
 -1
 EOF 