NAME: I18630-n29-k4
COMMENT : (Fake et al, No of trucks: 4, Optimal value: )
TYPE : CVRP
DIMENSION : 29
EDGE_WEIGHT_TYPE : EUC_2D
CAPACITY : 32
NODE_COORD_SECTION
1 389 531
2 610 582
3 233 911
4 767 6
5 70 200
6 638 927
7 843 475
8 426 762
9 945 385
10 687 266
11 568 155
12 529 293
13 901 838
14 407 909
15 728 47
16 358 765
17 883 866
18 416 565
19 196 746
20 560 342
21 335 33
22 559 523
23 304 965
24 816 941
25 750 770
26 975 142
27 127 208
28 921 272
29 187 997
DEMAND_SECTION
1 0
2 4
3 7
4 7
5 5
6 7
7 2
8 7
9 5
10 1
11 1
12 6
13 3
14 5
15 2
16 7
17 3
18 3
19 4
20 2
21 5
22 5
23 6
24 4
25 2
26 2
27 7
28 3
29 1
DEPOT_SECTION
 1
 -1
 EOF 