NAME: I18672-n36-k6
COMMENT : (Fake et al, No of trucks: 6, Optimal value: )
TYPE : CVRP
DIMENSION : 36
EDGE_WEIGHT_TYPE : EUC_2D
CAPACITY : 14
NODE_COORD_SECTION
1 424 350
2 461 485
3 870 473
4 661 654
5 447 426
6 816 735
7 947 526
8 333 484
9 788 350
10 458 601
11 292 619
12 649 1000
13 662 772
14 42 530
15 570 555
16 360 209
17 417 74
18 663 515
19 10 849
20 464 977
21 820 407
22 668 891
23 357 333
24 2 209
25 700 515
26 788 938
27 431 45
28 401 371
29 158 236
30 723 922
31 348 227
32 306 757
33 70 224
34 27 275
35 353 428
36 462 80
DEMAND_SECTION
1 0
2 3
3 3
4 1
5 3
6 3
7 3
8 1
9 2
10 3
11 3
12 2
13 1
14 2
15 3
16 2
17 3
18 1
19 3
20 3
21 1
22 2
23 1
24 2
25 2
26 1
27 1
28 1
29 1
30 2
31 1
32 3
33 2
34 2
35 1
36 2
DEPOT_SECTION
 1
 -1
 EOF 