NAME: I18674-n49-k6
COMMENT : (Fake et al, No of trucks: 6, Optimal value: )
TYPE : CVRP
DIMENSION : 49
EDGE_WEIGHT_TYPE : EUC_2D
CAPACITY : 55
NODE_COORD_SECTION
1 499 462
2 362 515
3 727 947
4 414 217
5 459 217
6 911 621
7 443 702
8 110 614
9 359 342
10 19 992
11 510 844
12 45 620
13 969 213
14 159 463
15 452 754
16 120 282
17 120 306
18 68 625
19 947 88
20 778 308
21 869 899
22 956 823
23 995 397
24 222 367
25 706 317
26 306 423
27 672 388
28 840 421
29 980 478
30 700 984
31 402 613
32 425 395
33 316 204
34 380 511
35 648 402
36 561 251
37 798 318
38 383 672
39 153 433
40 154 697
41 367 227
42 458 407
43 993 143
44 616 784
45 718 685
46 878 475
47 111 801
48 946 533
49 858 489
DEMAND_SECTION
1 0
2 1
3 8
4 7
5 2
6 7
7 3
8 9
9 4
10 9
11 11
12 11
13 1
14 1
15 11
16 4
17 9
18 11
19 5
20 4
21 5
22 10
23 1
24 1
25 6
26 9
27 4
28 6
29 9
30 1
31 9
32 5
33 1
34 5
35 10
36 2
37 10
38 6
39 1
40 2
41 10
42 11
43 1
44 7
45 8
46 6
47 7
48 4
49 3
DEPOT_SECTION
 1
 -1
 EOF 