NAME: I18707-n37-k5
COMMENT : (Fake et al, No of trucks: 5, Optimal value: )
TYPE : CVRP
DIMENSION : 37
EDGE_WEIGHT_TYPE : EUC_2D
CAPACITY : 29
NODE_COORD_SECTION
1 215 848
2 781 74
3 54 207
4 887 632
5 288 89
6 800 89
7 265 271
8 422 18
9 40 382
10 299 843
11 823 622
12 797 105
13 700 810
14 96 419
15 533 195
16 145 779
17 138 481
18 43 207
19 627 757
20 826 61
21 705 698
22 930 997
23 647 366
24 306 55
25 803 806
26 441 275
27 22 412
28 68 556
29 418 579
30 44 879
31 611 77
32 516 785
33 409 302
34 882 302
35 62 944
36 599 717
37 370 448
DEMAND_SECTION
1 0
2 1
3 4
4 4
5 6
6 6
7 6
8 5
9 2
10 1
11 2
12 2
13 4
14 3
15 5
16 5
17 5
18 6
19 5
20 3
21 4
22 5
23 1
24 3
25 4
26 2
27 6
28 1
29 5
30 1
31 5
32 6
33 2
34 1
35 3
36 2
37 4
DEPOT_SECTION
 1
 -1
 EOF 