NAME: I18770-n32-k5
COMMENT : (Fake et al, No of trucks: 5, Optimal value: )
TYPE : CVRP
DIMENSION : 32
EDGE_WEIGHT_TYPE : EUC_2D
CAPACITY : 8
NODE_COORD_SECTION
1 617 589
2 668 39
3 778 309
4 850 134
5 900 116
6 685 815
7 535 704
8 547 12
9 24 434
10 147 217
11 165 951
12 912 175
13 717 223
14 883 859
15 180 411
16 41 749
17 472 565
18 179 510
19 612 66
20 562 528
21 980 976
22 336 525
23 837 436
24 231 618
25 529 388
26 142 337
27 243 487
28 578 788
29 57 503
30 89 946
31 736 960
32 950 318
DEMAND_SECTION
1 0
2 1
3 1
4 1
5 1
6 1
7 1
8 1
9 1
10 1
11 1
12 1
13 1
14 1
15 1
16 1
17 1
18 1
19 1
20 1
21 1
22 1
23 1
24 1
25 1
26 1
27 1
28 1
29 1
30 1
31 1
32 1
DEPOT_SECTION
 1
 -1
 EOF 