NAME: I18760-n49-k4
COMMENT : (Fake et al, No of trucks: 4, Optimal value: )
TYPE : CVRP
DIMENSION : 49
EDGE_WEIGHT_TYPE : EUC_2D
CAPACITY : 65
NODE_COORD_SECTION
1 319 867
2 908 992
3 121 964
4 838 744
5 73 430
6 315 578
7 258 373
8 327 312
9 722 365
10 860 378
11 993 173
12 20 683
13 754 895
14 895 224
15 848 786
16 805 57
17 228 715
18 648 259
19 944 643
20 24 499
21 529 116
22 190 208
23 456 158
24 443 415
25 758 460
26 34 25
27 247 613
28 26 490
29 992 216
30 849 259
31 466 464
32 722 90
33 405 772
34 940 877
35 825 542
36 410 683
37 60 93
38 805 98
39 829 54
40 497 171
41 67 846
42 265 676
43 818 67
44 39 812
45 360 937
46 904 232
47 575 567
48 531 463
49 781 659
DEMAND_SECTION
1 0
2 4
3 4
4 4
5 3
6 1
7 8
8 8
9 5
10 4
11 4
12 1
13 1
14 4
15 8
16 4
17 7
18 4
19 5
20 8
21 8
22 2
23 2
24 6
25 4
26 8
27 6
28 4
29 3
30 3
31 5
32 8
33 6
34 8
35 8
36 2
37 6
38 7
39 1
40 2
41 8
42 5
43 5
44 7
45 1
46 7
47 3
48 5
49 2
DEPOT_SECTION
 1
 -1
 EOF 