NAME: I1870-n43-k3
COMMENT : (Fake et al, No of trucks: 3, Optimal value: )
TYPE : CVRP
DIMENSION : 43
EDGE_WEIGHT_TYPE : EUC_2D
CAPACITY : 23
NODE_COORD_SECTION
1 334 289
2 987 235
3 784 683
4 459 289
5 165 839
6 232 361
7 1 113
8 78 806
9 95 185
10 304 594
11 456 148
12 883 156
13 384 94
14 524 657
15 980 240
16 40 601
17 591 273
18 821 705
19 714 750
20 828 712
21 875 357
22 457 117
23 917 689
24 656 588
25 149 758
26 477 277
27 42 252
28 526 576
29 591 786
30 253 52
31 211 47
32 522 431
33 225 505
34 856 935
35 304 500
36 961 821
37 719 308
38 335 546
39 21 659
40 659 922
41 94 748
42 100 331
43 321 164
DEMAND_SECTION
1 0
2 2
3 1
4 2
5 2
6 1
7 1
8 2
9 2
10 2
11 1
12 1
13 2
14 2
15 1
16 1
17 2
18 2
19 1
20 2
21 2
22 2
23 1
24 1
25 2
26 2
27 2
28 1
29 1
30 1
31 2
32 1
33 2
34 2
35 1
36 1
37 1
38 2
39 1
40 1
41 2
42 1
43 1
DEPOT_SECTION
 1
 -1
 EOF 