NAME: I18764-n37-k5
COMMENT : (Fake et al, No of trucks: 5, Optimal value: )
TYPE : CVRP
DIMENSION : 37
EDGE_WEIGHT_TYPE : EUC_2D
CAPACITY : 13
NODE_COORD_SECTION
1 175 777
2 67 68
3 697 904
4 965 360
5 104 594
6 980 760
7 854 774
8 423 227
9 898 968
10 239 631
11 132 735
12 926 97
13 808 465
14 450 139
15 498 847
16 913 767
17 70 63
18 494 613
19 433 352
20 945 427
21 688 784
22 495 514
23 264 196
24 990 423
25 453 532
26 124 284
27 787 698
28 636 975
29 470 285
30 492 723
31 586 893
32 844 245
33 768 386
34 905 228
35 28 718
36 840 99
37 716 651
DEMAND_SECTION
1 0
2 1
3 2
4 1
5 2
6 1
7 1
8 2
9 1
10 1
11 1
12 2
13 2
14 1
15 1
16 2
17 1
18 1
19 2
20 1
21 2
22 2
23 1
24 2
25 1
26 2
27 2
28 1
29 2
30 1
31 2
32 2
33 1
34 2
35 1
36 2
37 1
DEPOT_SECTION
 1
 -1
 EOF 