NAME: I18882-n50-k3
COMMENT : (Fake et al, No of trucks: 3, Optimal value: )
TYPE : CVRP
DIMENSION : 50
EDGE_WEIGHT_TYPE : EUC_2D
CAPACITY : 19
NODE_COORD_SECTION
1 986 342
2 11 399
3 575 599
4 689 267
5 834 280
6 724 93
7 811 595
8 772 146
9 211 17
10 794 107
11 849 915
12 849 310
13 793 780
14 196 975
15 863 176
16 524 430
17 849 210
18 896 682
19 587 172
20 707 150
21 66 748
22 427 581
23 208 514
24 350 61
25 92 438
26 17 361
27 38 626
28 499 310
29 89 590
30 238 23
31 614 700
32 975 370
33 873 16
34 166 278
35 704 974
36 90 201
37 527 936
38 252 564
39 385 947
40 381 384
41 918 713
42 231 919
43 790 116
44 528 741
45 490 129
46 795 93
47 813 487
48 966 963
49 581 93
50 220 91
DEMAND_SECTION
1 0
2 1
3 1
4 1
5 1
6 1
7 1
8 1
9 1
10 1
11 1
12 1
13 1
14 1
15 1
16 1
17 1
18 1
19 1
20 1
21 1
22 1
23 1
24 1
25 1
26 1
27 1
28 1
29 1
30 1
31 1
32 1
33 1
34 1
35 1
36 1
37 1
38 1
39 1
40 1
41 1
42 1
43 1
44 1
45 1
46 1
47 1
48 1
49 1
50 1
DEPOT_SECTION
 1
 -1
 EOF 