NAME: I18989-n25-k5
COMMENT : (Fake et al, No of trucks: 5, Optimal value: )
TYPE : CVRP
DIMENSION : 25
EDGE_WEIGHT_TYPE : EUC_2D
CAPACITY : 20
NODE_COORD_SECTION
1 188 740
2 588 304
3 604 58
4 72 259
5 34 35
6 305 667
7 746 329
8 536 818
9 93 422
10 283 777
11 26 150
12 748 532
13 407 71
14 996 354
15 324 593
16 207 707
17 264 980
18 815 501
19 325 692
20 139 866
21 81 49
22 531 483
23 356 729
24 38 224
25 551 82
DEMAND_SECTION
1 0
2 2
3 6
4 4
5 5
6 4
7 5
8 7
9 5
10 4
11 1
12 1
13 2
14 1
15 3
16 2
17 2
18 6
19 7
20 1
21 6
22 6
23 3
24 2
25 1
DEPOT_SECTION
 1
 -1
 EOF 