NAME: I18972-n41-k3
COMMENT : (Fake et al, No of trucks: 3, Optimal value: )
TYPE : CVRP
DIMENSION : 41
EDGE_WEIGHT_TYPE : EUC_2D
CAPACITY : 78
NODE_COORD_SECTION
1 72 43
2 246 160
3 233 791
4 768 486
5 622 995
6 714 559
7 21 969
8 156 301
9 518 291
10 933 715
11 609 344
12 98 430
13 861 910
14 527 496
15 755 677
16 564 55
17 22 533
18 251 609
19 635 431
20 72 755
21 1000 926
22 120 997
23 240 733
24 664 240
25 718 954
26 689 244
27 958 329
28 898 128
29 296 204
30 120 844
31 710 184
32 965 975
33 963 616
34 524 381
35 988 965
36 399 43
37 943 661
38 393 56
39 710 946
40 929 667
41 982 988
DEMAND_SECTION
1 0
2 2
3 3
4 9
5 1
6 6
7 2
8 8
9 1
10 9
11 2
12 7
13 7
14 1
15 7
16 8
17 8
18 5
19 3
20 1
21 6
22 7
23 8
24 3
25 3
26 5
27 9
28 9
29 5
30 7
31 5
32 6
33 6
34 4
35 5
36 7
37 2
38 1
39 6
40 2
41 7
DEPOT_SECTION
 1
 -1
 EOF 