NAME: I1901-n37-k4
COMMENT : (Fake et al, No of trucks: 4, Optimal value: )
TYPE : CVRP
DIMENSION : 37
EDGE_WEIGHT_TYPE : EUC_2D
CAPACITY : 72
NODE_COORD_SECTION
1 574 831
2 81 13
3 413 288
4 326 480
5 498 345
6 891 2
7 863 352
8 424 652
9 396 204
10 1 156
11 339 160
12 346 996
13 393 479
14 948 34
15 314 619
16 448 595
17 742 201
18 820 241
19 376 735
20 450 698
21 874 656
22 502 574
23 777 797
24 722 475
25 11 676
26 188 323
27 359 903
28 858 388
29 520 24
30 897 97
31 753 683
32 708 469
33 484 925
34 163 302
35 258 380
36 479 271
37 610 303
DEMAND_SECTION
1 0
2 10
3 7
4 10
5 2
6 7
7 9
8 9
9 4
10 7
11 4
12 3
13 6
14 2
15 9
16 8
17 7
18 6
19 5
20 9
21 6
22 10
23 8
24 9
25 10
26 6
27 8
28 2
29 10
30 10
31 9
32 1
33 4
34 4
35 5
36 10
37 9
DEPOT_SECTION
 1
 -1
 EOF 