NAME: I19005-n31-k6
COMMENT : (Fake et al, No of trucks: 6, Optimal value: )
TYPE : CVRP
DIMENSION : 31
EDGE_WEIGHT_TYPE : EUC_2D
CAPACITY : 6
NODE_COORD_SECTION
1 518 174
2 397 159
3 980 114
4 997 31
5 674 219
6 894 699
7 151 221
8 762 635
9 95 219
10 436 337
11 476 493
12 697 973
13 981 385
14 461 973
15 315 627
16 220 868
17 29 816
18 603 594
19 42 527
20 931 601
21 730 521
22 234 802
23 493 700
24 819 315
25 454 533
26 857 752
27 609 652
28 282 102
29 824 506
30 123 955
31 797 524
DEMAND_SECTION
1 0
2 1
3 1
4 1
5 1
6 1
7 1
8 1
9 1
10 1
11 1
12 1
13 1
14 1
15 1
16 1
17 1
18 1
19 1
20 1
21 1
22 1
23 1
24 1
25 1
26 1
27 1
28 1
29 1
30 1
31 1
DEPOT_SECTION
 1
 -1
 EOF 