NAME: I19171-n29-k6
COMMENT : (Fake et al, No of trucks: 6, Optimal value: )
TYPE : CVRP
DIMENSION : 29
EDGE_WEIGHT_TYPE : EUC_2D
CAPACITY : 26
NODE_COORD_SECTION
1 728 18
2 665 611
3 485 426
4 69 235
5 5 613
6 114 711
7 2 913
8 145 824
9 423 108
10 251 458
11 773 190
12 498 596
13 771 206
14 781 242
15 789 259
16 824 359
17 362 518
18 52 34
19 269 394
20 245 668
21 975 753
22 699 981
23 405 413
24 409 36
25 559 705
26 473 495
27 914 707
28 108 448
29 274 31
DEMAND_SECTION
1 0
2 7
3 7
4 7
5 6
6 7
7 2
8 3
9 4
10 6
11 8
12 1
13 4
14 8
15 8
16 5
17 7
18 4
19 3
20 6
21 7
22 1
23 2
24 3
25 1
26 1
27 1
28 1
29 7
DEPOT_SECTION
 1
 -1
 EOF 