NAME: I19137-n27-k4
COMMENT : (Fake et al, No of trucks: 4, Optimal value: )
TYPE : CVRP
DIMENSION : 27
EDGE_WEIGHT_TYPE : EUC_2D
CAPACITY : 11
NODE_COORD_SECTION
1 527 122
2 106 728
3 8 479
4 422 119
5 839 608
6 43 822
7 780 21
8 881 889
9 772 268
10 844 646
11 952 122
12 932 761
13 414 322
14 358 642
15 985 740
16 602 46
17 367 564
18 707 129
19 477 886
20 892 312
21 649 560
22 860 18
23 680 403
24 871 343
25 259 336
26 346 679
27 478 599
DEMAND_SECTION
1 0
2 1
3 2
4 1
5 1
6 1
7 2
8 2
9 1
10 1
11 1
12 2
13 2
14 1
15 2
16 2
17 1
18 2
19 1
20 1
21 1
22 1
23 1
24 2
25 1
26 2
27 1
DEPOT_SECTION
 1
 -1
 EOF 