NAME: I19105-n38-k6
COMMENT : (Fake et al, No of trucks: 6, Optimal value: )
TYPE : CVRP
DIMENSION : 38
EDGE_WEIGHT_TYPE : EUC_2D
CAPACITY : 22
NODE_COORD_SECTION
1 391 486
2 152 342
3 304 346
4 44 547
5 432 127
6 328 782
7 598 840
8 856 358
9 975 332
10 684 471
11 869 725
12 998 4
13 897 504
14 664 359
15 46 448
16 108 85
17 447 274
18 809 31
19 471 400
20 73 870
21 156 115
22 340 908
23 846 137
24 49 335
25 773 528
26 994 0
27 610 830
28 159 119
29 956 936
30 680 742
31 139 334
32 767 687
33 930 485
34 967 168
35 556 506
36 991 12
37 310 288
38 438 237
DEMAND_SECTION
1 0
2 5
3 4
4 4
5 4
6 5
7 1
8 2
9 1
10 2
11 5
12 2
13 4
14 3
15 1
16 2
17 3
18 2
19 3
20 2
21 2
22 4
23 2
24 2
25 5
26 2
27 1
28 4
29 2
30 5
31 4
32 5
33 5
34 4
35 1
36 1
37 5
38 5
DEPOT_SECTION
 1
 -1
 EOF 