NAME: I19117-n34-k4
COMMENT : (Fake et al, No of trucks: 4, Optimal value: )
TYPE : CVRP
DIMENSION : 34
EDGE_WEIGHT_TYPE : EUC_2D
CAPACITY : 14
NODE_COORD_SECTION
1 176 88
2 307 568
3 850 39
4 814 405
5 259 564
6 88 974
7 925 356
8 424 980
9 450 360
10 563 807
11 922 290
12 417 873
13 884 822
14 288 988
15 792 204
16 383 95
17 902 907
18 46 9
19 155 515
20 495 356
21 195 500
22 356 317
23 772 599
24 750 938
25 930 437
26 483 834
27 52 108
28 25 78
29 634 682
30 773 307
31 781 548
32 833 220
33 625 442
34 144 243
DEMAND_SECTION
1 0
2 1
3 1
4 1
5 2
6 2
7 1
8 1
9 2
10 2
11 2
12 1
13 1
14 1
15 2
16 2
17 1
18 2
19 1
20 1
21 1
22 2
23 1
24 1
25 2
26 1
27 1
28 2
29 2
30 1
31 2
32 1
33 1
34 2
DEPOT_SECTION
 1
 -1
 EOF 