NAME: I1913-n43-k5
COMMENT : (Fake et al, No of trucks: 5, Optimal value: )
TYPE : CVRP
DIMENSION : 43
EDGE_WEIGHT_TYPE : EUC_2D
CAPACITY : 46
NODE_COORD_SECTION
1 664 798
2 201 371
3 521 490
4 819 89
5 645 808
6 697 959
7 644 901
8 644 118
9 364 928
10 394 211
11 40 369
12 73 207
13 545 311
14 459 192
15 423 546
16 163 556
17 332 467
18 712 555
19 236 859
20 951 0
21 975 821
22 720 93
23 452 154
24 85 177
25 796 648
26 273 749
27 199 499
28 353 853
29 670 815
30 692 143
31 585 486
32 331 66
33 152 477
34 740 913
35 239 602
36 125 495
37 312 113
38 115 622
39 563 295
40 921 928
41 85 412
42 532 113
43 863 887
DEMAND_SECTION
1 0
2 5
3 4
4 1
5 6
6 1
7 9
8 1
9 6
10 9
11 4
12 5
13 5
14 1
15 1
16 9
17 6
18 2
19 5
20 8
21 11
22 1
23 6
24 3
25 3
26 5
27 9
28 2
29 6
30 5
31 10
32 10
33 1
34 3
35 11
36 2
37 7
38 3
39 2
40 1
41 2
42 6
43 5
DEPOT_SECTION
 1
 -1
 EOF 