NAME: I19228-n42-k6
COMMENT : (Fake et al, No of trucks: 6, Optimal value: )
TYPE : CVRP
DIMENSION : 42
EDGE_WEIGHT_TYPE : EUC_2D
CAPACITY : 8
NODE_COORD_SECTION
1 158 696
2 835 356
3 533 22
4 330 277
5 129 458
6 306 269
7 761 796
8 411 164
9 849 310
10 123 164
11 262 871
12 726 928
13 761 353
14 420 503
15 360 43
16 626 338
17 145 580
18 585 754
19 196 244
20 363 330
21 472 802
22 1000 876
23 218 224
24 876 128
25 936 816
26 938 76
27 63 65
28 304 129
29 309 928
30 107 581
31 39 991
32 112 545
33 831 167
34 721 953
35 649 375
36 610 816
37 865 546
38 647 451
39 450 791
40 737 85
41 949 442
42 137 152
DEMAND_SECTION
1 0
2 1
3 1
4 1
5 1
6 1
7 1
8 1
9 1
10 1
11 1
12 1
13 1
14 1
15 1
16 1
17 1
18 1
19 1
20 1
21 1
22 1
23 1
24 1
25 1
26 1
27 1
28 1
29 1
30 1
31 1
32 1
33 1
34 1
35 1
36 1
37 1
38 1
39 1
40 1
41 1
42 1
DEPOT_SECTION
 1
 -1
 EOF 