NAME: I19212-n32-k3
COMMENT : (Fake et al, No of trucks: 3, Optimal value: )
TYPE : CVRP
DIMENSION : 32
EDGE_WEIGHT_TYPE : EUC_2D
CAPACITY : 12
NODE_COORD_SECTION
1 768 204
2 5 67
3 753 733
4 310 759
5 973 695
6 668 478
7 278 960
8 500 350
9 852 14
10 647 41
11 753 851
12 457 439
13 575 446
14 601 977
15 238 207
16 336 497
17 401 285
18 344 931
19 561 751
20 77 860
21 680 577
22 47 642
23 661 339
24 599 107
25 868 372
26 215 442
27 279 995
28 551 419
29 590 199
30 220 514
31 590 26
32 240 938
DEMAND_SECTION
1 0
2 1
3 1
4 1
5 1
6 1
7 1
8 1
9 1
10 1
11 1
12 1
13 1
14 1
15 1
16 1
17 1
18 1
19 1
20 1
21 1
22 1
23 1
24 1
25 1
26 1
27 1
28 1
29 1
30 1
31 1
32 1
DEPOT_SECTION
 1
 -1
 EOF 