NAME: I19242-n42-k6
COMMENT : (Fake et al, No of trucks: 6, Optimal value: )
TYPE : CVRP
DIMENSION : 42
EDGE_WEIGHT_TYPE : EUC_2D
CAPACITY : 33
NODE_COORD_SECTION
1 273 829
2 902 46
3 579 823
4 135 209
5 896 340
6 385 328
7 810 167
8 745 245
9 114 887
10 269 821
11 695 112
12 791 320
13 217 836
14 983 800
15 575 351
16 202 837
17 193 258
18 279 110
19 984 754
20 944 314
21 795 482
22 118 398
23 601 140
24 9 213
25 734 885
26 225 999
27 814 581
28 26 171
29 483 327
30 715 820
31 888 86
32 763 763
33 34 689
34 519 844
35 971 611
36 778 951
37 257 991
38 135 445
39 86 620
40 331 980
41 302 718
42 910 443
DEMAND_SECTION
1 0
2 3
3 4
4 4
5 2
6 4
7 3
8 4
9 3
10 2
11 5
12 6
13 3
14 6
15 4
16 4
17 4
18 3
19 4
20 6
21 6
22 5
23 5
24 5
25 5
26 5
27 4
28 5
29 2
30 3
31 3
32 5
33 5
34 5
35 2
36 3
37 3
38 4
39 2
40 4
41 6
42 2
DEPOT_SECTION
 1
 -1
 EOF 