NAME: I19391-n48-k4
COMMENT : (Fake et al, No of trucks: 4, Optimal value: )
TYPE : CVRP
DIMENSION : 48
EDGE_WEIGHT_TYPE : EUC_2D
CAPACITY : 59
NODE_COORD_SECTION
1 319 169
2 92 540
3 455 199
4 238 658
5 336 315
6 616 308
7 596 957
8 152 798
9 236 853
10 133 800
11 50 28
12 32 207
13 548 159
14 640 724
15 84 956
16 418 827
17 259 261
18 480 681
19 914 523
20 718 553
21 546 583
22 80 895
23 972 286
24 415 353
25 804 587
26 796 752
27 900 952
28 183 852
29 701 968
30 633 418
31 717 912
32 967 111
33 654 517
34 215 877
35 744 957
36 708 933
37 701 256
38 988 65
39 896 373
40 71 800
41 237 125
42 894 990
43 737 279
44 516 153
45 885 411
46 389 772
47 275 642
48 597 162
DEMAND_SECTION
1 0
2 5
3 7
4 8
5 8
6 8
7 6
8 1
9 4
10 4
11 4
12 7
13 1
14 7
15 3
16 8
17 4
18 2
19 3
20 2
21 4
22 2
23 2
24 2
25 2
26 8
27 6
28 5
29 2
30 3
31 5
32 6
33 3
34 3
35 6
36 2
37 7
38 6
39 6
40 3
41 2
42 8
43 5
44 1
45 7
46 4
47 1
48 4
DEPOT_SECTION
 1
 -1
 EOF 