NAME: I19379-n38-k4
COMMENT : (Fake et al, No of trucks: 4, Optimal value: )
TYPE : CVRP
DIMENSION : 38
EDGE_WEIGHT_TYPE : EUC_2D
CAPACITY : 51
NODE_COORD_SECTION
1 26 218
2 656 914
3 716 862
4 208 394
5 251 491
6 271 317
7 721 901
8 149 340
9 2 146
10 470 77
11 490 959
12 398 477
13 221 776
14 521 442
15 442 642
16 410 695
17 610 640
18 101 960
19 739 922
20 768 580
21 46 489
22 246 617
23 78 572
24 823 94
25 620 943
26 460 410
27 508 424
28 857 577
29 473 815
30 977 42
31 184 688
32 189 49
33 122 761
34 133 174
35 21 27
36 643 765
37 181 307
38 736 164
DEMAND_SECTION
1 0
2 1
3 9
4 3
5 8
6 5
7 3
8 5
9 7
10 3
11 6
12 8
13 7
14 9
15 2
16 8
17 8
18 3
19 4
20 1
21 3
22 8
23 7
24 5
25 5
26 3
27 5
28 1
29 4
30 3
31 3
32 3
33 7
34 2
35 2
36 8
37 9
38 5
DEPOT_SECTION
 1
 -1
 EOF 