NAME: I19473-n28-k3
COMMENT : (Fake et al, No of trucks: 3, Optimal value: )
TYPE : CVRP
DIMENSION : 28
EDGE_WEIGHT_TYPE : EUC_2D
CAPACITY : 29
NODE_COORD_SECTION
1 682 816
2 361 7
3 215 177
4 868 657
5 710 636
6 602 387
7 806 683
8 716 64
9 90 657
10 997 792
11 739 514
12 168 351
13 467 862
14 454 703
15 640 959
16 809 595
17 651 697
18 603 777
19 689 840
20 322 788
21 461 791
22 963 361
23 516 448
24 936 372
25 506 984
26 726 992
27 630 505
28 606 847
DEMAND_SECTION
1 0
2 3
3 1
4 3
5 3
6 2
7 3
8 2
9 1
10 4
11 3
12 1
13 4
14 2
15 3
16 4
17 4
18 3
19 2
20 4
21 1
22 4
23 4
24 4
25 1
26 1
27 2
28 1
DEPOT_SECTION
 1
 -1
 EOF 