NAME: I19426-n30-k4
COMMENT : (Fake et al, No of trucks: 4, Optimal value: )
TYPE : CVRP
DIMENSION : 30
EDGE_WEIGHT_TYPE : EUC_2D
CAPACITY : 34
NODE_COORD_SECTION
1 654 508
2 433 145
3 988 151
4 994 389
5 887 927
6 420 490
7 857 760
8 692 977
9 541 534
10 830 848
11 12 77
12 321 682
13 557 405
14 644 847
15 458 709
16 463 565
17 771 806
18 726 317
19 394 763
20 806 886
21 466 59
22 478 696
23 997 40
24 127 611
25 871 221
26 918 640
27 386 600
28 490 361
29 153 971
30 487 388
DEMAND_SECTION
1 0
2 3
3 7
4 8
5 2
6 7
7 3
8 5
9 8
10 3
11 3
12 1
13 5
14 4
15 2
16 5
17 2
18 5
19 7
20 5
21 2
22 2
23 1
24 2
25 5
26 8
27 8
28 2
29 1
30 2
DEPOT_SECTION
 1
 -1
 EOF 