NAME: I19423-n23-k3
COMMENT : (Fake et al, No of trucks: 3, Optimal value: )
TYPE : CVRP
DIMENSION : 23
EDGE_WEIGHT_TYPE : EUC_2D
CAPACITY : 18
NODE_COORD_SECTION
1 454 466
2 203 158
3 265 725
4 313 465
5 701 448
6 880 753
7 939 531
8 718 834
9 135 952
10 329 585
11 973 398
12 120 252
13 594 653
14 775 210
15 786 59
16 559 618
17 38 798
18 483 376
19 230 389
20 603 486
21 450 871
22 469 396
23 171 802
DEMAND_SECTION
1 0
2 1
3 2
4 2
5 1
6 1
7 3
8 2
9 1
10 1
11 4
12 1
13 3
14 3
15 3
16 4
17 1
18 4
19 3
20 2
21 3
22 3
23 1
DEPOT_SECTION
 1
 -1
 EOF 