NAME: I19491-n41-k3
COMMENT : (Fake et al, No of trucks: 3, Optimal value: )
TYPE : CVRP
DIMENSION : 41
EDGE_WEIGHT_TYPE : EUC_2D
CAPACITY : 107
NODE_COORD_SECTION
1 563 307
2 242 978
3 489 556
4 839 549
5 359 141
6 12 708
7 697 217
8 945 741
9 293 593
10 480 520
11 388 733
12 269 484
13 186 988
14 85 478
15 798 824
16 395 460
17 408 890
18 312 387
19 67 99
20 850 17
21 123 246
22 401 419
23 431 865
24 811 852
25 518 273
26 601 177
27 37 565
28 556 276
29 408 200
30 960 21
31 478 26
32 888 508
33 47 260
34 995 571
35 472 841
36 567 423
37 231 893
38 747 691
39 980 569
40 653 451
41 559 894
DEMAND_SECTION
1 0
2 3
3 10
4 2
5 2
6 4
7 10
8 10
9 1
10 4
11 7
12 4
13 10
14 5
15 7
16 10
17 8
18 4
19 10
20 5
21 7
22 11
23 5
24 7
25 11
26 5
27 9
28 9
29 4
30 11
31 4
32 6
33 5
34 4
35 10
36 6
37 2
38 6
39 7
40 10
41 10
DEPOT_SECTION
 1
 -1
 EOF 