NAME: I19415-n49-k6
COMMENT : (Fake et al, No of trucks: 6, Optimal value: )
TYPE : CVRP
DIMENSION : 49
EDGE_WEIGHT_TYPE : EUC_2D
CAPACITY : 17
NODE_COORD_SECTION
1 301 435
2 290 187
3 399 854
4 647 527
5 23 331
6 641 416
7 783 345
8 322 451
9 255 584
10 139 423
11 587 293
12 132 734
13 620 547
14 501 516
15 150 767
16 660 12
17 384 132
18 216 19
19 403 795
20 259 280
21 662 71
22 907 444
23 311 482
24 632 828
25 134 158
26 442 25
27 996 983
28 558 53
29 288 912
30 623 400
31 103 469
32 332 211
33 992 286
34 547 211
35 583 530
36 464 347
37 992 722
38 956 492
39 451 988
40 232 486
41 809 326
42 21 666
43 627 64
44 433 644
45 722 588
46 846 814
47 629 313
48 259 687
49 189 865
DEMAND_SECTION
1 0
2 3
3 1
4 3
5 2
6 1
7 1
8 1
9 1
10 1
11 3
12 3
13 1
14 2
15 2
16 2
17 2
18 3
19 2
20 2
21 3
22 2
23 3
24 3
25 2
26 2
27 1
28 1
29 1
30 2
31 1
32 3
33 3
34 1
35 2
36 2
37 2
38 2
39 2
40 2
41 3
42 1
43 1
44 2
45 2
46 2
47 1
48 3
49 3
DEPOT_SECTION
 1
 -1
 EOF 