NAME: I19463-n32-k3
COMMENT : (Fake et al, No of trucks: 3, Optimal value: )
TYPE : CVRP
DIMENSION : 32
EDGE_WEIGHT_TYPE : EUC_2D
CAPACITY : 12
NODE_COORD_SECTION
1 649 380
2 25 973
3 0 888
4 920 676
5 437 622
6 128 875
7 589 488
8 985 221
9 72 96
10 577 210
11 450 345
12 593 457
13 367 862
14 730 596
15 865 874
16 272 891
17 33 485
18 540 574
19 854 505
20 958 117
21 675 692
22 752 466
23 624 38
24 292 827
25 797 211
26 494 581
27 423 909
28 860 540
29 482 714
30 211 612
31 460 311
32 616 929
DEMAND_SECTION
1 0
2 1
3 1
4 1
5 1
6 1
7 1
8 1
9 1
10 1
11 1
12 1
13 1
14 1
15 1
16 1
17 1
18 1
19 1
20 1
21 1
22 1
23 1
24 1
25 1
26 1
27 1
28 1
29 1
30 1
31 1
32 1
DEPOT_SECTION
 1
 -1
 EOF 