NAME: I19482-n35-k5
COMMENT : (Fake et al, No of trucks: 5, Optimal value: )
TYPE : CVRP
DIMENSION : 35
EDGE_WEIGHT_TYPE : EUC_2D
CAPACITY : 13
NODE_COORD_SECTION
1 217 982
2 163 305
3 471 766
4 263 213
5 722 854
6 873 524
7 227 325
8 630 478
9 90 162
10 416 984
11 90 715
12 48 176
13 787 72
14 778 153
15 875 953
16 89 304
17 778 806
18 67 725
19 772 597
20 424 406
21 515 896
22 487 914
23 404 739
24 174 160
25 566 145
26 226 59
27 286 369
28 600 123
29 313 152
30 2 566
31 521 979
32 455 864
33 42 509
34 329 79
35 390 973
DEMAND_SECTION
1 0
2 1
3 1
4 2
5 1
6 2
7 2
8 2
9 1
10 1
11 2
12 1
13 2
14 2
15 2
16 1
17 2
18 2
19 1
20 1
21 2
22 1
23 2
24 2
25 1
26 1
27 2
28 2
29 1
30 1
31 2
32 1
33 1
34 2
35 2
DEPOT_SECTION
 1
 -1
 EOF 