NAME: I19453-n23-k6
COMMENT : (Fake et al, No of trucks: 6, Optimal value: )
TYPE : CVRP
DIMENSION : 23
EDGE_WEIGHT_TYPE : EUC_2D
CAPACITY : 23
NODE_COORD_SECTION
1 96 698
2 775 208
3 400 553
4 593 631
5 34 112
6 942 604
7 941 307
8 503 590
9 414 16
10 706 136
11 402 801
12 114 249
13 117 206
14 500 530
15 888 894
16 941 331
17 381 707
18 449 661
19 518 330
20 282 863
21 460 40
22 243 398
23 395 215
DEMAND_SECTION
1 0
2 4
3 5
4 9
5 6
6 9
7 8
8 1
9 10
10 5
11 6
12 3
13 3
14 5
15 1
16 10
17 1
18 5
19 9
20 6
21 5
22 11
23 2
DEPOT_SECTION
 1
 -1
 EOF 