NAME: I1943-n32-k3
COMMENT : (Fake et al, No of trucks: 3, Optimal value: )
TYPE : CVRP
DIMENSION : 32
EDGE_WEIGHT_TYPE : EUC_2D
CAPACITY : 58
NODE_COORD_SECTION
1 380 205
2 791 661
3 442 584
4 477 39
5 447 527
6 854 164
7 410 365
8 10 996
9 807 21
10 416 584
11 735 37
12 838 900
13 454 745
14 325 465
15 714 815
16 895 754
17 334 478
18 809 558
19 927 56
20 178 556
21 250 61
22 417 701
23 177 477
24 7 784
25 850 99
26 605 176
27 887 60
28 348 25
29 790 477
30 734 943
31 519 489
32 509 857
DEMAND_SECTION
1 0
2 6
3 3
4 4
5 7
6 1
7 1
8 5
9 2
10 6
11 5
12 6
13 7
14 5
15 6
16 4
17 5
18 7
19 5
20 3
21 4
22 7
23 7
24 1
25 6
26 6
27 4
28 4
29 6
30 3
31 6
32 4
DEPOT_SECTION
 1
 -1
 EOF 