NAME: I1955-n32-k4
COMMENT : (Fake et al, No of trucks: 4, Optimal value: )
TYPE : CVRP
DIMENSION : 32
EDGE_WEIGHT_TYPE : EUC_2D
CAPACITY : 49
NODE_COORD_SECTION
1 767 711
2 367 224
3 6 283
4 806 583
5 765 219
6 977 364
7 473 801
8 56 61
9 427 233
10 339 442
11 713 589
12 234 636
13 84 426
14 565 393
15 581 515
16 500 324
17 691 594
18 415 757
19 737 557
20 150 59
21 248 782
22 488 506
23 643 676
24 205 268
25 671 392
26 514 625
27 630 527
28 904 203
29 102 853
30 368 93
31 745 656
32 481 890
DEMAND_SECTION
1 0
2 3
3 2
4 3
5 5
6 8
7 5
8 10
9 2
10 6
11 8
12 8
13 5
14 4
15 4
16 4
17 5
18 5
19 9
20 3
21 5
22 6
23 2
24 10
25 2
26 1
27 6
28 7
29 10
30 5
31 4
32 7
DEPOT_SECTION
 1
 -1
 EOF 