NAME: I19542-n49-k6
COMMENT : (Fake et al, No of trucks: 6, Optimal value: )
TYPE : CVRP
DIMENSION : 49
EDGE_WEIGHT_TYPE : EUC_2D
CAPACITY : 9
NODE_COORD_SECTION
1 33 681
2 748 846
3 452 329
4 952 354
5 856 800
6 532 648
7 643 533
8 219 371
9 390 72
10 340 481
11 242 562
12 963 418
13 718 130
14 151 613
15 71 235
16 652 931
17 310 750
18 220 506
19 15 823
20 451 127
21 645 917
22 168 865
23 917 955
24 915 433
25 317 14
26 810 249
27 584 177
28 892 896
29 69 792
30 390 286
31 778 43
32 991 641
33 593 771
34 303 918
35 430 174
36 79 922
37 841 533
38 982 369
39 513 868
40 71 111
41 388 44
42 986 543
43 631 687
44 282 136
45 726 403
46 170 169
47 439 753
48 788 142
49 828 831
DEMAND_SECTION
1 0
2 1
3 1
4 1
5 1
6 1
7 1
8 1
9 1
10 1
11 1
12 1
13 1
14 1
15 1
16 1
17 1
18 1
19 1
20 1
21 1
22 1
23 1
24 1
25 1
26 1
27 1
28 1
29 1
30 1
31 1
32 1
33 1
34 1
35 1
36 1
37 1
38 1
39 1
40 1
41 1
42 1
43 1
44 1
45 1
46 1
47 1
48 1
49 1
DEPOT_SECTION
 1
 -1
 EOF 