NAME: I19532-n43-k3
COMMENT : (Fake et al, No of trucks: 3, Optimal value: )
TYPE : CVRP
DIMENSION : 43
EDGE_WEIGHT_TYPE : EUC_2D
CAPACITY : 52
NODE_COORD_SECTION
1 379 251
2 669 517
3 544 425
4 947 185
5 237 735
6 743 210
7 997 26
8 204 853
9 36 916
10 641 407
11 646 545
12 16 218
13 668 376
14 221 952
15 549 31
16 621 696
17 625 167
18 76 31
19 666 172
20 29 521
21 925 188
22 303 306
23 654 192
24 184 717
25 898 914
26 274 108
27 99 212
28 189 346
29 566 70
30 367 468
31 835 135
32 101 453
33 454 92
34 408 678
35 664 828
36 102 754
37 804 644
38 969 333
39 219 92
40 112 609
41 668 53
42 295 736
43 766 348
DEMAND_SECTION
1 0
2 3
3 3
4 5
5 5
6 2
7 4
8 2
9 2
10 2
11 3
12 1
13 4
14 4
15 5
16 3
17 2
18 4
19 3
20 1
21 5
22 4
23 1
24 2
25 4
26 2
27 5
28 2
29 5
30 5
31 1
32 4
33 1
34 1
35 3
36 2
37 5
38 5
39 5
40 4
41 2
42 2
43 1
DEPOT_SECTION
 1
 -1
 EOF 