NAME: I19578-n36-k6
COMMENT : (Fake et al, No of trucks: 6, Optimal value: )
TYPE : CVRP
DIMENSION : 36
EDGE_WEIGHT_TYPE : EUC_2D
CAPACITY : 14
NODE_COORD_SECTION
1 782 298
2 179 138
3 522 473
4 81 206
5 814 152
6 275 62
7 120 185
8 480 130
9 319 293
10 943 421
11 500 124
12 782 603
13 579 995
14 767 874
15 221 258
16 389 311
17 382 389
18 920 8
19 626 1000
20 768 378
21 651 223
22 590 827
23 41 542
24 731 681
25 410 43
26 349 293
27 354 805
28 434 151
29 495 601
30 832 98
31 185 61
32 447 31
33 398 513
34 900 186
35 750 522
36 130 576
DEMAND_SECTION
1 0
2 2
3 2
4 1
5 3
6 2
7 3
8 2
9 1
10 3
11 2
12 3
13 2
14 2
15 2
16 1
17 3
18 1
19 3
20 1
21 1
22 1
23 3
24 1
25 2
26 2
27 3
28 2
29 3
30 2
31 2
32 1
33 1
34 3
35 1
36 3
DEPOT_SECTION
 1
 -1
 EOF 