NAME: I19663-n49-k4
COMMENT : (Fake et al, No of trucks: 4, Optimal value: )
TYPE : CVRP
DIMENSION : 49
EDGE_WEIGHT_TYPE : EUC_2D
CAPACITY : 67
NODE_COORD_SECTION
1 517 609
2 960 298
3 728 99
4 481 788
5 104 10
6 142 391
7 575 389
8 866 49
9 379 946
10 690 558
11 526 0
12 668 752
13 173 887
14 819 788
15 634 244
16 653 863
17 690 563
18 234 68
19 963 961
20 448 326
21 174 804
22 101 37
23 784 84
24 126 166
25 468 425
26 371 707
27 935 689
28 756 758
29 205 872
30 720 508
31 607 147
32 418 906
33 933 215
34 101 863
35 304 405
36 397 658
37 28 896
38 509 287
39 337 820
40 579 550
41 51 130
42 584 333
43 977 768
44 268 645
45 242 237
46 476 56
47 419 531
48 933 919
49 455 773
DEMAND_SECTION
1 0
2 7
3 7
4 3
5 9
6 2
7 5
8 8
9 1
10 4
11 1
12 7
13 4
14 7
15 9
16 8
17 2
18 6
19 3
20 9
21 1
22 7
23 5
24 9
25 4
26 3
27 7
28 7
29 7
30 4
31 1
32 6
33 8
34 4
35 3
36 1
37 3
38 9
39 9
40 1
41 4
42 4
43 5
44 4
45 9
46 7
47 8
48 4
49 3
DEPOT_SECTION
 1
 -1
 EOF 