NAME: I19729-n30-k5
COMMENT : (Fake et al, No of trucks: 5, Optimal value: )
TYPE : CVRP
DIMENSION : 30
EDGE_WEIGHT_TYPE : EUC_2D
CAPACITY : 10
NODE_COORD_SECTION
1 791 754
2 746 731
3 601 603
4 748 730
5 362 664
6 163 418
7 682 484
8 423 472
9 987 258
10 489 268
11 634 950
12 581 441
13 443 1
14 448 187
15 141 405
16 795 450
17 107 134
18 857 767
19 272 563
20 310 78
21 59 762
22 726 986
23 237 984
24 788 825
25 995 683
26 478 327
27 381 852
28 666 40
29 124 84
30 619 106
DEMAND_SECTION
1 0
2 1
3 2
4 2
5 1
6 1
7 2
8 1
9 2
10 2
11 1
12 2
13 1
14 1
15 1
16 1
17 1
18 2
19 2
20 1
21 2
22 2
23 2
24 1
25 1
26 2
27 2
28 1
29 1
30 1
DEPOT_SECTION
 1
 -1
 EOF 