NAME: I1977-n47-k5
COMMENT : (Fake et al, No of trucks: 5, Optimal value: )
TYPE : CVRP
DIMENSION : 47
EDGE_WEIGHT_TYPE : EUC_2D
CAPACITY : 23
NODE_COORD_SECTION
1 292 782
2 201 325
3 40 174
4 446 516
5 661 864
6 463 54
7 263 383
8 781 475
9 892 544
10 427 533
11 295 62
12 295 562
13 710 503
14 180 973
15 966 438
16 468 334
17 63 866
18 118 201
19 636 725
20 462 256
21 783 442
22 775 386
23 108 192
24 953 478
25 947 602
26 372 927
27 888 649
28 456 675
29 505 58
30 314 554
31 678 739
32 84 538
33 263 243
34 56 312
35 632 311
36 896 71
37 120 437
38 640 679
39 586 712
40 622 255
41 252 431
42 763 880
43 862 980
44 419 409
45 157 91
46 30 311
47 876 810
DEMAND_SECTION
1 0
2 2
3 2
4 1
5 1
6 3
7 1
8 3
9 3
10 2
11 2
12 3
13 2
14 3
15 3
16 3
17 3
18 2
19 2
20 3
21 2
22 2
23 3
24 1
25 1
26 3
27 3
28 1
29 3
30 2
31 1
32 3
33 1
34 3
35 1
36 1
37 3
38 2
39 1
40 1
41 1
42 3
43 1
44 3
45 1
46 2
47 2
DEPOT_SECTION
 1
 -1
 EOF 