NAME: I19755-n45-k4
COMMENT : (Fake et al, No of trucks: 4, Optimal value: )
TYPE : CVRP
DIMENSION : 45
EDGE_WEIGHT_TYPE : EUC_2D
CAPACITY : 13
NODE_COORD_SECTION
1 986 581
2 79 433
3 861 429
4 701 739
5 962 919
6 395 667
7 313 890
8 964 49
9 394 346
10 552 999
11 852 479
12 167 71
13 947 129
14 333 830
15 468 298
16 688 438
17 614 418
18 962 347
19 929 694
20 221 15
21 270 653
22 887 455
23 426 566
24 980 706
25 499 417
26 781 657
27 457 484
28 805 376
29 813 810
30 547 980
31 74 484
32 483 347
33 740 543
34 769 66
35 220 417
36 959 988
37 253 528
38 691 123
39 898 200
40 392 133
41 455 993
42 664 780
43 497 529
44 526 121
45 728 970
DEMAND_SECTION
1 0
2 1
3 1
4 1
5 1
6 1
7 1
8 1
9 1
10 1
11 1
12 1
13 1
14 1
15 1
16 1
17 1
18 1
19 1
20 1
21 1
22 1
23 1
24 1
25 1
26 1
27 1
28 1
29 1
30 1
31 1
32 1
33 1
34 1
35 1
36 1
37 1
38 1
39 1
40 1
41 1
42 1
43 1
44 1
45 1
DEPOT_SECTION
 1
 -1
 EOF 