NAME: I19844-n45-k4
COMMENT : (Fake et al, No of trucks: 4, Optimal value: )
TYPE : CVRP
DIMENSION : 45
EDGE_WEIGHT_TYPE : EUC_2D
CAPACITY : 47
NODE_COORD_SECTION
1 15 462
2 209 449
3 764 555
4 633 469
5 276 897
6 43 755
7 65 737
8 528 907
9 940 14
10 189 91
11 626 441
12 915 811
13 311 920
14 641 155
15 748 835
16 882 770
17 209 7
18 547 569
19 120 319
20 885 271
21 670 697
22 893 168
23 564 895
24 38 173
25 673 481
26 117 526
27 386 983
28 749 506
29 977 286
30 646 811
31 530 600
32 525 559
33 595 21
34 594 664
35 142 439
36 483 471
37 416 914
38 591 797
39 901 210
40 996 429
41 179 221
42 25 283
43 496 429
44 277 928
45 470 213
DEMAND_SECTION
1 0
2 2
3 4
4 6
5 6
6 1
7 3
8 3
9 2
10 1
11 2
12 4
13 7
14 1
15 4
16 3
17 3
18 2
19 5
20 5
21 2
22 3
23 1
24 5
25 4
26 1
27 6
28 3
29 7
30 2
31 5
32 6
33 3
34 7
35 7
36 5
37 3
38 5
39 5
40 2
41 3
42 3
43 5
44 3
45 1
DEPOT_SECTION
 1
 -1
 EOF 