NAME: I19826-n37-k6
COMMENT : (Fake et al, No of trucks: 6, Optimal value: )
TYPE : CVRP
DIMENSION : 37
EDGE_WEIGHT_TYPE : EUC_2D
CAPACITY : 11
NODE_COORD_SECTION
1 816 290
2 471 787
3 916 326
4 328 937
5 747 812
6 31 240
7 253 212
8 360 23
9 119 328
10 695 617
11 462 903
12 649 680
13 499 256
14 264 908
15 997 340
16 964 663
17 375 396
18 63 37
19 427 803
20 791 744
21 138 14
22 555 964
23 106 485
24 613 111
25 35 339
26 313 508
27 679 973
28 74 737
29 281 390
30 871 885
31 698 917
32 775 658
33 805 770
34 312 269
35 684 613
36 110 224
37 871 823
DEMAND_SECTION
1 0
2 2
3 1
4 2
5 2
6 1
7 2
8 1
9 2
10 1
11 1
12 2
13 2
14 2
15 2
16 1
17 1
18 1
19 1
20 1
21 1
22 1
23 2
24 2
25 2
26 2
27 1
28 1
29 2
30 1
31 2
32 2
33 2
34 2
35 2
36 1
37 2
DEPOT_SECTION
 1
 -1
 EOF 