NAME: I1983-n36-k5
COMMENT : (Fake et al, No of trucks: 5, Optimal value: )
TYPE : CVRP
DIMENSION : 36
EDGE_WEIGHT_TYPE : EUC_2D
CAPACITY : 12
NODE_COORD_SECTION
1 532 736
2 334 83
3 979 407
4 127 777
5 249 55
6 128 441
7 640 168
8 55 737
9 179 643
10 969 960
11 743 308
12 681 24
13 635 492
14 44 313
15 472 174
16 15 163
17 420 692
18 344 780
19 765 98
20 695 976
21 718 464
22 159 785
23 966 672
24 964 835
25 552 41
26 463 931
27 359 229
28 577 923
29 731 228
30 567 445
31 43 706
32 145 682
33 776 319
34 562 884
35 554 440
36 715 139
DEMAND_SECTION
1 0
2 1
3 2
4 2
5 2
6 1
7 1
8 2
9 1
10 1
11 2
12 1
13 1
14 1
15 2
16 2
17 2
18 2
19 1
20 1
21 1
22 2
23 1
24 2
25 2
26 1
27 1
28 1
29 2
30 1
31 1
32 1
33 2
34 1
35 2
36 2
DEPOT_SECTION
 1
 -1
 EOF 