NAME: I19818-n33-k6
COMMENT : (Fake et al, No of trucks: 6, Optimal value: )
TYPE : CVRP
DIMENSION : 33
EDGE_WEIGHT_TYPE : EUC_2D
CAPACITY : 10
NODE_COORD_SECTION
1 377 44
2 659 140
3 416 993
4 991 967
5 510 137
6 497 473
7 179 816
8 635 565
9 187 587
10 76 999
11 81 0
12 145 397
13 581 770
14 270 388
15 107 518
16 165 775
17 865 875
18 489 530
19 440 286
20 324 849
21 474 243
22 399 978
23 574 57
24 380 33
25 971 339
26 354 818
27 21 162
28 708 529
29 3 214
30 542 236
31 301 373
32 55 479
33 318 469
DEMAND_SECTION
1 0
2 2
3 2
4 1
5 2
6 2
7 1
8 1
9 1
10 2
11 2
12 1
13 2
14 1
15 1
16 1
17 2
18 2
19 2
20 1
21 2
22 2
23 1
24 1
25 2
26 2
27 2
28 1
29 2
30 1
31 1
32 1
33 1
DEPOT_SECTION
 1
 -1
 EOF 