NAME: I19904-n50-k4
COMMENT : (Fake et al, No of trucks: 4, Optimal value: )
TYPE : CVRP
DIMENSION : 50
EDGE_WEIGHT_TYPE : EUC_2D
CAPACITY : 55
NODE_COORD_SECTION
1 702 872
2 162 614
3 891 523
4 670 394
5 283 780
6 406 407
7 871 326
8 308 175
9 624 551
10 915 19
11 569 256
12 568 9
13 537 776
14 474 674
15 905 914
16 309 980
17 975 406
18 899 277
19 822 202
20 787 857
21 859 165
22 80 26
23 378 802
24 568 648
25 553 493
26 736 126
27 548 357
28 590 462
29 577 824
30 877 688
31 163 205
32 526 758
33 679 777
34 892 500
35 32 427
36 781 512
37 72 176
38 944 585
39 711 866
40 312 706
41 691 181
42 482 568
43 743 871
44 277 728
45 344 131
46 575 310
47 369 914
48 954 855
49 725 439
50 560 301
DEMAND_SECTION
1 0
2 1
3 7
4 1
5 5
6 4
7 1
8 4
9 3
10 5
11 7
12 6
13 6
14 7
15 3
16 5
17 1
18 6
19 6
20 5
21 1
22 4
23 1
24 2
25 6
26 4
27 5
28 7
29 7
30 4
31 2
32 2
33 4
34 6
35 5
36 5
37 1
38 4
39 6
40 6
41 2
42 4
43 7
44 3
45 7
46 4
47 5
48 5
49 1
50 1
DEPOT_SECTION
 1
 -1
 EOF 