NAME: I19982-n35-k6
COMMENT : (Fake et al, No of trucks: 6, Optimal value: )
TYPE : CVRP
DIMENSION : 35
EDGE_WEIGHT_TYPE : EUC_2D
CAPACITY : 17
NODE_COORD_SECTION
1 574 13
2 694 325
3 681 470
4 59 908
5 123 213
6 274 381
7 56 827
8 685 834
9 529 808
10 758 228
11 996 188
12 421 552
13 168 82
14 19 240
15 212 704
16 159 159
17 828 974
18 987 210
19 859 127
20 34 550
21 962 665
22 841 938
23 978 564
24 399 462
25 316 978
26 792 635
27 350 991
28 555 992
29 831 725
30 230 701
31 503 626
32 525 203
33 946 967
34 871 882
35 765 109
DEMAND_SECTION
1 0
2 3
3 3
4 2
5 1
6 1
7 1
8 3
9 3
10 4
11 3
12 1
13 1
14 3
15 4
16 5
17 4
18 4
19 2
20 2
21 3
22 3
23 1
24 2
25 3
26 1
27 1
28 4
29 3
30 3
31 2
32 2
33 5
34 2
35 1
DEPOT_SECTION
 1
 -1
 EOF 