NAME: I19983-n36-k3
COMMENT : (Fake et al, No of trucks: 3, Optimal value: )
TYPE : CVRP
DIMENSION : 36
EDGE_WEIGHT_TYPE : EUC_2D
CAPACITY : 28
NODE_COORD_SECTION
1 478 687
2 786 512
3 59 176
4 360 525
5 175 485
6 413 508
7 379 368
8 227 591
9 768 947
10 730 999
11 554 965
12 23 132
13 890 430
14 931 431
15 994 314
16 260 526
17 176 132
18 8 728
19 736 633
20 245 10
21 948 640
22 631 658
23 466 741
24 689 243
25 875 786
26 997 145
27 963 113
28 399 689
29 598 896
30 115 814
31 797 427
32 807 703
33 101 637
34 737 67
35 473 136
36 72 864
DEMAND_SECTION
1 0
2 3
3 3
4 3
5 2
6 1
7 1
8 1
9 3
10 1
11 2
12 1
13 2
14 2
15 2
16 3
17 3
18 1
19 3
20 3
21 2
22 3
23 2
24 2
25 3
26 3
27 2
28 1
29 1
30 1
31 3
32 2
33 3
34 3
35 3
36 1
DEPOT_SECTION
 1
 -1
 EOF 