NAME: I2000-n46-k3
COMMENT : (Fake et al, No of trucks: 3, Optimal value: )
TYPE : CVRP
DIMENSION : 46
EDGE_WEIGHT_TYPE : EUC_2D
CAPACITY : 43
NODE_COORD_SECTION
1 434 499
2 898 244
3 898 285
4 786 631
5 329 974
6 669 34
7 473 648
8 812 341
9 312 919
10 821 147
11 690 272
12 306 654
13 650 119
14 918 518
15 682 448
16 651 685
17 218 76
18 993 241
19 251 742
20 620 576
21 956 144
22 832 10
23 331 317
24 971 673
25 634 92
26 101 369
27 450 77
28 4 940
29 236 201
30 259 928
31 96 330
32 807 499
33 125 424
34 86 677
35 715 845
36 400 940
37 6 348
38 653 195
39 992 854
40 114 50
41 799 991
42 98 558
43 289 25
44 246 733
45 642 497
46 174 567
DEMAND_SECTION
1 0
2 2
3 2
4 2
5 2
6 4
7 3
8 1
9 4
10 3
11 1
12 3
13 2
14 2
15 3
16 4
17 4
18 2
19 4
20 2
21 3
22 2
23 4
24 1
25 1
26 4
27 3
28 3
29 3
30 3
31 1
32 1
33 2
34 3
35 1
36 3
37 4
38 2
39 2
40 3
41 4
42 4
43 2
44 2
45 1
46 2
DEPOT_SECTION
 1
 -1
 EOF 