NAME: I20081-n100-k6
COMMENT : (Fake et al, No of trucks: 6, Optimal value: )
TYPE : CVRP
DIMENSION : 100
EDGE_WEIGHT_TYPE : EUC_2D
CAPACITY : 30
NODE_COORD_SECTION
1 517 786
2 806 702
3 272 759
4 849 327
5 808 127
6 284 777
7 44 925
8 562 322
9 11 709
10 856 753
11 510 846
12 158 87
13 89 546
14 398 488
15 807 230
16 88 823
17 607 814
18 137 683
19 706 443
20 183 121
21 653 736
22 307 603
23 733 825
24 245 743
25 783 484
26 736 67
27 343 842
28 78 437
29 94 608
30 287 586
31 48 468
32 432 806
33 480 636
34 772 515
35 12 166
36 254 164
37 382 507
38 578 410
39 615 691
40 190 950
41 431 615
42 413 527
43 186 746
44 387 826
45 536 367
46 36 740
47 479 297
48 155 483
49 987 41
50 809 288
51 230 502
52 102 687
53 501 29
54 530 822
55 932 509
56 104 976
57 663 456
58 339 602
59 774 837
60 519 100
61 711 35
62 330 370
63 383 849
64 825 501
65 241 65
66 272 60
67 735 734
68 573 681
69 281 328
70 927 495
71 401 80
72 269 925
73 767 873
74 462 656
75 471 210
76 504 544
77 648 197
78 608 155
79 526 454
80 575 10
81 932 400
82 817 130
83 626 632
84 469 621
85 105 606
86 894 981
87 866 261
88 681 888
89 692 922
90 213 378
91 199 431
92 403 376
93 741 144
94 984 972
95 567 428
96 875 77
97 397 628
98 346 968
99 288 584
100 291 883
DEMAND_SECTION
1 0
2 2
3 2
4 2
5 1
6 2
7 1
8 2
9 1
10 1
11 2
12 1
13 1
14 2
15 1
16 2
17 2
18 2
19 1
20 2
21 1
22 2
23 1
24 2
25 1
26 2
27 2
28 1
29 1
30 2
31 2
32 1
33 1
34 1
35 1
36 1
37 1
38 2
39 1
40 2
41 1
42 2
43 1
44 2
45 2
46 1
47 2
48 1
49 2
50 1
51 2
52 1
53 2
54 2
55 1
56 1
57 1
58 1
59 2
60 1
61 2
62 2
63 2
64 1
65 2
66 1
67 2
68 2
69 2
70 1
71 2
72 2
73 1
74 1
75 2
76 1
77 1
78 2
79 2
80 1
81 1
82 2
83 2
84 1
85 2
86 2
87 1
88 2
89 2
90 1
91 1
92 1
93 1
94 2
95 2
96 2
97 2
98 2
99 1
100 1
DEPOT_SECTION
 1
 -1
 EOF 