NAME: I20057-n88-k6
COMMENT : (Fake et al, No of trucks: 6, Optimal value: )
TYPE : CVRP
DIMENSION : 88
EDGE_WEIGHT_TYPE : EUC_2D
CAPACITY : 25
NODE_COORD_SECTION
1 594 932
2 521 327
3 572 978
4 492 994
5 690 937
6 604 73
7 188 565
8 291 176
9 654 900
10 126 403
11 445 598
12 391 17
13 133 37
14 250 647
15 96 7
16 142 838
17 75 314
18 250 750
19 695 11
20 455 90
21 124 450
22 323 551
23 571 415
24 281 332
25 972 332
26 33 403
27 3 930
28 918 204
29 89 856
30 171 175
31 835 938
32 252 762
33 430 252
34 101 94
35 241 600
36 489 464
37 262 511
38 521 748
39 544 303
40 933 821
41 696 865
42 448 496
43 36 991
44 912 556
45 120 51
46 543 956
47 842 921
48 780 875
49 515 367
50 271 390
51 679 476
52 892 989
53 527 441
54 109 584
55 62 804
56 586 548
57 447 828
58 695 706
59 128 845
60 528 744
61 824 497
62 350 306
63 381 799
64 786 767
65 228 444
66 87 690
67 347 814
68 570 995
69 269 165
70 251 208
71 103 468
72 206 51
73 510 53
74 972 366
75 521 813
76 98 754
77 297 975
78 887 601
79 212 83
80 101 958
81 163 579
82 402 155
83 477 905
84 822 255
85 78 389
86 644 53
87 686 882
88 570 562
DEMAND_SECTION
1 0
2 2
3 1
4 1
5 2
6 2
7 2
8 2
9 1
10 2
11 1
12 2
13 1
14 1
15 2
16 1
17 1
18 2
19 1
20 1
21 1
22 1
23 1
24 2
25 1
26 1
27 2
28 1
29 1
30 1
31 1
32 1
33 1
34 2
35 1
36 1
37 1
38 2
39 2
40 2
41 2
42 2
43 2
44 2
45 2
46 2
47 2
48 1
49 1
50 1
51 2
52 2
53 2
54 2
55 2
56 2
57 1
58 2
59 1
60 2
61 2
62 1
63 2
64 1
65 2
66 2
67 2
68 1
69 2
70 1
71 2
72 1
73 1
74 1
75 2
76 1
77 2
78 2
79 1
80 1
81 1
82 1
83 1
84 2
85 2
86 2
87 2
88 2
DEPOT_SECTION
 1
 -1
 EOF 