NAME: I20112-n98-k8
COMMENT : (Fake et al, No of trucks: 8, Optimal value: )
TYPE : CVRP
DIMENSION : 98
EDGE_WEIGHT_TYPE : EUC_2D
CAPACITY : 23
NODE_COORD_SECTION
1 368 427
2 590 435
3 91 670
4 660 664
5 535 62
6 259 605
7 398 754
8 26 908
9 994 156
10 800 992
11 320 118
12 101 501
13 285 302
14 110 877
15 236 920
16 725 345
17 30 24
18 406 418
19 300 490
20 135 792
21 317 947
22 112 345
23 99 819
24 443 985
25 429 938
26 664 82
27 171 607
28 16 33
29 286 864
30 327 675
31 826 379
32 756 363
33 124 189
34 498 115
35 419 703
36 116 750
37 796 880
38 377 88
39 470 492
40 466 163
41 867 399
42 599 513
43 204 414
44 417 370
45 567 432
46 381 639
47 659 43
48 296 758
49 895 151
50 257 880
51 527 656
52 399 960
53 353 481
54 782 16
55 863 890
56 87 788
57 823 680
58 764 277
59 872 886
60 65 734
61 455 966
62 376 272
63 42 163
64 141 281
65 348 954
66 4 230
67 961 36
68 432 334
69 629 7
70 524 197
71 541 943
72 82 770
73 561 971
74 671 581
75 432 956
76 602 495
77 690 632
78 52 3
79 719 288
80 186 846
81 457 724
82 128 522
83 861 227
84 572 477
85 438 409
86 977 423
87 931 534
88 745 673
89 681 767
90 173 968
91 614 246
92 254 664
93 524 860
94 375 389
95 75 857
96 714 500
97 848 879
98 408 733
DEMAND_SECTION
1 0
2 1
3 2
4 1
5 2
6 2
7 2
8 1
9 2
10 1
11 1
12 2
13 1
14 2
15 2
16 2
17 1
18 1
19 2
20 1
21 2
22 2
23 2
24 1
25 1
26 1
27 2
28 1
29 1
30 2
31 2
32 2
33 1
34 1
35 1
36 2
37 2
38 2
39 2
40 1
41 2
42 2
43 1
44 1
45 1
46 1
47 2
48 2
49 2
50 2
51 2
52 2
53 2
54 1
55 1
56 2
57 2
58 2
59 1
60 2
61 2
62 2
63 2
64 2
65 1
66 2
67 2
68 1
69 1
70 2
71 1
72 2
73 2
74 1
75 1
76 1
77 1
78 1
79 2
80 2
81 1
82 1
83 1
84 2
85 1
86 1
87 2
88 2
89 1
90 2
91 2
92 2
93 2
94 2
95 2
96 2
97 1
98 1
DEPOT_SECTION
 1
 -1
 EOF 