NAME: I20272-n81-k6
COMMENT : (Fake et al, No of trucks: 6, Optimal value: )
TYPE : CVRP
DIMENSION : 81
EDGE_WEIGHT_TYPE : EUC_2D
CAPACITY : 24
NODE_COORD_SECTION
1 867 902
2 839 15
3 509 461
4 315 996
5 90 575
6 650 128
7 795 821
8 758 156
9 88 100
10 290 986
11 654 448
12 110 929
13 801 262
14 333 94
15 1 294
16 426 962
17 12 404
18 761 815
19 704 284
20 223 541
21 192 827
22 638 594
23 414 304
24 358 52
25 801 291
26 3 584
27 954 356
28 104 323
29 932 129
30 682 675
31 6 587
32 111 623
33 529 442
34 616 142
35 598 809
36 730 654
37 397 755
38 943 476
39 285 4
40 90 457
41 400 792
42 196 44
43 650 407
44 131 933
45 824 366
46 873 245
47 980 514
48 259 347
49 568 730
50 752 213
51 133 869
52 153 629
53 28 562
54 591 110
55 875 24
56 514 628
57 197 280
58 327 3
59 896 413
60 233 392
61 725 154
62 145 705
63 215 186
64 139 191
65 960 861
66 276 849
67 699 837
68 803 395
69 919 968
70 725 726
71 197 772
72 161 590
73 959 700
74 867 810
75 736 659
76 830 397
77 220 253
78 189 785
79 874 682
80 858 1000
81 963 238
DEMAND_SECTION
1 0
2 2
3 2
4 2
5 1
6 2
7 1
8 2
9 1
10 2
11 2
12 2
13 2
14 2
15 2
16 1
17 2
18 2
19 1
20 1
21 2
22 1
23 2
24 2
25 1
26 2
27 2
28 2
29 1
30 1
31 1
32 2
33 1
34 1
35 1
36 1
37 1
38 2
39 2
40 1
41 1
42 2
43 2
44 2
45 1
46 2
47 1
48 2
49 1
50 2
51 2
52 1
53 2
54 1
55 2
56 1
57 2
58 2
59 2
60 1
61 2
62 2
63 1
64 1
65 1
66 1
67 2
68 2
69 2
70 2
71 2
72 1
73 1
74 1
75 2
76 1
77 2
78 1
79 1
80 2
81 2
DEPOT_SECTION
 1
 -1
 EOF 