NAME: I20224-n83-k8
COMMENT : (Fake et al, No of trucks: 8, Optimal value: )
TYPE : CVRP
DIMENSION : 83
EDGE_WEIGHT_TYPE : EUC_2D
CAPACITY : 17
NODE_COORD_SECTION
1 882 955
2 557 378
3 439 338
4 273 164
5 122 890
6 182 480
7 990 798
8 791 408
9 479 672
10 110 243
11 246 539
12 42 267
13 779 539
14 833 643
15 189 503
16 552 223
17 849 852
18 820 990
19 348 628
20 18 427
21 74 78
22 640 445
23 785 645
24 681 35
25 702 804
26 621 405
27 851 518
28 816 807
29 992 462
30 318 470
31 709 409
32 941 357
33 39 17
34 885 151
35 184 192
36 995 726
37 443 319
38 305 515
39 225 358
40 905 955
41 770 375
42 995 666
43 873 310
44 15 742
45 487 309
46 23 591
47 890 752
48 428 384
49 556 249
50 788 950
51 515 8
52 39 382
53 26 375
54 656 605
55 93 711
56 307 958
57 50 555
58 624 752
59 543 493
60 26 278
61 295 277
62 842 240
63 438 822
64 704 549
65 512 539
66 32 419
67 819 699
68 144 640
69 940 820
70 48 177
71 204 192
72 204 96
73 46 59
74 108 971
75 204 602
76 411 145
77 32 977
78 245 986
79 957 516
80 465 415
81 668 75
82 751 913
83 274 455
DEMAND_SECTION
1 0
2 2
3 1
4 2
5 1
6 1
7 1
8 2
9 2
10 1
11 1
12 2
13 1
14 2
15 1
16 1
17 1
18 1
19 1
20 2
21 1
22 1
23 2
24 1
25 1
26 2
27 1
28 2
29 2
30 1
31 1
32 2
33 1
34 1
35 2
36 2
37 2
38 1
39 1
40 1
41 2
42 2
43 1
44 1
45 2
46 2
47 2
48 2
49 1
50 1
51 1
52 1
53 1
54 2
55 1
56 1
57 1
58 2
59 1
60 1
61 1
62 2
63 2
64 1
65 2
66 1
67 1
68 2
69 2
70 2
71 1
72 2
73 2
74 1
75 1
76 2
77 2
78 1
79 1
80 1
81 1
82 2
83 1
DEPOT_SECTION
 1
 -1
 EOF 