NAME: I20254-n81-k6
COMMENT : (Fake et al, No of trucks: 6, Optimal value: )
TYPE : CVRP
DIMENSION : 81
EDGE_WEIGHT_TYPE : EUC_2D
CAPACITY : 78
NODE_COORD_SECTION
1 143 27
2 204 422
3 411 327
4 629 253
5 824 861
6 168 489
7 887 861
8 130 435
9 942 766
10 767 293
11 1 341
12 711 120
13 88 693
14 25 254
15 485 106
16 296 950
17 280 836
18 202 967
19 141 572
20 961 574
21 179 961
22 628 530
23 769 727
24 14 680
25 483 341
26 809 735
27 511 534
28 329 115
29 906 952
30 934 727
31 931 773
32 781 124
33 626 268
34 920 668
35 680 349
36 143 119
37 68 471
38 847 750
39 908 953
40 372 659
41 608 437
42 70 387
43 312 192
44 287 864
45 134 356
46 948 444
47 127 695
48 735 844
49 127 74
50 102 821
51 267 544
52 720 129
53 783 378
54 947 82
55 621 372
56 629 13
57 511 883
58 719 449
59 665 837
60 745 488
61 346 495
62 846 398
63 23 374
64 923 891
65 889 56
66 552 273
67 549 333
68 469 16
69 741 929
70 97 859
71 211 765
72 624 422
73 995 379
74 328 113
75 541 790
76 150 788
77 777 773
78 19 220
79 585 713
80 560 630
81 318 420
DEMAND_SECTION
1 0
2 8
3 3
4 4
5 1
6 8
7 2
8 3
9 2
10 3
11 7
12 4
13 2
14 9
15 8
16 4
17 5
18 8
19 6
20 9
21 8
22 2
23 4
24 3
25 3
26 1
27 6
28 9
29 7
30 1
31 1
32 8
33 1
34 2
35 1
36 6
37 2
38 2
39 5
40 9
41 9
42 3
43 3
44 6
45 3
46 2
47 4
48 7
49 3
50 8
51 9
52 8
53 1
54 9
55 9
56 1
57 8
58 6
59 8
60 5
61 1
62 7
63 5
64 2
65 2
66 9
67 8
68 5
69 1
70 8
71 2
72 5
73 2
74 9
75 9
76 1
77 5
78 4
79 2
80 2
81 9
DEPOT_SECTION
 1
 -1
 EOF 