NAME: I20393-n71-k10
COMMENT : (Fake et al, No of trucks: 10, Optimal value: )
TYPE : CVRP
DIMENSION : 71
EDGE_WEIGHT_TYPE : EUC_2D
CAPACITY : 22
NODE_COORD_SECTION
1 590 23
2 869 953
3 358 243
4 614 139
5 345 442
6 246 94
7 619 677
8 215 930
9 319 693
10 773 23
11 166 996
12 958 338
13 212 609
14 541 514
15 196 108
16 276 437
17 960 244
18 475 652
19 438 771
20 83 679
21 490 347
22 332 568
23 484 61
24 294 665
25 346 95
26 268 27
27 212 531
28 336 998
29 610 589
30 786 768
31 571 323
32 773 324
33 647 360
34 959 99
35 878 944
36 417 951
37 924 258
38 476 145
39 120 39
40 660 384
41 470 161
42 676 760
43 23 850
44 452 971
45 238 541
46 966 14
47 920 669
48 674 302
49 977 980
50 9 870
51 923 272
52 187 494
53 463 157
54 475 204
55 127 103
56 293 250
57 710 87
58 929 979
59 631 631
60 112 750
61 588 254
62 912 909
63 582 642
64 505 607
65 672 326
66 216 546
67 234 371
68 615 682
69 698 980
70 5 687
71 710 442
DEMAND_SECTION
1 0
2 1
3 4
4 4
5 3
6 4
7 4
8 4
9 4
10 1
11 3
12 4
13 3
14 4
15 3
16 1
17 2
18 2
19 2
20 3
21 4
22 3
23 2
24 3
25 1
26 3
27 2
28 1
29 4
30 3
31 4
32 1
33 3
34 4
35 2
36 2
37 3
38 3
39 4
40 2
41 3
42 4
43 1
44 2
45 4
46 1
47 3
48 3
49 2
50 1
51 4
52 1
53 2
54 4
55 3
56 4
57 1
58 1
59 2
60 3
61 1
62 2
63 3
64 3
65 1
66 1
67 4
68 1
69 3
70 1
71 2
DEPOT_SECTION
 1
 -1
 EOF 