NAME: I20371-n84-k6
COMMENT : (Fake et al, No of trucks: 6, Optimal value: )
TYPE : CVRP
DIMENSION : 84
EDGE_WEIGHT_TYPE : EUC_2D
CAPACITY : 61
NODE_COORD_SECTION
1 366 744
2 62 554
3 468 471
4 78 378
5 862 77
6 924 739
7 613 196
8 158 629
9 170 255
10 139 26
11 491 849
12 778 949
13 858 621
14 217 321
15 718 905
16 645 500
17 250 877
18 197 362
19 598 821
20 772 986
21 803 556
22 418 814
23 147 748
24 429 982
25 122 107
26 902 43
27 966 491
28 918 61
29 973 969
30 314 45
31 721 839
32 444 31
33 793 188
34 81 718
35 908 383
36 61 711
37 90 563
38 451 76
39 867 98
40 309 827
41 966 150
42 778 375
43 307 541
44 705 675
45 221 357
46 194 203
47 301 753
48 191 728
49 305 107
50 568 267
51 554 320
52 622 729
53 349 461
54 665 670
55 544 592
56 588 268
57 980 784
58 716 393
59 144 330
60 904 152
61 817 284
62 593 394
63 121 153
64 449 802
65 53 0
66 313 221
67 642 413
68 819 353
69 468 490
70 300 607
71 786 822
72 689 375
73 352 360
74 506 732
75 255 843
76 478 132
77 469 6
78 932 229
79 910 340
80 116 404
81 911 555
82 316 113
83 396 390
84 81 753
DEMAND_SECTION
1 0
2 5
3 7
4 2
5 7
6 4
7 1
8 1
9 1
10 6
11 1
12 6
13 6
14 3
15 1
16 7
17 7
18 1
19 6
20 6
21 1
22 3
23 7
24 4
25 5
26 1
27 1
28 7
29 5
30 4
31 6
32 7
33 6
34 2
35 6
36 2
37 1
38 3
39 8
40 6
41 4
42 8
43 7
44 7
45 2
46 5
47 1
48 2
49 6
50 5
51 7
52 1
53 1
54 5
55 4
56 2
57 1
58 6
59 8
60 1
61 4
62 8
63 4
64 6
65 1
66 1
67 6
68 3
69 1
70 5
71 7
72 2
73 5
74 5
75 8
76 1
77 1
78 8
79 2
80 1
81 4
82 1
83 4
84 7
DEPOT_SECTION
 1
 -1
 EOF 