NAME: I2032-n42-k4
COMMENT : (Fake et al, No of trucks: 4, Optimal value: )
TYPE : CVRP
DIMENSION : 42
EDGE_WEIGHT_TYPE : EUC_2D
CAPACITY : 49
NODE_COORD_SECTION
1 910 5
2 89 122
3 172 885
4 92 770
5 212 768
6 739 217
7 874 920
8 882 899
9 994 253
10 767 323
11 93 955
12 841 970
13 903 925
14 613 516
15 211 185
16 642 491
17 169 409
18 307 749
19 973 3
20 449 254
21 323 142
22 727 352
23 324 516
24 475 632
25 925 520
26 49 765
27 932 260
28 805 527
29 605 504
30 168 974
31 392 937
32 732 950
33 448 133
34 778 66
35 943 842
36 865 175
37 727 96
38 730 257
39 171 478
40 304 994
41 351 304
42 411 543
DEMAND_SECTION
1 0
2 7
3 3
4 1
5 2
6 1
7 1
8 6
9 4
10 5
11 8
12 3
13 1
14 6
15 6
16 6
17 3
18 6
19 8
20 5
21 3
22 7
23 2
24 3
25 1
26 7
27 3
28 4
29 2
30 6
31 8
32 2
33 1
34 8
35 2
36 8
37 8
38 4
39 5
40 3
41 3
42 6
DEPOT_SECTION
 1
 -1
 EOF 