NAME: I20326-n84-k10
COMMENT : (Fake et al, No of trucks: 10, Optimal value: )
TYPE : CVRP
DIMENSION : 84
EDGE_WEIGHT_TYPE : EUC_2D
CAPACITY : 47
NODE_COORD_SECTION
1 700 986
2 699 555
3 128 871
4 147 71
5 657 926
6 560 28
7 140 647
8 442 276
9 480 284
10 982 513
11 932 532
12 443 417
13 653 370
14 795 116
15 415 558
16 201 572
17 487 600
18 556 532
19 868 859
20 646 362
21 240 538
22 657 736
23 458 966
24 394 565
25 296 113
26 336 459
27 855 604
28 153 388
29 792 125
30 185 429
31 725 732
32 465 856
33 522 139
34 479 84
35 884 262
36 558 275
37 709 830
38 75 215
39 468 467
40 403 495
41 373 685
42 505 817
43 442 723
44 785 726
45 287 216
46 59 139
47 103 614
48 779 599
49 644 149
50 358 151
51 273 361
52 434 969
53 695 748
54 31 526
55 866 87
56 462 112
57 601 186
58 8 933
59 445 622
60 961 517
61 387 423
62 558 311
63 877 994
64 734 414
65 805 349
66 557 778
67 955 47
68 660 633
69 512 707
70 904 246
71 888 762
72 346 768
73 21 458
74 688 323
75 417 752
76 234 735
77 206 498
78 914 625
79 163 760
80 190 457
81 368 26
82 991 130
83 96 566
84 175 257
DEMAND_SECTION
1 0
2 9
3 1
4 6
5 3
6 7
7 3
8 3
9 4
10 3
11 6
12 1
13 4
14 1
15 4
16 9
17 9
18 4
19 1
20 3
21 2
22 8
23 6
24 7
25 4
26 1
27 1
28 7
29 4
30 7
31 5
32 7
33 6
34 1
35 3
36 2
37 6
38 8
39 1
40 1
41 6
42 8
43 1
44 2
45 7
46 6
47 9
48 2
49 1
50 7
51 9
52 8
53 7
54 1
55 5
56 3
57 6
58 1
59 4
60 2
61 1
62 2
63 5
64 9
65 5
66 6
67 1
68 9
69 8
70 6
71 9
72 9
73 7
74 1
75 6
76 4
77 3
78 7
79 2
80 7
81 1
82 5
83 7
84 3
DEPOT_SECTION
 1
 -1
 EOF 