NAME: I2043-n43-k5
COMMENT : (Fake et al, No of trucks: 5, Optimal value: )
TYPE : CVRP
DIMENSION : 43
EDGE_WEIGHT_TYPE : EUC_2D
CAPACITY : 43
NODE_COORD_SECTION
1 292 153
2 537 393
3 514 18
4 91 734
5 382 983
6 46 137
7 445 367
8 746 497
9 170 438
10 744 174
11 813 57
12 395 200
13 294 811
14 788 595
15 373 883
16 850 393
17 199 348
18 732 204
19 568 919
20 64 742
21 270 498
22 866 30
23 843 610
24 676 936
25 283 145
26 916 908
27 228 281
28 808 459
29 215 160
30 994 226
31 328 850
32 332 170
33 578 888
34 563 326
35 299 546
36 12 216
37 6 335
38 6 73
39 130 988
40 553 736
41 907 26
42 1 455
43 239 512
DEMAND_SECTION
1 0
2 1
3 2
4 1
5 1
6 2
7 2
8 4
9 9
10 5
11 1
12 6
13 1
14 5
15 4
16 3
17 2
18 5
19 5
20 6
21 9
22 6
23 1
24 2
25 5
26 8
27 6
28 5
29 5
30 6
31 6
32 3
33 1
34 6
35 1
36 3
37 5
38 3
39 9
40 5
41 3
42 8
43 6
DEPOT_SECTION
 1
 -1
 EOF 