NAME: I20497-n72-k7
COMMENT : (Fake et al, No of trucks: 7, Optimal value: )
TYPE : CVRP
DIMENSION : 72
EDGE_WEIGHT_TYPE : EUC_2D
CAPACITY : 13
NODE_COORD_SECTION
1 272 87
2 205 315
3 200 281
4 248 919
5 353 958
6 230 815
7 11 143
8 89 196
9 971 573
10 337 521
11 910 699
12 742 782
13 149 957
14 652 552
15 291 731
16 481 232
17 176 533
18 710 42
19 679 962
20 672 344
21 687 324
22 456 964
23 605 729
24 632 536
25 700 271
26 622 110
27 490 205
28 93 497
29 544 267
30 935 260
31 992 664
32 639 494
33 839 711
34 356 695
35 698 270
36 736 539
37 922 555
38 538 722
39 800 842
40 490 786
41 600 585
42 616 234
43 295 435
44 245 60
45 204 127
46 183 873
47 743 578
48 663 500
49 218 38
50 387 881
51 351 250
52 927 355
53 297 961
54 989 611
55 345 96
56 933 285
57 339 760
58 812 42
59 977 580
60 844 67
61 195 432
62 238 471
63 126 540
64 439 815
65 95 66
66 177 312
67 158 474
68 187 584
69 168 844
70 56 342
71 324 534
72 929 747
DEMAND_SECTION
1 0
2 1
3 1
4 1
5 1
6 1
7 1
8 1
9 1
10 1
11 1
12 1
13 1
14 1
15 1
16 1
17 1
18 1
19 1
20 1
21 1
22 1
23 1
24 1
25 1
26 1
27 1
28 1
29 1
30 1
31 1
32 1
33 1
34 1
35 1
36 1
37 1
38 1
39 1
40 1
41 1
42 1
43 1
44 1
45 1
46 1
47 1
48 1
49 1
50 1
51 1
52 1
53 1
54 1
55 1
56 1
57 1
58 1
59 1
60 1
61 1
62 1
63 1
64 1
65 1
66 1
67 1
68 1
69 1
70 1
71 1
72 1
DEPOT_SECTION
 1
 -1
 EOF 