NAME: I20472-n95-k9
COMMENT : (Fake et al, No of trucks: 9, Optimal value: )
TYPE : CVRP
DIMENSION : 95
EDGE_WEIGHT_TYPE : EUC_2D
CAPACITY : 38
NODE_COORD_SECTION
1 372 302
2 202 902
3 490 983
4 688 896
5 705 283
6 527 11
7 240 502
8 979 670
9 127 489
10 585 914
11 30 35
12 106 556
13 395 447
14 977 187
15 329 538
16 596 646
17 551 151
18 229 938
19 698 976
20 586 770
21 642 28
22 924 739
23 971 434
24 607 605
25 215 151
26 543 229
27 374 626
28 986 594
29 778 123
30 203 692
31 273 631
32 37 696
33 664 154
34 66 468
35 836 103
36 336 333
37 734 114
38 619 635
39 741 406
40 68 838
41 980 340
42 813 303
43 733 754
44 783 686
45 160 181
46 763 411
47 183 617
48 693 674
49 802 245
50 424 725
51 863 183
52 132 455
53 98 152
54 756 613
55 300 895
56 84 647
57 974 199
58 283 25
59 616 613
60 748 383
61 697 221
62 205 751
63 966 455
64 129 510
65 193 390
66 179 846
67 10 184
68 375 645
69 43 914
70 40 179
71 0 857
72 172 979
73 782 178
74 293 99
75 362 444
76 662 840
77 966 74
78 443 494
79 548 711
80 929 157
81 65 560
82 257 846
83 900 736
84 675 256
85 397 496
86 205 413
87 224 763
88 350 506
89 281 490
90 702 508
91 74 876
92 703 560
93 236 289
94 954 901
95 94 770
DEMAND_SECTION
1 0
2 2
3 3
4 4
5 2
6 3
7 4
8 1
9 2
10 1
11 5
12 1
13 4
14 4
15 2
16 5
17 5
18 4
19 4
20 4
21 1
22 3
23 3
24 4
25 5
26 1
27 5
28 1
29 1
30 3
31 4
32 5
33 4
34 5
35 1
36 2
37 4
38 3
39 2
40 1
41 2
42 5
43 4
44 2
45 1
46 3
47 5
48 5
49 5
50 2
51 2
52 4
53 2
54 2
55 5
56 4
57 4
58 5
59 5
60 4
61 2
62 4
63 2
64 3
65 3
66 1
67 1
68 2
69 2
70 1
71 2
72 4
73 2
74 1
75 3
76 3
77 4
78 4
79 2
80 5
81 1
82 5
83 2
84 4
85 1
86 1
87 4
88 4
89 1
90 4
91 2
92 3
93 1
94 2
95 3
DEPOT_SECTION
 1
 -1
 EOF 