NAME: I20465-n82-k8
COMMENT : (Fake et al, No of trucks: 8, Optimal value: )
TYPE : CVRP
DIMENSION : 82
EDGE_WEIGHT_TYPE : EUC_2D
CAPACITY : 70
NODE_COORD_SECTION
1 833 787
2 255 412
3 311 519
4 160 380
5 327 628
6 890 729
7 74 274
8 221 453
9 317 6
10 789 772
11 567 95
12 786 880
13 547 453
14 564 641
15 248 504
16 632 46
17 139 591
18 976 290
19 64 222
20 217 741
21 261 276
22 354 855
23 355 934
24 816 145
25 303 495
26 372 118
27 417 228
28 152 42
29 933 606
30 970 459
31 807 323
32 416 247
33 365 693
34 299 176
35 651 814
36 669 905
37 735 184
38 221 580
39 532 514
40 701 845
41 525 242
42 413 862
43 587 54
44 446 53
45 428 414
46 445 309
47 286 174
48 705 411
49 34 381
50 209 210
51 188 53
52 642 690
53 403 455
54 576 818
55 630 475
56 181 932
57 456 110
58 200 423
59 705 543
60 641 302
61 546 274
62 600 183
63 702 65
64 331 126
65 398 344
66 131 21
67 417 274
68 777 631
69 512 961
70 556 131
71 41 52
72 524 762
73 596 361
74 481 288
75 599 735
76 636 417
77 61 205
78 824 461
79 196 864
80 693 9
81 328 427
82 232 521
DEMAND_SECTION
1 0
2 8
3 3
4 8
5 6
6 3
7 7
8 5
9 2
10 6
11 3
12 3
13 1
14 10
15 1
16 2
17 2
18 9
19 3
20 1
21 3
22 5
23 10
24 8
25 7
26 9
27 1
28 7
29 3
30 7
31 9
32 5
33 10
34 10
35 10
36 2
37 1
38 9
39 5
40 10
41 2
42 8
43 6
44 7
45 8
46 4
47 10
48 3
49 10
50 8
51 5
52 3
53 7
54 3
55 10
56 7
57 6
58 9
59 9
60 5
61 5
62 8
63 9
64 10
65 10
66 2
67 7
68 6
69 9
70 10
71 10
72 3
73 4
74 9
75 1
76 9
77 9
78 4
79 9
80 6
81 6
82 9
DEPOT_SECTION
 1
 -1
 EOF 