NAME: I20496-n73-k9
COMMENT : (Fake et al, No of trucks: 9, Optimal value: )
TYPE : CVRP
DIMENSION : 73
EDGE_WEIGHT_TYPE : EUC_2D
CAPACITY : 10
NODE_COORD_SECTION
1 306 787
2 788 143
3 591 779
4 716 446
5 340 791
6 818 517
7 534 872
8 357 428
9 168 59
10 909 740
11 821 372
12 718 782
13 996 788
14 913 475
15 284 622
16 262 954
17 423 468
18 476 64
19 124 316
20 111 357
21 186 958
22 499 717
23 392 297
24 527 680
25 363 954
26 162 237
27 405 698
28 441 625
29 267 836
30 978 817
31 178 602
32 182 189
33 615 607
34 840 992
35 919 133
36 607 201
37 61 181
38 937 45
39 491 567
40 714 48
41 404 362
42 144 680
43 361 762
44 992 61
45 984 446
46 953 294
47 374 783
48 340 351
49 46 821
50 327 33
51 911 322
52 562 267
53 581 5
54 383 868
55 672 179
56 421 712
57 297 300
58 194 718
59 960 728
60 19 502
61 567 549
62 345 290
63 931 762
64 825 604
65 858 436
66 292 804
67 831 573
68 391 241
69 865 753
70 738 0
71 687 598
72 579 839
73 903 808
DEMAND_SECTION
1 0
2 1
3 1
4 1
5 1
6 1
7 1
8 1
9 1
10 1
11 1
12 1
13 1
14 1
15 1
16 1
17 1
18 1
19 1
20 1
21 1
22 1
23 1
24 1
25 1
26 1
27 1
28 1
29 1
30 1
31 1
32 1
33 1
34 1
35 1
36 1
37 1
38 1
39 1
40 1
41 1
42 1
43 1
44 1
45 1
46 1
47 1
48 1
49 1
50 1
51 1
52 1
53 1
54 1
55 1
56 1
57 1
58 1
59 1
60 1
61 1
62 1
63 1
64 1
65 1
66 1
67 1
68 1
69 1
70 1
71 1
72 1
73 1
DEPOT_SECTION
 1
 -1
 EOF 