NAME: I20425-n88-k9
COMMENT : (Fake et al, No of trucks: 9, Optimal value: )
TYPE : CVRP
DIMENSION : 88
EDGE_WEIGHT_TYPE : EUC_2D
CAPACITY : 11
NODE_COORD_SECTION
1 726 834
2 395 994
3 821 683
4 501 735
5 556 984
6 400 488
7 596 699
8 155 650
9 40 537
10 763 434
11 982 320
12 174 777
13 219 252
14 656 141
15 960 254
16 532 748
17 413 129
18 837 263
19 352 388
20 827 398
21 114 258
22 164 469
23 107 477
24 777 245
25 715 20
26 264 108
27 959 260
28 274 581
29 562 393
30 504 179
31 799 869
32 79 809
33 318 46
34 387 726
35 348 442
36 125 536
37 754 85
38 518 250
39 653 699
40 131 392
41 559 17
42 26 935
43 385 828
44 964 752
45 877 689
46 322 320
47 158 157
48 199 650
49 643 301
50 915 676
51 690 691
52 356 159
53 880 720
54 502 220
55 127 820
56 608 626
57 213 537
58 540 57
59 652 260
60 936 255
61 485 765
62 194 165
63 735 370
64 427 353
65 91 121
66 41 819
67 49 784
68 162 840
69 497 997
70 349 331
71 946 474
72 813 856
73 692 790
74 196 191
75 979 124
76 562 911
77 915 731
78 596 211
79 959 834
80 887 666
81 994 129
82 960 837
83 950 661
84 40 210
85 882 665
86 760 851
87 584 709
88 124 255
DEMAND_SECTION
1 0
2 1
3 1
4 1
5 1
6 1
7 1
8 1
9 1
10 1
11 1
12 1
13 1
14 1
15 1
16 1
17 1
18 1
19 1
20 1
21 1
22 1
23 1
24 1
25 1
26 1
27 1
28 1
29 1
30 1
31 1
32 1
33 1
34 1
35 1
36 1
37 1
38 1
39 1
40 1
41 1
42 1
43 1
44 1
45 1
46 1
47 1
48 1
49 1
50 1
51 1
52 1
53 1
54 1
55 1
56 1
57 1
58 1
59 1
60 1
61 1
62 1
63 1
64 1
65 1
66 1
67 1
68 1
69 1
70 1
71 1
72 1
73 1
74 1
75 1
76 1
77 1
78 1
79 1
80 1
81 1
82 1
83 1
84 1
85 1
86 1
87 1
88 1
DEPOT_SECTION
 1
 -1
 EOF 