NAME: I20558-n87-k6
COMMENT : (Fake et al, No of trucks: 6, Optimal value: )
TYPE : CVRP
DIMENSION : 87
EDGE_WEIGHT_TYPE : EUC_2D
CAPACITY : 54
NODE_COORD_SECTION
1 690 496
2 856 805
3 527 485
4 7 994
5 923 242
6 533 431
7 267 686
8 616 542
9 843 854
10 58 420
11 343 187
12 281 854
13 21 438
14 137 849
15 325 301
16 919 508
17 54 197
18 592 560
19 795 386
20 719 807
21 640 437
22 662 304
23 963 501
24 145 529
25 328 555
26 733 608
27 192 552
28 264 815
29 884 686
30 427 918
31 659 433
32 773 864
33 738 931
34 457 882
35 302 424
36 212 781
37 172 123
38 123 46
39 24 685
40 564 626
41 829 134
42 777 84
43 787 983
44 363 0
45 823 860
46 648 456
47 500 512
48 592 485
49 363 802
50 280 533
51 3 641
52 475 269
53 128 7
54 814 683
55 778 318
56 266 712
57 253 97
58 657 748
59 397 983
60 563 791
61 337 560
62 982 239
63 727 488
64 329 396
65 859 148
66 911 94
67 109 866
68 145 197
69 180 914
70 285 625
71 382 390
72 45 112
73 221 589
74 658 134
75 568 25
76 987 128
77 377 557
78 369 842
79 575 218
80 392 641
81 492 191
82 95 200
83 341 989
84 126 898
85 464 445
86 280 756
87 971 746
DEMAND_SECTION
1 0
2 3
3 5
4 5
5 3
6 1
7 2
8 4
9 6
10 6
11 1
12 6
13 2
14 1
15 1
16 5
17 1
18 6
19 3
20 4
21 2
22 4
23 3
24 2
25 6
26 1
27 3
28 3
29 4
30 3
31 3
32 3
33 3
34 2
35 3
36 6
37 6
38 6
39 6
40 1
41 4
42 4
43 1
44 2
45 1
46 1
47 2
48 2
49 4
50 1
51 4
52 2
53 5
54 6
55 1
56 3
57 5
58 2
59 1
60 3
61 4
62 1
63 2
64 6
65 5
66 6
67 4
68 1
69 3
70 6
71 4
72 2
73 6
74 2
75 1
76 5
77 1
78 5
79 6
80 4
81 6
82 3
83 6
84 2
85 3
86 6
87 2
DEPOT_SECTION
 1
 -1
 EOF 