NAME: I20559-n94-k7
COMMENT : (Fake et al, No of trucks: 7, Optimal value: )
TYPE : CVRP
DIMENSION : 94
EDGE_WEIGHT_TYPE : EUC_2D
CAPACITY : 54
NODE_COORD_SECTION
1 155 894
2 505 20
3 340 495
4 404 806
5 279 230
6 709 932
7 759 39
8 730 546
9 97 333
10 816 151
11 143 582
12 491 518
13 79 300
14 784 835
15 15 167
16 267 220
17 478 136
18 377 916
19 177 827
20 884 900
21 935 101
22 611 764
23 617 450
24 714 4
25 58 434
26 88 622
27 585 223
28 99 176
29 546 180
30 944 719
31 952 924
32 641 988
33 606 711
34 851 671
35 316 200
36 890 734
37 279 561
38 780 363
39 496 564
40 548 714
41 790 945
42 374 16
43 327 993
44 457 757
45 500 440
46 763 696
47 628 775
48 457 781
49 40 808
50 363 221
51 161 625
52 177 758
53 54 999
54 558 475
55 505 35
56 557 526
57 506 942
58 109 719
59 765 19
60 329 184
61 673 189
62 58 581
63 981 971
64 983 861
65 546 425
66 22 113
67 53 845
68 934 822
69 72 22
70 362 52
71 534 901
72 312 773
73 585 665
74 805 276
75 902 77
76 851 971
77 472 205
78 764 966
79 375 687
80 588 190
81 801 382
82 423 491
83 720 352
84 46 393
85 278 531
86 404 228
87 750 529
88 91 188
89 257 772
90 532 441
91 612 575
92 31 318
93 446 550
94 746 771
DEMAND_SECTION
1 0
2 6
3 1
4 5
5 6
6 5
7 1
8 2
9 3
10 1
11 4
12 1
13 3
14 4
15 1
16 4
17 4
18 4
19 1
20 2
21 4
22 4
23 3
24 1
25 3
26 5
27 4
28 2
29 3
30 1
31 5
32 5
33 6
34 1
35 3
36 6
37 3
38 1
39 1
40 5
41 5
42 1
43 4
44 1
45 1
46 6
47 4
48 1
49 2
50 5
51 6
52 5
53 3
54 2
55 2
56 3
57 4
58 6
59 4
60 4
61 1
62 3
63 6
64 5
65 5
66 1
67 4
68 3
69 6
70 1
71 2
72 5
73 2
74 2
75 2
76 2
77 5
78 4
79 3
80 6
81 4
82 5
83 5
84 3
85 6
86 1
87 6
88 4
89 1
90 1
91 5
92 5
93 2
94 6
DEPOT_SECTION
 1
 -1
 EOF 