NAME: I20530-n82-k9
COMMENT : (Fake et al, No of trucks: 9, Optimal value: )
TYPE : CVRP
DIMENSION : 82
EDGE_WEIGHT_TYPE : EUC_2D
CAPACITY : 33
NODE_COORD_SECTION
1 526 328
2 510 150
3 209 139
4 613 799
5 466 310
6 142 673
7 870 445
8 843 657
9 62 705
10 85 687
11 751 997
12 915 75
13 776 301
14 76 412
15 944 36
16 550 782
17 741 747
18 200 483
19 370 227
20 286 245
21 673 668
22 220 696
23 158 224
24 766 686
25 954 29
26 823 214
27 776 692
28 263 617
29 567 181
30 850 402
31 636 65
32 868 365
33 439 577
34 147 494
35 907 87
36 156 777
37 108 508
38 145 963
39 726 272
40 133 3
41 565 790
42 377 617
43 162 57
44 132 486
45 688 722
46 851 619
47 949 841
48 171 675
49 238 903
50 644 573
51 923 353
52 922 130
53 794 323
54 340 515
55 273 290
56 111 671
57 242 179
58 427 412
59 33 165
60 423 303
61 575 389
62 428 305
63 90 175
64 639 173
65 708 656
66 794 54
67 456 245
68 986 824
69 47 656
70 853 301
71 761 746
72 283 554
73 920 405
74 462 352
75 644 921
76 632 105
77 798 748
78 68 764
79 538 97
80 954 621
81 732 356
82 771 242
DEMAND_SECTION
1 0
2 1
3 2
4 1
5 5
6 1
7 4
8 4
9 2
10 3
11 5
12 4
13 4
14 2
15 2
16 4
17 1
18 2
19 3
20 2
21 4
22 2
23 3
24 2
25 2
26 3
27 5
28 3
29 3
30 5
31 4
32 4
33 3
34 2
35 5
36 3
37 4
38 3
39 5
40 4
41 2
42 4
43 5
44 2
45 4
46 4
47 5
48 2
49 1
50 4
51 2
52 3
53 3
54 3
55 2
56 4
57 3
58 3
59 4
60 2
61 4
62 5
63 4
64 5
65 3
66 2
67 4
68 1
69 5
70 5
71 3
72 1
73 1
74 3
75 5
76 2
77 2
78 3
79 2
80 3
81 3
82 4
DEPOT_SECTION
 1
 -1
 EOF 