NAME: I2055-n41-k5
COMMENT : (Fake et al, No of trucks: 5, Optimal value: )
TYPE : CVRP
DIMENSION : 41
EDGE_WEIGHT_TYPE : EUC_2D
CAPACITY : 24
NODE_COORD_SECTION
1 124 442
2 214 577
3 714 816
4 179 519
5 546 627
6 854 534
7 578 240
8 53 886
9 9 382
10 169 613
11 702 160
12 401 992
13 470 772
14 54 80
15 522 424
16 88 771
17 149 92
18 296 926
19 384 589
20 598 515
21 126 457
22 930 621
23 463 702
24 611 320
25 147 520
26 568 486
27 167 198
28 25 151
29 468 546
30 142 900
31 172 231
32 164 792
33 542 186
34 767 270
35 68 894
36 231 709
37 718 979
38 633 338
39 364 592
40 3 670
41 820 377
DEMAND_SECTION
1 0
2 4
3 2
4 2
5 4
6 1
7 4
8 4
9 1
10 2
11 1
12 3
13 3
14 3
15 4
16 4
17 1
18 3
19 1
20 4
21 3
22 1
23 3
24 1
25 4
26 1
27 4
28 2
29 2
30 3
31 2
32 1
33 4
34 1
35 4
36 2
37 2
38 3
39 3
40 1
41 4
DEPOT_SECTION
 1
 -1
 EOF 