NAME: I20556-n77-k8
COMMENT : (Fake et al, No of trucks: 8, Optimal value: )
TYPE : CVRP
DIMENSION : 77
EDGE_WEIGHT_TYPE : EUC_2D
CAPACITY : 49
NODE_COORD_SECTION
1 19 362
2 823 2
3 56 843
4 188 521
5 656 758
6 944 960
7 687 181
8 641 29
9 318 623
10 855 811
11 100 848
12 500 324
13 522 791
14 404 659
15 61 407
16 900 456
17 619 568
18 745 969
19 633 63
20 831 874
21 351 911
22 997 289
23 23 91
24 996 129
25 90 236
26 697 168
27 390 978
28 243 126
29 851 605
30 71 295
31 471 589
32 382 847
33 6 655
34 465 282
35 855 643
36 567 762
37 268 451
38 673 448
39 158 530
40 800 688
41 502 820
42 508 805
43 942 395
44 519 323
45 80 108
46 893 817
47 714 137
48 535 69
49 687 287
50 621 226
51 635 347
52 832 398
53 246 645
54 64 737
55 527 157
56 132 570
57 561 666
58 222 710
59 34 940
60 289 232
61 520 916
62 729 90
63 108 740
64 530 448
65 677 566
66 336 258
67 686 575
68 510 968
69 115 203
70 40 882
71 380 232
72 419 512
73 343 786
74 123 321
75 38 78
76 384 617
77 921 388
DEMAND_SECTION
1 0
2 6
3 5
4 5
5 2
6 5
7 2
8 8
9 7
10 2
11 6
12 7
13 3
14 3
15 7
16 7
17 5
18 4
19 2
20 5
21 8
22 1
23 6
24 3
25 2
26 3
27 3
28 3
29 5
30 8
31 8
32 2
33 3
34 2
35 8
36 6
37 5
38 8
39 7
40 8
41 6
42 8
43 3
44 6
45 1
46 2
47 6
48 7
49 2
50 7
51 2
52 3
53 7
54 4
55 5
56 3
57 3
58 8
59 3
60 1
61 7
62 5
63 5
64 4
65 8
66 2
67 6
68 6
69 3
70 6
71 5
72 7
73 3
74 6
75 2
76 3
77 5
DEPOT_SECTION
 1
 -1
 EOF 