NAME: I20577-n91-k6
COMMENT : (Fake et al, No of trucks: 6, Optimal value: )
TYPE : CVRP
DIMENSION : 91
EDGE_WEIGHT_TYPE : EUC_2D
CAPACITY : 17
NODE_COORD_SECTION
1 259 500
2 719 285
3 721 831
4 570 691
5 127 139
6 726 671
7 382 10
8 794 312
9 245 619
10 47 522
11 841 388
12 297 140
13 42 724
14 763 942
15 798 712
16 130 693
17 826 836
18 79 348
19 829 91
20 548 145
21 982 901
22 165 181
23 614 653
24 902 898
25 862 466
26 712 970
27 48 942
28 366 107
29 313 256
30 22 22
31 516 568
32 406 877
33 782 834
34 649 518
35 735 774
36 704 644
37 109 199
38 673 130
39 143 817
40 294 671
41 50 687
42 930 159
43 299 631
44 0 129
45 198 484
46 147 11
47 794 996
48 758 526
49 604 108
50 969 83
51 879 33
52 509 647
53 524 62
54 645 560
55 412 636
56 933 234
57 278 716
58 477 207
59 715 977
60 823 214
61 526 378
62 862 193
63 517 174
64 329 473
65 271 436
66 184 401
67 622 46
68 274 5
69 502 331
70 422 947
71 364 593
72 261 929
73 302 132
74 98 871
75 970 642
76 648 438
77 739 142
78 200 586
79 249 310
80 753 172
81 989 684
82 443 372
83 207 681
84 357 412
85 834 432
86 536 761
87 256 635
88 903 844
89 158 770
90 603 320
91 202 259
DEMAND_SECTION
1 0
2 1
3 1
4 1
5 1
6 1
7 1
8 1
9 1
10 1
11 1
12 1
13 1
14 1
15 1
16 1
17 1
18 1
19 1
20 1
21 1
22 1
23 1
24 1
25 1
26 1
27 1
28 1
29 1
30 1
31 1
32 1
33 1
34 1
35 1
36 1
37 1
38 1
39 1
40 1
41 1
42 1
43 1
44 1
45 1
46 1
47 1
48 1
49 1
50 1
51 1
52 1
53 1
54 1
55 1
56 1
57 1
58 1
59 1
60 1
61 1
62 1
63 1
64 1
65 1
66 1
67 1
68 1
69 1
70 1
71 1
72 1
73 1
74 1
75 1
76 1
77 1
78 1
79 1
80 1
81 1
82 1
83 1
84 1
85 1
86 1
87 1
88 1
89 1
90 1
91 1
DEPOT_SECTION
 1
 -1
 EOF 