NAME: I20571-n98-k7
COMMENT : (Fake et al, No of trucks: 7, Optimal value: )
TYPE : CVRP
DIMENSION : 98
EDGE_WEIGHT_TYPE : EUC_2D
CAPACITY : 40
NODE_COORD_SECTION
1 835 173
2 22 476
3 469 94
4 292 673
5 837 656
6 89 720
7 45 821
8 292 731
9 855 826
10 668 233
11 423 659
12 348 675
13 365 840
14 279 878
15 658 995
16 980 768
17 378 730
18 972 785
19 949 48
20 269 961
21 286 861
22 421 50
23 847 323
24 243 361
25 90 91
26 176 81
27 236 825
28 325 922
29 843 855
30 189 139
31 899 527
32 583 218
33 600 820
34 349 674
35 64 419
36 436 584
37 171 189
38 888 364
39 442 669
40 741 553
41 879 743
42 239 972
43 712 83
44 797 625
45 280 362
46 960 884
47 951 823
48 911 214
49 267 841
50 126 194
51 823 329
52 986 156
53 601 965
54 477 406
55 194 578
56 783 269
57 749 731
58 626 290
59 436 407
60 704 460
61 446 6
62 437 976
63 870 251
64 941 593
65 53 495
66 728 454
67 373 283
68 949 451
69 960 717
70 815 998
71 518 197
72 899 372
73 828 692
74 940 279
75 780 363
76 814 924
77 74 611
78 906 81
79 663 850
80 581 432
81 301 837
82 914 979
83 49 695
84 26 470
85 200 547
86 591 178
87 146 680
88 210 389
89 96 507
90 990 873
91 145 680
92 118 827
93 13 224
94 532 7
95 597 419
96 206 672
97 825 703
98 818 443
DEMAND_SECTION
1 0
2 2
3 2
4 3
5 2
6 4
7 2
8 1
9 3
10 4
11 2
12 1
13 2
14 3
15 3
16 4
17 1
18 1
19 3
20 2
21 3
22 2
23 4
24 1
25 3
26 2
27 4
28 1
29 4
30 4
31 4
32 3
33 3
34 3
35 4
36 3
37 3
38 4
39 2
40 1
41 4
42 2
43 2
44 1
45 1
46 3
47 2
48 4
49 4
50 1
51 1
52 4
53 3
54 1
55 3
56 1
57 2
58 1
59 1
60 2
61 3
62 1
63 1
64 2
65 2
66 1
67 3
68 4
69 3
70 3
71 1
72 2
73 2
74 2
75 3
76 4
77 3
78 2
79 3
80 1
81 1
82 4
83 1
84 2
85 4
86 2
87 3
88 1
89 2
90 3
91 2
92 2
93 4
94 2
95 3
96 4
97 4
98 2
DEPOT_SECTION
 1
 -1
 EOF 