NAME: I20685-n86-k7
COMMENT : (Fake et al, No of trucks: 7, Optimal value: )
TYPE : CVRP
DIMENSION : 86
EDGE_WEIGHT_TYPE : EUC_2D
CAPACITY : 68
NODE_COORD_SECTION
1 903 979
2 567 71
3 995 360
4 804 615
5 936 59
6 874 61
7 947 183
8 392 98
9 233 872
10 866 465
11 34 528
12 552 462
13 213 946
14 8 1000
15 108 381
16 737 625
17 330 500
18 657 197
19 862 731
20 170 683
21 95 202
22 68 721
23 306 72
24 185 743
25 237 735
26 466 740
27 772 841
28 963 913
29 805 533
30 257 173
31 471 822
32 840 127
33 679 685
34 662 766
35 131 793
36 722 679
37 778 810
38 299 328
39 142 597
40 763 207
41 65 47
42 79 256
43 243 283
44 541 110
45 562 38
46 542 580
47 527 929
48 469 362
49 686 489
50 49 548
51 371 286
52 820 373
53 624 759
54 806 809
55 502 873
56 426 180
57 355 848
58 771 867
59 960 669
60 908 573
61 964 557
62 863 160
63 80 10
64 965 586
65 627 631
66 302 442
67 967 786
68 201 727
69 984 171
70 365 502
71 662 416
72 33 939
73 670 297
74 538 499
75 332 507
76 653 668
77 133 403
78 532 665
79 854 609
80 953 804
81 492 73
82 180 103
83 530 290
84 391 619
85 478 238
86 122 525
DEMAND_SECTION
1 0
2 2
3 4
4 2
5 1
6 5
7 1
8 3
9 9
10 5
11 7
12 3
13 6
14 1
15 2
16 7
17 2
18 8
19 2
20 3
21 2
22 4
23 6
24 4
25 2
26 3
27 8
28 5
29 5
30 5
31 2
32 3
33 1
34 8
35 1
36 4
37 5
38 6
39 1
40 8
41 9
42 1
43 1
44 7
45 3
46 3
47 9
48 8
49 6
50 8
51 5
52 5
53 6
54 8
55 7
56 9
57 4
58 5
59 5
60 1
61 7
62 8
63 5
64 5
65 8
66 6
67 9
68 1
69 6
70 5
71 1
72 4
73 5
74 8
75 4
76 8
77 9
78 9
79 9
80 3
81 4
82 1
83 4
84 6
85 3
86 4
DEPOT_SECTION
 1
 -1
 EOF 