NAME: I2063-n27-k5
COMMENT : (Fake et al, No of trucks: 5, Optimal value: )
TYPE : CVRP
DIMENSION : 27
EDGE_WEIGHT_TYPE : EUC_2D
CAPACITY : 31
NODE_COORD_SECTION
1 612 371
2 903 988
3 90 843
4 810 123
5 526 586
6 372 437
7 216 901
8 528 117
9 385 930
10 508 869
11 542 798
12 214 536
13 476 271
14 705 940
15 997 147
16 490 621
17 581 879
18 326 617
19 206 868
20 344 279
21 934 105
22 291 246
23 183 384
24 78 786
25 9 21
26 477 178
27 340 649
DEMAND_SECTION
1 0
2 9
3 9
4 9
5 9
6 5
7 3
8 7
9 3
10 4
11 4
12 5
13 6
14 3
15 6
16 5
17 8
18 8
19 1
20 7
21 5
22 2
23 2
24 2
25 7
26 4
27 4
DEPOT_SECTION
 1
 -1
 EOF 