NAME: I20695-n85-k8
COMMENT : (Fake et al, No of trucks: 8, Optimal value: )
TYPE : CVRP
DIMENSION : 85
EDGE_WEIGHT_TYPE : EUC_2D
CAPACITY : 72
NODE_COORD_SECTION
1 138 271
2 193 298
3 138 786
4 492 132
5 975 242
6 424 870
7 967 416
8 778 867
9 644 798
10 529 688
11 387 391
12 791 314
13 344 682
14 658 98
15 703 972
16 365 883
17 681 634
18 986 54
19 662 726
20 325 640
21 573 760
22 616 100
23 519 807
24 323 762
25 744 93
26 940 599
27 533 180
28 752 729
29 568 716
30 893 887
31 85 837
32 474 242
33 473 831
34 3 368
35 4 703
36 241 385
37 221 661
38 30 140
39 843 97
40 93 251
41 281 671
42 990 459
43 751 174
44 355 337
45 149 189
46 440 289
47 640 911
48 2 142
49 716 404
50 306 446
51 507 109
52 756 43
53 699 328
54 712 664
55 232 513
56 760 691
57 661 347
58 46 185
59 21 28
60 208 593
61 617 989
62 872 817
63 832 365
64 838 109
65 97 779
66 338 668
67 636 64
68 99 286
69 781 966
70 445 506
71 582 226
72 390 38
73 819 221
74 168 784
75 227 823
76 135 226
77 963 913
78 58 572
79 515 331
80 380 151
81 854 437
82 166 482
83 742 900
84 446 568
85 509 980
DEMAND_SECTION
1 0
2 9
3 4
4 1
5 4
6 10
7 5
8 5
9 2
10 2
11 8
12 1
13 10
14 8
15 3
16 9
17 8
18 6
19 5
20 3
21 10
22 5
23 8
24 5
25 7
26 7
27 4
28 3
29 9
30 7
31 1
32 6
33 7
34 8
35 7
36 9
37 3
38 2
39 3
40 3
41 6
42 5
43 2
44 5
45 8
46 7
47 8
48 10
49 6
50 2
51 7
52 2
53 7
54 6
55 4
56 10
57 5
58 9
59 3
60 1
61 9
62 9
63 7
64 9
65 8
66 4
67 8
68 7
69 5
70 6
71 5
72 4
73 4
74 1
75 9
76 4
77 2
78 7
79 7
80 10
81 3
82 10
83 5
84 8
85 7
DEPOT_SECTION
 1
 -1
 EOF 