NAME: I20651-n78-k9
COMMENT : (Fake et al, No of trucks: 9, Optimal value: )
TYPE : CVRP
DIMENSION : 78
EDGE_WEIGHT_TYPE : EUC_2D
CAPACITY : 25
NODE_COORD_SECTION
1 897 146
2 806 134
3 936 199
4 269 12
5 129 128
6 675 696
7 231 242
8 785 377
9 466 743
10 796 807
11 757 484
12 257 187
13 657 5
14 353 900
15 644 754
16 465 594
17 155 388
18 410 597
19 803 576
20 952 914
21 804 398
22 296 914
23 61 884
24 551 791
25 883 785
26 860 40
27 283 163
28 362 696
29 998 753
30 7 316
31 61 850
32 190 849
33 235 860
34 499 784
35 283 252
36 871 188
37 388 976
38 905 721
39 666 655
40 217 826
41 883 907
42 606 622
43 918 196
44 836 15
45 33 8
46 234 508
47 325 390
48 127 186
49 542 62
50 852 100
51 252 818
52 401 255
53 856 464
54 923 384
55 716 88
56 455 168
57 830 467
58 145 131
59 296 713
60 996 975
61 803 301
62 83 849
63 699 622
64 55 539
65 776 86
66 932 275
67 415 262
68 336 116
69 63 18
70 256 946
71 480 529
72 240 168
73 430 555
74 28 864
75 516 897
76 564 444
77 907 821
78 227 58
DEMAND_SECTION
1 0
2 1
3 1
4 2
5 2
6 2
7 4
8 3
9 3
10 2
11 1
12 2
13 4
14 3
15 4
16 1
17 3
18 2
19 4
20 3
21 4
22 2
23 4
24 1
25 2
26 1
27 3
28 2
29 4
30 5
31 3
32 2
33 5
34 5
35 5
36 1
37 5
38 2
39 1
40 2
41 1
42 3
43 3
44 1
45 4
46 2
47 3
48 1
49 5
50 2
51 4
52 3
53 4
54 1
55 5
56 3
57 3
58 1
59 5
60 5
61 5
62 1
63 1
64 1
65 1
66 4
67 1
68 2
69 3
70 4
71 2
72 1
73 1
74 4
75 1
76 5
77 1
78 1
DEPOT_SECTION
 1
 -1
 EOF 