NAME: I20718-n72-k7
COMMENT : (Fake et al, No of trucks: 7, Optimal value: )
TYPE : CVRP
DIMENSION : 72
EDGE_WEIGHT_TYPE : EUC_2D
CAPACITY : 12
NODE_COORD_SECTION
1 480 71
2 787 613
3 302 518
4 961 620
5 917 46
6 816 356
7 949 587
8 428 453
9 668 127
10 763 387
11 791 892
12 971 467
13 27 213
14 527 872
15 552 54
16 4 958
17 513 318
18 191 848
19 241 693
20 901 838
21 732 867
22 59 411
23 456 592
24 620 597
25 439 592
26 923 598
27 38 221
28 806 563
29 818 322
30 231 360
31 663 924
32 664 932
33 550 854
34 961 115
35 523 149
36 151 633
37 432 803
38 302 205
39 847 461
40 191 171
41 427 271
42 647 634
43 410 879
44 922 886
45 277 754
46 881 10
47 881 339
48 881 531
49 213 517
50 227 373
51 188 618
52 992 521
53 496 519
54 145 29
55 511 888
56 357 840
57 552 610
58 44 780
59 454 266
60 698 802
61 769 44
62 614 341
63 879 881
64 722 841
65 18 24
66 708 357
67 85 397
68 42 125
69 721 754
70 734 236
71 662 377
72 704 643
DEMAND_SECTION
1 0
2 1
3 1
4 1
5 1
6 1
7 1
8 1
9 1
10 1
11 1
12 1
13 1
14 1
15 1
16 1
17 1
18 1
19 1
20 1
21 1
22 1
23 1
24 1
25 1
26 1
27 1
28 1
29 1
30 1
31 1
32 1
33 1
34 1
35 1
36 1
37 1
38 1
39 1
40 1
41 1
42 1
43 1
44 1
45 1
46 1
47 1
48 1
49 1
50 1
51 1
52 1
53 1
54 1
55 1
56 1
57 1
58 1
59 1
60 1
61 1
62 1
63 1
64 1
65 1
66 1
67 1
68 1
69 1
70 1
71 1
72 1
DEPOT_SECTION
 1
 -1
 EOF 