NAME: I20782-n98-k7
COMMENT : (Fake et al, No of trucks: 7, Optimal value: )
TYPE : CVRP
DIMENSION : 98
EDGE_WEIGHT_TYPE : EUC_2D
CAPACITY : 88
NODE_COORD_SECTION
1 247 878
2 175 586
3 713 968
4 786 235
5 367 969
6 269 404
7 587 482
8 447 818
9 33 323
10 785 294
11 187 51
12 698 769
13 32 911
14 914 439
15 345 444
16 572 709
17 528 814
18 713 401
19 214 667
20 376 719
21 728 19
22 489 6
23 894 820
24 490 897
25 609 281
26 123 977
27 998 269
28 444 141
29 480 802
30 84 61
31 986 184
32 634 772
33 49 36
34 19 719
35 93 931
36 418 650
37 671 501
38 455 23
39 506 987
40 720 597
41 257 984
42 975 474
43 583 747
44 976 50
45 697 472
46 545 578
47 137 23
48 357 121
49 380 137
50 853 896
51 76 626
52 81 19
53 581 466
54 206 310
55 977 187
56 863 399
57 665 622
58 140 764
59 330 211
60 547 365
61 672 114
62 359 728
63 782 485
64 211 647
65 135 729
66 864 388
67 145 376
68 308 418
69 820 913
70 892 731
71 547 434
72 495 670
73 843 759
74 531 475
75 20 857
76 66 314
77 412 185
78 121 363
79 570 503
80 284 988
81 945 716
82 252 62
83 117 504
84 74 675
85 567 23
86 303 518
87 967 507
88 150 638
89 735 265
90 908 962
91 38 228
92 429 889
93 999 789
94 404 823
95 504 326
96 780 704
97 540 340
98 349 945
DEMAND_SECTION
1 0
2 2
3 7
4 6
5 2
6 4
7 8
8 9
9 6
10 9
11 1
12 9
13 6
14 6
15 6
16 6
17 7
18 8
19 8
20 5
21 7
22 1
23 1
24 6
25 8
26 6
27 9
28 3
29 3
30 4
31 6
32 5
33 8
34 3
35 7
36 1
37 8
38 5
39 4
40 9
41 4
42 6
43 6
44 9
45 8
46 2
47 9
48 7
49 7
50 6
51 3
52 4
53 6
54 7
55 4
56 7
57 8
58 4
59 9
60 8
61 2
62 9
63 4
64 2
65 5
66 5
67 4
68 2
69 4
70 3
71 3
72 2
73 2
74 6
75 2
76 5
77 2
78 2
79 7
80 4
81 3
82 1
83 8
84 6
85 6
86 3
87 4
88 9
89 6
90 7
91 4
92 9
93 2
94 7
95 3
96 4
97 7
98 4
DEPOT_SECTION
 1
 -1
 EOF 