NAME: I20793-n100-k10
COMMENT : (Fake et al, No of trucks: 10, Optimal value: )
TYPE : CVRP
DIMENSION : 100
EDGE_WEIGHT_TYPE : EUC_2D
CAPACITY : 56
NODE_COORD_SECTION
1 814 157
2 222 258
3 52 560
4 113 573
5 864 313
6 461 511
7 664 189
8 829 775
9 115 275
10 191 897
11 58 369
12 890 942
13 650 221
14 42 209
15 436 113
16 626 964
17 13 660
18 662 959
19 434 260
20 73 4
21 219 707
22 440 484
23 553 731
24 660 42
25 964 933
26 816 370
27 698 602
28 445 806
29 840 210
30 166 291
31 112 24
32 253 738
33 849 278
34 627 996
35 280 215
36 478 353
37 444 246
38 826 726
39 227 299
40 396 13
41 421 859
42 970 5
43 913 489
44 611 148
45 975 654
46 894 752
47 832 531
48 987 442
49 299 445
50 691 501
51 153 908
52 162 755
53 927 514
54 908 843
55 889 234
56 565 146
57 503 213
58 800 841
59 468 109
60 442 265
61 43 438
62 956 912
63 722 244
64 340 301
65 20 102
66 189 39
67 127 682
68 852 591
69 870 751
70 389 441
71 566 958
72 771 947
73 443 194
74 104 425
75 420 909
76 94 418
77 868 961
78 987 753
79 484 424
80 540 210
81 347 31
82 159 502
83 17 640
84 471 470
85 786 787
86 256 856
87 489 766
88 132 579
89 141 657
90 503 669
91 619 885
92 807 582
93 541 672
94 779 406
95 516 615
96 932 156
97 407 826
98 433 59
99 304 699
100 596 474
DEMAND_SECTION
1 0
2 4
3 5
4 8
5 7
6 4
7 8
8 7
9 6
10 6
11 6
12 6
13 5
14 2
15 6
16 4
17 1
18 3
19 5
20 4
21 5
22 4
23 8
24 1
25 1
26 5
27 2
28 7
29 4
30 7
31 8
32 8
33 2
34 6
35 8
36 6
37 2
38 1
39 1
40 1
41 1
42 2
43 2
44 7
45 5
46 6
47 2
48 6
49 4
50 7
51 5
52 3
53 3
54 2
55 1
56 4
57 5
58 7
59 8
60 4
61 5
62 4
63 7
64 5
65 1
66 2
67 4
68 8
69 4
70 6
71 6
72 8
73 4
74 1
75 1
76 6
77 7
78 2
79 7
80 6
81 6
82 2
83 5
84 4
85 3
86 5
87 2
88 5
89 2
90 8
91 5
92 3
93 6
94 3
95 8
96 7
97 4
98 6
99 8
100 6
DEPOT_SECTION
 1
 -1
 EOF 