NAME: I2079-n33-k4
COMMENT : (Fake et al, No of trucks: 4, Optimal value: )
TYPE : CVRP
DIMENSION : 33
EDGE_WEIGHT_TYPE : EUC_2D
CAPACITY : 35
NODE_COORD_SECTION
1 720 618
2 895 532
3 369 329
4 433 494
5 606 873
6 941 126
7 408 808
8 692 5
9 583 59
10 786 348
11 69 365
12 267 396
13 699 179
14 267 603
15 666 623
16 359 179
17 954 562
18 249 235
19 249 344
20 491 479
21 294 707
22 655 654
23 133 803
24 633 144
25 526 600
26 716 137
27 803 339
28 627 397
29 449 903
30 777 302
31 242 473
32 242 3
33 131 763
DEMAND_SECTION
1 0
2 4
3 3
4 4
5 1
6 5
7 3
8 5
9 4
10 1
11 6
12 3
13 5
14 4
15 5
16 6
17 2
18 1
19 5
20 6
21 2
22 6
23 1
24 4
25 2
26 5
27 4
28 6
29 2
30 5
31 4
32 5
33 4
DEPOT_SECTION
 1
 -1
 EOF 