NAME: I20775-n87-k9
COMMENT : (Fake et al, No of trucks: 9, Optimal value: )
TYPE : CVRP
DIMENSION : 87
EDGE_WEIGHT_TYPE : EUC_2D
CAPACITY : 52
NODE_COORD_SECTION
1 73 556
2 937 272
3 92 687
4 124 544
5 782 520
6 506 55
7 621 352
8 192 627
9 946 828
10 501 994
11 654 811
12 662 423
13 583 159
14 361 301
15 768 231
16 880 295
17 41 869
18 282 844
19 659 637
20 187 647
21 48 411
22 932 258
23 533 936
24 308 831
25 266 825
26 112 747
27 816 21
28 169 521
29 488 70
30 783 964
31 116 221
32 30 451
33 987 142
34 676 535
35 356 995
36 946 60
37 433 897
38 611 544
39 720 213
40 506 527
41 145 632
42 341 992
43 424 1000
44 327 991
45 398 428
46 840 862
47 312 686
48 832 411
49 232 405
50 317 623
51 758 823
52 131 901
53 136 655
54 532 322
55 140 263
56 547 469
57 242 519
58 158 269
59 109 825
60 588 352
61 818 198
62 370 105
63 511 425
64 104 320
65 980 119
66 455 940
67 528 757
68 326 459
69 448 911
70 187 197
71 734 283
72 355 191
73 513 666
74 351 374
75 490 337
76 273 13
77 944 450
78 743 120
79 930 687
80 719 160
81 597 698
82 664 271
83 209 33
84 996 542
85 216 251
86 357 358
87 141 273
DEMAND_SECTION
1 0
2 1
3 2
4 4
5 3
6 7
7 8
8 5
9 4
10 3
11 2
12 8
13 4
14 4
15 2
16 4
17 4
18 7
19 2
20 5
21 2
22 5
23 8
24 4
25 7
26 8
27 7
28 1
29 1
30 6
31 7
32 3
33 7
34 8
35 7
36 3
37 4
38 7
39 4
40 6
41 5
42 2
43 7
44 6
45 1
46 4
47 3
48 5
49 8
50 3
51 1
52 1
53 5
54 5
55 5
56 8
57 3
58 1
59 5
60 6
61 8
62 6
63 1
64 6
65 2
66 4
67 3
68 7
69 4
70 7
71 2
72 4
73 7
74 4
75 8
76 3
77 3
78 3
79 5
80 8
81 7
82 3
83 1
84 3
85 1
86 5
87 7
DEPOT_SECTION
 1
 -1
 EOF 