NAME: I20869-n95-k9
COMMENT : (Fake et al, No of trucks: 9, Optimal value: )
TYPE : CVRP
DIMENSION : 95
EDGE_WEIGHT_TYPE : EUC_2D
CAPACITY : 53
NODE_COORD_SECTION
1 657 606
2 290 650
3 674 985
4 935 783
5 697 426
6 869 627
7 599 839
8 176 453
9 328 564
10 564 941
11 546 845
12 4 261
13 721 340
14 918 272
15 952 159
16 313 957
17 991 297
18 780 660
19 946 224
20 870 199
21 461 781
22 414 686
23 519 684
24 837 479
25 420 284
26 971 678
27 734 274
28 547 124
29 30 277
30 438 506
31 189 762
32 935 88
33 835 462
34 126 263
35 332 449
36 461 79
37 842 825
38 714 575
39 792 80
40 383 827
41 348 451
42 552 861
43 650 827
44 506 689
45 136 796
46 808 314
47 331 280
48 63 155
49 885 643
50 214 774
51 394 658
52 375 836
53 39 517
54 200 981
55 350 136
56 87 927
57 324 386
58 429 647
59 703 823
60 122 575
61 563 217
62 392 893
63 320 312
64 872 933
65 163 641
66 860 808
67 395 160
68 317 430
69 857 696
70 13 560
71 905 287
72 478 381
73 626 779
74 414 689
75 61 105
76 804 816
77 821 12
78 399 875
79 734 1
80 360 858
81 729 132
82 668 103
83 286 72
84 837 415
85 878 191
86 940 826
87 535 917
88 876 88
89 393 266
90 817 589
91 754 374
92 549 68
93 474 169
94 205 798
95 92 547
DEMAND_SECTION
1 0
2 1
3 6
4 3
5 4
6 3
7 1
8 6
9 3
10 6
11 5
12 3
13 2
14 6
15 7
16 6
17 1
18 3
19 1
20 7
21 1
22 6
23 7
24 6
25 5
26 7
27 4
28 1
29 7
30 3
31 1
32 7
33 3
34 5
35 3
36 4
37 4
38 7
39 4
40 3
41 5
42 7
43 6
44 5
45 7
46 6
47 4
48 3
49 1
50 6
51 3
52 1
53 7
54 5
55 6
56 2
57 7
58 7
59 6
60 5
61 4
62 2
63 6
64 4
65 5
66 1
67 5
68 3
69 5
70 1
71 7
72 6
73 4
74 5
75 4
76 3
77 5
78 7
79 6
80 7
81 7
82 3
83 5
84 3
85 4
86 5
87 1
88 4
89 4
90 5
91 2
92 5
93 6
94 6
95 3
DEPOT_SECTION
 1
 -1
 EOF 