NAME: I20837-n80-k6
COMMENT : (Fake et al, No of trucks: 6, Optimal value: )
TYPE : CVRP
DIMENSION : 80
EDGE_WEIGHT_TYPE : EUC_2D
CAPACITY : 41
NODE_COORD_SECTION
1 258 3
2 813 6
3 681 280
4 833 124
5 263 810
6 772 217
7 215 24
8 239 844
9 886 47
10 810 615
11 809 457
12 525 905
13 356 117
14 591 695
15 44 627
16 300 420
17 269 140
18 917 543
19 245 171
20 670 393
21 538 834
22 795 978
23 950 590
24 130 8
25 80 892
26 984 549
27 487 787
28 779 270
29 477 108
30 458 305
31 267 68
32 796 950
33 198 707
34 605 739
35 900 153
36 379 484
37 172 214
38 190 568
39 442 774
40 735 986
41 232 10
42 350 97
43 936 418
44 774 890
45 710 859
46 727 385
47 989 517
48 969 256
49 59 206
50 949 952
51 726 604
52 715 177
53 423 134
54 316 103
55 326 946
56 508 125
57 408 425
58 189 645
59 652 248
60 31 657
61 688 279
62 839 310
63 601 904
64 846 302
65 573 569
66 477 186
67 771 904
68 23 627
69 203 216
70 627 88
71 543 730
72 255 151
73 428 274
74 418 118
75 28 997
76 829 725
77 834 374
78 514 91
79 255 369
80 109 647
DEMAND_SECTION
1 0
2 5
3 1
4 1
5 5
6 3
7 1
8 3
9 2
10 1
11 2
12 1
13 2
14 1
15 1
16 2
17 4
18 2
19 4
20 3
21 5
22 3
23 1
24 2
25 4
26 4
27 1
28 3
29 3
30 4
31 1
32 3
33 1
34 2
35 1
36 2
37 5
38 2
39 3
40 2
41 2
42 3
43 3
44 1
45 2
46 1
47 5
48 3
49 2
50 3
51 4
52 2
53 3
54 1
55 4
56 3
57 2
58 5
59 4
60 5
61 3
62 3
63 1
64 1
65 4
66 5
67 2
68 3
69 3
70 4
71 4
72 2
73 3
74 2
75 2
76 2
77 3
78 3
79 1
80 3
DEPOT_SECTION
 1
 -1
 EOF 