NAME: I20947-n88-k6
COMMENT : (Fake et al, No of trucks: 6, Optimal value: )
TYPE : CVRP
DIMENSION : 88
EDGE_WEIGHT_TYPE : EUC_2D
CAPACITY : 17
NODE_COORD_SECTION
1 678 370
2 586 370
3 533 427
4 803 903
5 548 303
6 931 431
7 768 750
8 225 752
9 440 875
10 219 910
11 185 841
12 968 780
13 981 357
14 407 577
15 75 600
16 476 407
17 300 314
18 355 45
19 704 43
20 61 235
21 425 823
22 980 371
23 847 963
24 179 193
25 643 977
26 345 66
27 174 125
28 425 865
29 215 224
30 898 209
31 622 91
32 239 100
33 165 632
34 609 11
35 39 904
36 46 337
37 164 755
38 658 35
39 24 175
40 170 297
41 847 252
42 340 738
43 18 670
44 123 749
45 745 892
46 819 34
47 828 94
48 151 690
49 8 521
50 169 188
51 366 233
52 78 196
53 21 8
54 682 739
55 310 172
56 251 516
57 533 148
58 318 472
59 315 442
60 867 432
61 990 517
62 738 633
63 845 265
64 404 39
65 313 960
66 597 791
67 819 811
68 429 521
69 45 524
70 312 962
71 784 71
72 396 303
73 131 996
74 805 981
75 422 545
76 856 894
77 408 49
78 740 947
79 488 344
80 583 623
81 709 25
82 777 737
83 132 457
84 89 558
85 264 809
86 899 6
87 511 599
88 200 329
DEMAND_SECTION
1 0
2 1
3 1
4 1
5 1
6 1
7 1
8 1
9 1
10 1
11 1
12 1
13 1
14 1
15 1
16 1
17 1
18 1
19 1
20 1
21 1
22 1
23 1
24 1
25 1
26 1
27 1
28 1
29 1
30 1
31 1
32 1
33 1
34 1
35 1
36 1
37 1
38 1
39 1
40 1
41 1
42 1
43 1
44 1
45 1
46 1
47 1
48 1
49 1
50 1
51 1
52 1
53 1
54 1
55 1
56 1
57 1
58 1
59 1
60 1
61 1
62 1
63 1
64 1
65 1
66 1
67 1
68 1
69 1
70 1
71 1
72 1
73 1
74 1
75 1
76 1
77 1
78 1
79 1
80 1
81 1
82 1
83 1
84 1
85 1
86 1
87 1
88 1
DEPOT_SECTION
 1
 -1
 EOF 