NAME: I20953-n80-k9
COMMENT : (Fake et al, No of trucks: 9, Optimal value: )
TYPE : CVRP
DIMENSION : 80
EDGE_WEIGHT_TYPE : EUC_2D
CAPACITY : 41
NODE_COORD_SECTION
1 998 960
2 140 550
3 970 371
4 358 804
5 406 425
6 597 431
7 483 26
8 864 90
9 960 806
10 889 963
11 409 641
12 446 385
13 922 635
14 659 135
15 739 689
16 118 76
17 182 594
18 157 351
19 43 78
20 635 692
21 301 215
22 37 970
23 389 71
24 758 261
25 286 110
26 952 615
27 332 222
28 74 240
29 686 718
30 892 671
31 688 235
32 497 799
33 167 902
34 171 957
35 361 169
36 22 904
37 406 973
38 589 23
39 901 63
40 590 70
41 830 815
42 876 873
43 306 556
44 61 726
45 436 683
46 213 4
47 642 43
48 111 288
49 752 318
50 780 512
51 428 565
52 564 573
53 961 997
54 148 452
55 813 409
56 154 723
57 266 431
58 308 204
59 354 530
60 264 632
61 20 136
62 596 101
63 997 82
64 483 368
65 540 536
66 521 995
67 390 602
68 829 483
69 77 129
70 41 165
71 577 563
72 712 575
73 867 708
74 308 422
75 414 997
76 602 644
77 899 572
78 457 520
79 411 420
80 846 320
DEMAND_SECTION
1 0
2 2
3 1
4 1
5 3
6 4
7 5
8 1
9 3
10 5
11 3
12 4
13 4
14 5
15 5
16 5
17 9
18 9
19 2
20 7
21 1
22 1
23 4
24 4
25 4
26 8
27 6
28 8
29 4
30 4
31 1
32 2
33 8
34 2
35 2
36 3
37 2
38 4
39 5
40 7
41 4
42 5
43 4
44 7
45 6
46 1
47 1
48 2
49 7
50 8
51 2
52 2
53 3
54 5
55 5
56 6
57 3
58 7
59 4
60 1
61 6
62 3
63 7
64 8
65 8
66 7
67 2
68 1
69 3
70 4
71 1
72 6
73 3
74 6
75 7
76 1
77 7
78 6
79 4
80 5
DEPOT_SECTION
 1
 -1
 EOF 