NAME: I20925-n75-k6
COMMENT : (Fake et al, No of trucks: 6, Optimal value: )
TYPE : CVRP
DIMENSION : 75
EDGE_WEIGHT_TYPE : EUC_2D
CAPACITY : 29
NODE_COORD_SECTION
1 313 163
2 711 329
3 971 539
4 271 1
5 502 655
6 841 977
7 826 525
8 747 792
9 459 317
10 730 736
11 940 519
12 40 145
13 570 38
14 231 616
15 673 362
16 745 192
17 338 119
18 966 712
19 27 831
20 387 225
21 744 670
22 137 155
23 549 221
24 505 136
25 997 767
26 681 814
27 771 415
28 793 765
29 782 83
30 359 804
31 938 221
32 796 613
33 744 434
34 409 244
35 127 737
36 781 235
37 292 152
38 194 131
39 13 106
40 973 568
41 720 578
42 346 418
43 686 346
44 690 106
45 270 464
46 832 958
47 441 733
48 522 224
49 215 618
50 317 124
51 354 388
52 965 147
53 580 609
54 959 717
55 103 523
56 552 831
57 814 509
58 371 218
59 208 448
60 71 719
61 828 611
62 775 380
63 551 868
64 528 489
65 478 336
66 478 987
67 884 522
68 121 623
69 864 868
70 525 106
71 332 774
72 974 727
73 426 965
74 27 651
75 592 54
DEMAND_SECTION
1 0
2 2
3 1
4 3
5 1
6 3
7 1
8 1
9 2
10 2
11 1
12 2
13 2
14 3
15 1
16 1
17 3
18 2
19 1
20 3
21 2
22 1
23 3
24 2
25 3
26 1
27 3
28 2
29 3
30 1
31 3
32 3
33 1
34 3
35 3
36 1
37 2
38 2
39 3
40 2
41 3
42 2
43 3
44 3
45 3
46 3
47 1
48 3
49 1
50 1
51 1
52 1
53 2
54 1
55 2
56 1
57 2
58 3
59 1
60 3
61 3
62 1
63 2
64 1
65 1
66 3
67 3
68 3
69 2
70 3
71 3
72 1
73 3
74 1
75 1
DEPOT_SECTION
 1
 -1
 EOF 