NAME: I20904-n72-k6
COMMENT : (Fake et al, No of trucks: 6, Optimal value: )
TYPE : CVRP
DIMENSION : 72
EDGE_WEIGHT_TYPE : EUC_2D
CAPACITY : 67
NODE_COORD_SECTION
1 144 880
2 9 953
3 36 119
4 466 520
5 841 16
6 522 684
7 888 245
8 218 306
9 20 847
10 63 734
11 533 582
12 892 83
13 746 336
14 820 950
15 912 642
16 662 30
17 435 486
18 718 847
19 628 76
20 552 655
21 937 854
22 969 57
23 774 35
24 642 969
25 719 220
26 885 9
27 717 24
28 354 532
29 568 182
30 891 425
31 20 865
32 295 352
33 897 528
34 553 701
35 914 108
36 310 781
37 680 388
38 39 537
39 531 843
40 924 750
41 543 181
42 560 358
43 460 931
44 989 1
45 733 10
46 240 164
47 932 447
48 439 504
49 462 423
50 95 483
51 391 187
52 572 896
53 805 37
54 193 217
55 758 786
56 470 92
57 674 373
58 934 217
59 189 137
60 879 124
61 45 626
62 967 639
63 425 556
64 983 802
65 804 730
66 890 613
67 354 645
68 326 305
69 605 511
70 707 280
71 211 759
72 520 382
DEMAND_SECTION
1 0
2 7
3 6
4 2
5 3
6 5
7 6
8 8
9 8
10 5
11 7
12 7
13 6
14 8
15 3
16 3
17 3
18 4
19 6
20 2
21 2
22 5
23 7
24 4
25 7
26 5
27 6
28 5
29 7
30 1
31 8
32 8
33 4
34 1
35 3
36 8
37 5
38 7
39 6
40 1
41 3
42 3
43 7
44 6
45 2
46 1
47 6
48 7
49 5
50 5
51 4
52 8
53 2
54 8
55 4
56 5
57 3
58 3
59 5
60 3
61 1
62 7
63 4
64 7
65 6
66 7
67 6
68 8
69 5
70 2
71 1
72 1
DEPOT_SECTION
 1
 -1
 EOF 