NAME: I21010-n77-k7
COMMENT : (Fake et al, No of trucks: 7, Optimal value: )
TYPE : CVRP
DIMENSION : 77
EDGE_WEIGHT_TYPE : EUC_2D
CAPACITY : 77
NODE_COORD_SECTION
1 178 635
2 405 0
3 30 333
4 989 853
5 137 219
6 674 656
7 471 350
8 251 711
9 601 551
10 19 814
11 148 936
12 705 643
13 312 833
14 420 355
15 762 773
16 40 122
17 774 104
18 35 988
19 814 111
20 416 709
21 495 34
22 93 451
23 932 405
24 99 577
25 478 418
26 810 323
27 279 270
28 549 316
29 736 151
30 893 869
31 373 876
32 555 179
33 634 455
34 321 646
35 72 376
36 375 716
37 939 943
38 841 958
39 764 451
40 333 410
41 332 888
42 160 331
43 0 438
44 443 649
45 114 297
46 980 346
47 216 195
48 210 808
49 754 880
50 314 587
51 162 293
52 101 387
53 84 582
54 968 951
55 857 884
56 930 285
57 552 908
58 607 141
59 19 123
60 269 768
61 540 363
62 714 550
63 904 748
64 499 170
65 210 690
66 817 923
67 303 860
68 418 780
69 41 402
70 189 691
71 853 790
72 772 945
73 360 132
74 793 608
75 119 889
76 873 380
77 316 27
DEMAND_SECTION
1 0
2 2
3 4
4 10
5 4
6 5
7 10
8 9
9 9
10 5
11 3
12 10
13 9
14 5
15 3
16 3
17 8
18 2
19 5
20 9
21 10
22 10
23 7
24 7
25 10
26 3
27 1
28 5
29 4
30 1
31 5
32 5
33 4
34 1
35 10
36 9
37 7
38 10
39 2
40 6
41 8
42 2
43 7
44 3
45 9
46 5
47 8
48 9
49 4
50 3
51 10
52 10
53 8
54 8
55 3
56 5
57 6
58 9
59 7
60 4
61 9
62 8
63 4
64 6
65 6
66 6
67 9
68 4
69 2
70 9
71 2
72 7
73 2
74 8
75 9
76 7
77 2
DEPOT_SECTION
 1
 -1
 EOF 