NAME: I21145-n89-k6
COMMENT : (Fake et al, No of trucks: 6, Optimal value: )
TYPE : CVRP
DIMENSION : 89
EDGE_WEIGHT_TYPE : EUC_2D
CAPACITY : 91
NODE_COORD_SECTION
1 739 652
2 810 133
3 143 28
4 365 744
5 68 604
6 131 187
7 273 160
8 793 545
9 974 588
10 301 609
11 596 387
12 423 945
13 155 242
14 525 740
15 650 803
16 244 779
17 255 770
18 848 727
19 441 335
20 339 788
21 131 302
22 134 228
23 779 465
24 980 784
25 109 489
26 547 830
27 987 84
28 671 514
29 290 454
30 298 816
31 609 505
32 199 602
33 964 308
34 750 646
35 891 737
36 396 447
37 492 291
38 449 827
39 622 230
40 484 178
41 419 857
42 573 854
43 391 149
44 236 564
45 362 690
46 570 143
47 498 475
48 852 672
49 357 372
50 518 90
51 111 685
52 398 383
53 202 87
54 677 12
55 195 577
56 94 634
57 730 321
58 206 275
59 393 120
60 629 548
61 285 924
62 975 286
63 460 518
64 241 200
65 843 908
66 585 997
67 842 62
68 341 275
69 646 948
70 383 634
71 928 331
72 222 617
73 983 691
74 584 467
75 188 488
76 768 306
77 538 187
78 147 104
79 57 190
80 526 86
81 747 891
82 487 56
83 426 739
84 396 939
85 725 330
86 336 376
87 249 557
88 651 349
89 22 746
DEMAND_SECTION
1 0
2 1
3 6
4 10
5 5
6 7
7 8
8 10
9 8
10 8
11 1
12 2
13 9
14 4
15 8
16 1
17 7
18 6
19 7
20 4
21 2
22 1
23 2
24 2
25 1
26 7
27 1
28 7
29 2
30 1
31 6
32 1
33 9
34 8
35 6
36 1
37 4
38 2
39 10
40 7
41 2
42 5
43 6
44 8
45 1
46 2
47 1
48 5
49 8
50 8
51 10
52 9
53 9
54 8
55 1
56 9
57 2
58 9
59 10
60 2
61 10
62 7
63 5
64 10
65 10
66 8
67 4
68 8
69 10
70 3
71 4
72 10
73 3
74 7
75 2
76 2
77 3
78 6
79 1
80 2
81 9
82 2
83 6
84 9
85 5
86 1
87 5
88 4
89 7
DEPOT_SECTION
 1
 -1
 EOF 