NAME: I21110-n77-k7
COMMENT : (Fake et al, No of trucks: 7, Optimal value: )
TYPE : CVRP
DIMENSION : 77
EDGE_WEIGHT_TYPE : EUC_2D
CAPACITY : 59
NODE_COORD_SECTION
1 716 997
2 652 991
3 611 953
4 464 575
5 275 78
6 698 904
7 273 50
8 12 519
9 84 367
10 557 376
11 200 2
12 531 503
13 181 299
14 808 860
15 66 86
16 993 238
17 227 837
18 439 49
19 705 415
20 455 708
21 100 205
22 507 891
23 69 125
24 223 444
25 50 591
26 278 318
27 821 719
28 752 785
29 176 922
30 253 745
31 914 530
32 544 560
33 829 38
34 668 787
35 756 719
36 795 895
37 884 586
38 454 303
39 286 277
40 582 947
41 517 440
42 882 433
43 828 640
44 227 12
45 516 694
46 659 280
47 310 699
48 830 177
49 331 360
50 973 738
51 606 248
52 489 697
53 971 746
54 810 223
55 751 861
56 930 555
57 481 866
58 504 216
59 927 514
60 885 759
61 188 222
62 763 737
63 203 923
64 589 617
65 475 689
66 693 191
67 948 293
68 952 26
69 238 678
70 675 210
71 260 745
72 174 974
73 747 35
74 116 284
75 351 605
76 700 74
77 496 127
DEMAND_SECTION
1 0
2 9
3 2
4 1
5 1
6 1
7 2
8 7
9 7
10 5
11 1
12 6
13 8
14 3
15 4
16 4
17 9
18 1
19 2
20 1
21 1
22 4
23 1
24 6
25 3
26 9
27 6
28 5
29 8
30 9
31 9
32 3
33 5
34 8
35 1
36 3
37 8
38 6
39 8
40 4
41 9
42 1
43 1
44 2
45 2
46 7
47 5
48 3
49 4
50 1
51 3
52 3
53 8
54 5
55 3
56 7
57 9
58 1
59 6
60 4
61 9
62 3
63 6
64 6
65 9
66 2
67 4
68 1
69 9
70 6
71 2
72 4
73 9
74 5
75 4
76 1
77 7
DEPOT_SECTION
 1
 -1
 EOF 