NAME: I2124-n48-k5
COMMENT : (Fake et al, No of trucks: 5, Optimal value: )
TYPE : CVRP
DIMENSION : 48
EDGE_WEIGHT_TYPE : EUC_2D
CAPACITY : 26
NODE_COORD_SECTION
1 409 827
2 924 638
3 1000 909
4 936 255
5 302 74
6 58 414
7 234 533
8 816 731
9 319 838
10 900 84
11 379 477
12 388 969
13 784 939
14 781 270
15 213 110
16 873 531
17 602 145
18 349 637
19 761 525
20 762 107
21 284 95
22 555 793
23 935 487
24 787 462
25 208 316
26 178 94
27 152 140
28 515 155
29 211 927
30 914 541
31 859 293
32 697 536
33 378 327
34 353 285
35 825 51
36 711 324
37 115 113
38 25 977
39 805 328
40 297 588
41 567 261
42 9 715
43 56 690
44 152 860
45 45 299
46 28 916
47 728 155
48 621 704
DEMAND_SECTION
1 0
2 4
3 3
4 3
5 2
6 1
7 4
8 3
9 3
10 3
11 4
12 2
13 4
14 3
15 2
16 1
17 4
18 2
19 3
20 4
21 2
22 1
23 2
24 2
25 3
26 1
27 4
28 2
29 3
30 2
31 3
32 4
33 4
34 1
35 2
36 4
37 2
38 2
39 3
40 4
41 2
42 3
43 2
44 1
45 1
46 1
47 1
48 1
DEPOT_SECTION
 1
 -1
 EOF 