NAME: I21299-n73-k6
COMMENT : (Fake et al, No of trucks: 6, Optimal value: )
TYPE : CVRP
DIMENSION : 73
EDGE_WEIGHT_TYPE : EUC_2D
CAPACITY : 70
NODE_COORD_SECTION
1 431 997
2 155 533
3 271 567
4 530 248
5 16 169
6 627 745
7 151 495
8 37 382
9 769 346
10 267 843
11 876 495
12 36 250
13 472 99
14 613 926
15 990 917
16 207 969
17 636 292
18 8 910
19 652 973
20 111 686
21 303 852
22 397 983
23 148 293
24 559 879
25 958 19
26 861 868
27 859 459
28 638 271
29 841 364
30 959 954
31 961 847
32 841 712
33 804 214
34 1000 13
35 811 797
36 636 553
37 676 821
38 690 947
39 122 735
40 161 124
41 241 516
42 300 204
43 722 217
44 442 461
45 85 164
46 236 814
47 613 880
48 659 671
49 236 727
50 831 267
51 250 677
52 951 282
53 786 944
54 651 37
55 676 140
56 828 291
57 799 226
58 677 610
59 526 681
60 485 323
61 519 386
62 659 422
63 302 607
64 268 795
65 404 857
66 569 916
67 805 670
68 532 377
69 292 356
70 956 53
71 722 166
72 95 381
73 752 762
DEMAND_SECTION
1 0
2 6
3 7
4 8
5 4
6 1
7 7
8 1
9 3
10 7
11 8
12 4
13 4
14 4
15 5
16 6
17 2
18 5
19 8
20 1
21 3
22 8
23 2
24 2
25 8
26 2
27 5
28 1
29 6
30 1
31 1
32 7
33 7
34 4
35 3
36 3
37 3
38 4
39 8
40 4
41 8
42 2
43 6
44 4
45 5
46 3
47 8
48 3
49 6
50 1
51 7
52 8
53 5
54 2
55 6
56 4
57 4
58 1
59 8
60 8
61 6
62 7
63 8
64 7
65 4
66 6
67 2
68 6
69 8
70 7
71 6
72 3
73 4
DEPOT_SECTION
 1
 -1
 EOF 