NAME: I21230-n78-k8
COMMENT : (Fake et al, No of trucks: 8, Optimal value: )
TYPE : CVRP
DIMENSION : 78
EDGE_WEIGHT_TYPE : EUC_2D
CAPACITY : 23
NODE_COORD_SECTION
1 854 552
2 128 474
3 644 665
4 84 682
5 759 353
6 497 126
7 294 685
8 983 633
9 583 358
10 618 621
11 316 817
12 754 807
13 91 98
14 245 205
15 105 217
16 652 263
17 925 41
18 711 176
19 385 283
20 209 447
21 46 746
22 572 3
23 240 168
24 573 646
25 550 480
26 992 407
27 373 472
28 163 362
29 563 845
30 105 773
31 762 389
32 972 514
33 355 956
34 652 17
35 559 260
36 786 47
37 61 232
38 536 665
39 734 118
40 511 489
41 254 179
42 470 78
43 71 500
44 966 532
45 514 191
46 819 221
47 927 35
48 390 121
49 3 149
50 728 629
51 10 68
52 630 767
53 389 867
54 886 869
55 724 779
56 265 211
57 456 330
58 88 970
59 538 776
60 397 72
61 223 640
62 69 144
63 107 376
64 913 467
65 428 943
66 494 399
67 3 106
68 73 487
69 650 263
70 121 138
71 501 900
72 418 576
73 716 219
74 835 185
75 550 994
76 14 667
77 338 550
78 757 241
DEMAND_SECTION
1 0
2 2
3 3
4 2
5 1
6 1
7 2
8 1
9 1
10 1
11 3
12 3
13 2
14 2
15 1
16 3
17 2
18 2
19 2
20 2
21 1
22 3
23 1
24 3
25 2
26 3
27 3
28 2
29 1
30 2
31 1
32 3
33 1
34 1
35 2
36 2
37 2
38 2
39 3
40 2
41 1
42 3
43 2
44 1
45 2
46 3
47 1
48 1
49 2
50 2
51 3
52 1
53 2
54 1
55 3
56 3
57 2
58 1
59 3
60 1
61 1
62 2
63 1
64 2
65 3
66 1
67 2
68 3
69 3
70 2
71 1
72 2
73 2
74 1
75 2
76 2
77 3
78 2
DEPOT_SECTION
 1
 -1
 EOF 