NAME: I21252-n94-k6
COMMENT : (Fake et al, No of trucks: 6, Optimal value: )
TYPE : CVRP
DIMENSION : 94
EDGE_WEIGHT_TYPE : EUC_2D
CAPACITY : 28
NODE_COORD_SECTION
1 792 965
2 720 544
3 353 888
4 937 830
5 488 795
6 894 334
7 838 766
8 607 787
9 784 471
10 411 724
11 724 172
12 837 199
13 882 787
14 466 617
15 790 565
16 792 582
17 264 309
18 108 532
19 863 962
20 900 643
21 87 859
22 224 914
23 140 642
24 258 962
25 881 321
26 351 881
27 425 294
28 661 521
29 730 172
30 95 135
31 11 373
32 7 839
33 308 356
34 370 826
35 246 216
36 361 80
37 856 206
38 587 734
39 697 574
40 259 891
41 131 434
42 321 378
43 905 816
44 135 106
45 653 962
46 531 34
47 277 885
48 888 853
49 591 998
50 668 166
51 707 33
52 155 661
53 716 880
54 907 19
55 260 275
56 222 796
57 656 367
58 315 677
59 184 659
60 163 848
61 338 724
62 620 412
63 775 377
64 597 6
65 28 548
66 764 346
67 614 401
68 473 510
69 837 642
70 221 247
71 348 695
72 420 974
73 660 185
74 615 741
75 999 741
76 507 738
77 186 387
78 76 705
79 315 723
80 577 280
81 423 883
82 680 228
83 1000 25
84 212 66
85 49 367
86 137 422
87 801 387
88 90 749
89 597 488
90 462 255
91 335 955
92 143 153
93 743 861
94 313 262
DEMAND_SECTION
1 0
2 1
3 1
4 2
5 1
6 1
7 2
8 1
9 1
10 2
11 2
12 1
13 2
14 2
15 2
16 2
17 2
18 2
19 2
20 1
21 2
22 2
23 1
24 2
25 1
26 1
27 2
28 1
29 2
30 2
31 1
32 1
33 1
34 2
35 1
36 2
37 2
38 2
39 1
40 2
41 2
42 2
43 1
44 1
45 1
46 2
47 2
48 1
49 2
50 2
51 1
52 2
53 2
54 1
55 1
56 1
57 1
58 2
59 2
60 2
61 2
62 1
63 2
64 1
65 2
66 2
67 2
68 2
69 2
70 2
71 2
72 2
73 2
74 2
75 2
76 2
77 2
78 2
79 2
80 2
81 1
82 1
83 1
84 1
85 2
86 1
87 1
88 2
89 1
90 2
91 1
92 2
93 2
94 2
DEPOT_SECTION
 1
 -1
 EOF 