NAME: I21296-n92-k7
COMMENT : (Fake et al, No of trucks: 7, Optimal value: )
TYPE : CVRP
DIMENSION : 92
EDGE_WEIGHT_TYPE : EUC_2D
CAPACITY : 58
NODE_COORD_SECTION
1 601 96
2 881 353
3 563 727
4 169 605
5 661 508
6 938 330
7 304 712
8 201 163
9 823 761
10 800 971
11 35 811
12 877 113
13 479 185
14 553 420
15 189 375
16 823 464
17 605 328
18 524 22
19 701 312
20 972 657
21 623 655
22 65 958
23 132 195
24 694 215
25 653 767
26 969 243
27 298 329
28 918 557
29 850 325
30 902 700
31 279 821
32 948 453
33 628 639
34 64 614
35 266 234
36 735 671
37 49 869
38 156 594
39 673 268
40 700 62
41 111 570
42 457 93
43 392 839
44 321 126
45 775 742
46 960 338
47 299 163
48 350 249
49 920 228
50 739 320
51 868 206
52 594 926
53 774 173
54 567 525
55 965 798
56 953 724
57 978 214
58 10 523
59 272 740
60 529 178
61 926 321
62 990 681
63 785 530
64 723 286
65 648 617
66 800 310
67 652 433
68 809 748
69 649 706
70 969 337
71 315 466
72 861 747
73 968 935
74 254 969
75 962 297
76 706 401
77 388 882
78 191 93
79 396 591
80 189 629
81 557 420
82 867 784
83 149 593
84 241 80
85 451 590
86 943 676
87 583 467
88 913 536
89 501 358
90 985 600
91 577 0
92 33 392
DEMAND_SECTION
1 0
2 2
3 7
4 2
5 5
6 2
7 3
8 7
9 5
10 4
11 2
12 1
13 5
14 3
15 2
16 5
17 6
18 6
19 6
20 2
21 7
22 3
23 6
24 5
25 6
26 4
27 3
28 3
29 7
30 2
31 3
32 5
33 4
34 2
35 1
36 5
37 3
38 4
39 5
40 6
41 4
42 6
43 2
44 1
45 1
46 4
47 5
48 4
49 3
50 7
51 2
52 1
53 6
54 5
55 4
56 1
57 1
58 3
59 5
60 6
61 2
62 3
63 2
64 1
65 6
66 2
67 5
68 3
69 1
70 2
71 2
72 4
73 1
74 6
75 3
76 6
77 6
78 4
79 2
80 5
81 1
82 3
83 6
84 3
85 2
86 7
87 5
88 6
89 1
90 3
91 6
92 6
DEPOT_SECTION
 1
 -1
 EOF 