NAME: I21221-n99-k6
COMMENT : (Fake et al, No of trucks: 6, Optimal value: )
TYPE : CVRP
DIMENSION : 99
EDGE_WEIGHT_TYPE : EUC_2D
CAPACITY : 69
NODE_COORD_SECTION
1 442 316
2 776 793
3 65 996
4 480 39
5 173 281
6 80 490
7 794 888
8 217 607
9 837 918
10 856 281
11 280 496
12 283 140
13 922 343
14 408 348
15 546 888
16 68 100
17 193 277
18 923 973
19 603 540
20 952 636
21 526 663
22 70 604
23 148 520
24 667 992
25 268 801
26 748 690
27 697 3
28 969 654
29 801 132
30 846 510
31 394 946
32 799 372
33 124 800
34 747 78
35 691 254
36 500 547
37 826 608
38 180 585
39 714 485
40 261 514
41 634 986
42 947 79
43 380 74
44 545 367
45 188 922
46 129 780
47 551 212
48 319 635
49 721 881
50 91 875
51 184 80
52 352 580
53 675 346
54 2 981
55 994 63
56 653 486
57 413 936
58 221 618
59 687 598
60 568 712
61 999 404
62 570 22
63 220 40
64 588 565
65 405 704
66 747 833
67 618 218
68 181 712
69 602 352
70 242 36
71 515 666
72 373 971
73 210 910
74 32 30
75 465 152
76 831 255
77 643 882
78 269 355
79 739 817
80 280 721
81 3 404
82 81 588
83 856 969
84 429 216
85 933 62
86 805 244
87 975 290
88 945 386
89 539 553
90 510 945
91 744 696
92 874 638
93 662 367
94 292 853
95 685 83
96 725 699
97 200 535
98 729 121
99 738 4
DEMAND_SECTION
1 0
2 2
3 1
4 4
5 5
6 5
7 4
8 6
9 1
10 6
11 1
12 5
13 2
14 1
15 4
16 6
17 6
18 5
19 5
20 2
21 3
22 2
23 4
24 3
25 6
26 6
27 2
28 2
29 1
30 3
31 4
32 5
33 4
34 6
35 1
36 6
37 6
38 4
39 5
40 5
41 5
42 6
43 5
44 2
45 5
46 3
47 2
48 6
49 1
50 4
51 3
52 3
53 3
54 6
55 2
56 5
57 2
58 3
59 3
60 5
61 3
62 2
63 5
64 2
65 1
66 1
67 6
68 5
69 5
70 1
71 1
72 1
73 1
74 5
75 4
76 5
77 1
78 3
79 3
80 2
81 1
82 5
83 6
84 1
85 1
86 5
87 2
88 4
89 3
90 5
91 2
92 3
93 3
94 6
95 5
96 4
97 6
98 4
99 4
DEPOT_SECTION
 1
 -1
 EOF 