NAME: I21385-n89-k10
COMMENT : (Fake et al, No of trucks: 10, Optimal value: )
TYPE : CVRP
DIMENSION : 89
EDGE_WEIGHT_TYPE : EUC_2D
CAPACITY : 36
NODE_COORD_SECTION
1 140 744
2 209 420
3 176 71
4 573 563
5 873 513
6 796 335
7 570 704
8 624 809
9 116 758
10 469 619
11 417 322
12 814 530
13 87 327
14 995 989
15 258 175
16 44 271
17 828 272
18 125 471
19 369 389
20 248 628
21 484 282
22 251 710
23 384 934
24 540 274
25 703 407
26 901 865
27 569 18
28 341 165
29 321 430
30 208 994
31 287 884
32 783 209
33 486 938
34 887 801
35 173 802
36 856 859
37 989 514
38 972 149
39 171 303
40 951 4
41 152 768
42 413 668
43 456 337
44 316 0
45 209 120
46 716 331
47 372 661
48 475 109
49 241 573
50 558 181
51 895 705
52 282 856
53 351 12
54 368 531
55 492 24
56 106 701
57 468 142
58 533 999
59 384 626
60 322 332
61 615 862
62 749 241
63 775 36
64 800 68
65 272 530
66 378 322
67 729 430
68 267 405
69 77 930
70 389 756
71 466 850
72 684 136
73 556 97
74 754 789
75 447 175
76 514 657
77 775 343
78 400 925
79 430 523
80 130 471
81 94 555
82 604 559
83 628 842
84 859 446
85 685 806
86 578 633
87 124 775
88 928 32
89 687 450
DEMAND_SECTION
1 0
2 4
3 6
4 1
5 6
6 2
7 3
8 2
9 1
10 5
11 5
12 1
13 3
14 3
15 4
16 1
17 5
18 6
19 2
20 6
21 6
22 5
23 3
24 1
25 6
26 5
27 6
28 1
29 5
30 5
31 5
32 6
33 1
34 2
35 1
36 6
37 3
38 3
39 2
40 1
41 4
42 5
43 5
44 4
45 5
46 1
47 6
48 4
49 1
50 3
51 3
52 3
53 5
54 6
55 1
56 1
57 4
58 6
59 5
60 6
61 4
62 6
63 5
64 2
65 2
66 3
67 3
68 2
69 1
70 1
71 1
72 6
73 2
74 3
75 2
76 3
77 6
78 4
79 1
80 3
81 3
82 2
83 5
84 6
85 4
86 5
87 2
88 1
89 2
DEPOT_SECTION
 1
 -1
 EOF 