NAME: I21301-n87-k6
COMMENT : (Fake et al, No of trucks: 6, Optimal value: )
TYPE : CVRP
DIMENSION : 87
EDGE_WEIGHT_TYPE : EUC_2D
CAPACITY : 35
NODE_COORD_SECTION
1 682 871
2 491 430
3 673 387
4 423 770
5 969 713
6 285 266
7 577 532
8 483 395
9 509 988
10 703 607
11 898 118
12 165 618
13 289 994
14 159 653
15 955 543
16 430 52
17 693 1000
18 980 920
19 698 649
20 247 994
21 50 404
22 11 609
23 283 560
24 288 670
25 47 49
26 113 593
27 205 926
28 301 106
29 865 956
30 753 36
31 72 618
32 990 365
33 714 20
34 783 963
35 317 636
36 997 949
37 898 82
38 207 262
39 640 599
40 522 745
41 894 793
42 136 238
43 162 668
44 944 148
45 183 145
46 303 182
47 457 939
48 865 808
49 689 457
50 746 826
51 126 296
52 849 134
53 757 94
54 618 333
55 55 759
56 404 686
57 842 186
58 220 682
59 549 152
60 165 959
61 743 399
62 242 446
63 279 645
64 609 748
65 802 947
66 114 376
67 745 692
68 221 827
69 495 985
70 323 578
71 887 685
72 677 639
73 905 920
74 228 238
75 30 908
76 798 211
77 472 433
78 539 255
79 384 585
80 211 622
81 51 307
82 790 997
83 240 660
84 433 129
85 529 239
86 334 284
87 683 328
DEMAND_SECTION
1 0
2 2
3 2
4 1
5 3
6 1
7 3
8 3
9 3
10 1
11 2
12 3
13 3
14 2
15 3
16 3
17 2
18 2
19 1
20 3
21 1
22 3
23 1
24 3
25 1
26 2
27 1
28 1
29 3
30 1
31 1
32 2
33 3
34 3
35 2
36 3
37 2
38 1
39 1
40 1
41 2
42 2
43 3
44 2
45 1
46 1
47 3
48 1
49 2
50 2
51 3
52 1
53 3
54 3
55 3
56 2
57 3
58 2
59 3
60 2
61 3
62 1
63 3
64 3
65 1
66 2
67 2
68 3
69 3
70 2
71 1
72 2
73 1
74 2
75 3
76 1
77 2
78 3
79 2
80 3
81 2
82 3
83 2
84 3
85 3
86 1
87 1
DEPOT_SECTION
 1
 -1
 EOF 