NAME: I21401-n77-k9
COMMENT : (Fake et al, No of trucks: 9, Optimal value: )
TYPE : CVRP
DIMENSION : 77
EDGE_WEIGHT_TYPE : EUC_2D
CAPACITY : 63
NODE_COORD_SECTION
1 892 218
2 517 905
3 354 707
4 653 675
5 788 941
6 155 191
7 417 555
8 162 582
9 841 421
10 14 151
11 191 589
12 608 55
13 630 655
14 300 293
15 1000 99
16 341 270
17 174 981
18 172 284
19 798 775
20 276 737
21 612 553
22 464 616
23 981 18
24 274 223
25 538 972
26 123 263
27 402 977
28 634 965
29 345 442
30 175 149
31 600 878
32 190 648
33 712 400
34 649 434
35 79 468
36 305 63
37 672 836
38 690 669
39 67 885
40 939 410
41 362 767
42 378 490
43 546 510
44 867 693
45 606 405
46 343 120
47 106 724
48 899 889
49 459 951
50 887 76
51 226 957
52 559 3
53 253 374
54 83 915
55 290 847
56 562 61
57 591 246
58 233 541
59 854 708
60 368 201
61 243 65
62 8 634
63 510 504
64 674 235
65 672 774
66 518 778
67 69 213
68 139 275
69 402 126
70 135 665
71 55 121
72 934 296
73 130 898
74 45 445
75 316 204
76 103 618
77 645 851
DEMAND_SECTION
1 0
2 8
3 5
4 6
5 9
6 4
7 4
8 10
9 5
10 5
11 4
12 6
13 5
14 11
15 11
16 4
17 10
18 4
19 11
20 9
21 10
22 6
23 10
24 1
25 2
26 6
27 6
28 1
29 8
30 3
31 1
32 7
33 8
34 6
35 9
36 6
37 11
38 10
39 7
40 8
41 10
42 4
43 5
44 11
45 11
46 5
47 10
48 11
49 2
50 1
51 8
52 4
53 8
54 7
55 5
56 4
57 3
58 1
59 1
60 7
61 10
62 10
63 7
64 9
65 2
66 8
67 8
68 4
69 8
70 10
71 4
72 8
73 6
74 11
75 5
76 10
77 9
DEPOT_SECTION
 1
 -1
 EOF 