NAME: I21418-n99-k9
COMMENT : (Fake et al, No of trucks: 9, Optimal value: )
TYPE : CVRP
DIMENSION : 99
EDGE_WEIGHT_TYPE : EUC_2D
CAPACITY : 69
NODE_COORD_SECTION
1 114 912
2 648 532
3 2 382
4 985 346
5 922 695
6 564 400
7 781 132
8 17 37
9 18 878
10 240 684
11 692 506
12 265 934
13 678 70
14 55 932
15 0 128
16 970 426
17 169 504
18 595 732
19 506 243
20 331 230
21 724 826
22 644 8
23 869 705
24 272 489
25 496 595
26 405 837
27 810 199
28 756 112
29 716 559
30 886 663
31 611 736
32 561 37
33 989 107
34 172 26
35 563 733
36 800 923
37 381 10
38 606 843
39 398 422
40 347 458
41 611 423
42 880 364
43 334 854
44 719 473
45 175 183
46 423 504
47 516 970
48 612 919
49 216 949
50 798 30
51 663 917
52 367 32
53 422 507
54 55 834
55 801 617
56 836 482
57 972 642
58 328 661
59 334 7
60 957 542
61 852 961
62 590 38
63 76 693
64 417 333
65 544 897
66 152 798
67 482 254
68 302 897
69 786 246
70 709 131
71 904 743
72 674 867
73 31 262
74 493 316
75 752 500
76 2 896
77 653 285
78 41 61
79 650 924
80 606 257
81 699 198
82 876 510
83 41 526
84 897 707
85 902 74
86 653 948
87 608 196
88 154 658
89 237 145
90 852 699
91 494 326
92 71 374
93 757 790
94 619 292
95 319 374
96 353 850
97 254 899
98 11 627
99 122 823
DEMAND_SECTION
1 0
2 8
3 9
4 2
5 4
6 7
7 3
8 1
9 7
10 5
11 5
12 2
13 2
14 3
15 9
16 8
17 8
18 5
19 9
20 4
21 6
22 10
23 2
24 5
25 3
26 5
27 6
28 9
29 5
30 8
31 3
32 9
33 7
34 2
35 8
36 6
37 3
38 1
39 8
40 9
41 9
42 1
43 10
44 2
45 10
46 10
47 2
48 5
49 2
50 5
51 10
52 4
53 5
54 5
55 3
56 5
57 2
58 3
59 5
60 1
61 3
62 2
63 7
64 8
65 1
66 9
67 8
68 6
69 8
70 2
71 7
72 9
73 3
74 8
75 9
76 3
77 10
78 10
79 2
80 8
81 3
82 1
83 4
84 7
85 1
86 6
87 1
88 6
89 3
90 2
91 8
92 5
93 1
94 7
95 3
96 4
97 3
98 10
99 1
DEPOT_SECTION
 1
 -1
 EOF 