NAME: I21447-n80-k7
COMMENT : (Fake et al, No of trucks: 7, Optimal value: )
TYPE : CVRP
DIMENSION : 80
EDGE_WEIGHT_TYPE : EUC_2D
CAPACITY : 75
NODE_COORD_SECTION
1 584 980
2 840 881
3 412 558
4 598 457
5 719 225
6 890 938
7 386 568
8 526 143
9 602 811
10 423 404
11 811 605
12 502 726
13 272 835
14 317 738
15 254 897
16 822 59
17 733 821
18 293 962
19 851 822
20 541 546
21 56 641
22 764 1000
23 691 351
24 277 131
25 952 559
26 228 772
27 775 971
28 827 448
29 523 522
30 740 67
31 349 949
32 944 693
33 821 181
34 492 310
35 408 698
36 8 33
37 682 219
38 792 137
39 198 166
40 115 205
41 236 793
42 861 707
43 741 849
44 272 452
45 198 709
46 592 323
47 219 691
48 590 97
49 625 472
50 745 840
51 660 556
52 363 745
53 973 711
54 421 303
55 545 680
56 237 946
57 272 411
58 600 887
59 980 90
60 528 781
61 106 730
62 573 959
63 65 499
64 461 840
65 934 136
66 338 775
67 439 803
68 908 709
69 631 2
70 143 765
71 974 410
72 789 482
73 211 411
74 405 27
75 735 748
76 896 673
77 872 599
78 415 486
79 458 912
80 304 985
DEMAND_SECTION
1 0
2 7
3 7
4 11
5 6
6 9
7 6
8 3
9 4
10 2
11 2
12 6
13 8
14 3
15 1
16 9
17 7
18 3
19 11
20 7
21 1
22 1
23 10
24 5
25 11
26 8
27 7
28 10
29 11
30 11
31 5
32 4
33 4
34 9
35 7
36 1
37 2
38 11
39 2
40 7
41 3
42 10
43 4
44 6
45 10
46 10
47 10
48 2
49 11
50 2
51 7
52 2
53 10
54 3
55 5
56 7
57 10
58 3
59 7
60 10
61 6
62 8
63 1
64 6
65 7
66 6
67 8
68 1
69 6
70 5
71 7
72 2
73 4
74 8
75 9
76 1
77 4
78 4
79 7
80 10
DEPOT_SECTION
 1
 -1
 EOF 