NAME: I21551-n80-k6
COMMENT : (Fake et al, No of trucks: 6, Optimal value: )
TYPE : CVRP
DIMENSION : 80
EDGE_WEIGHT_TYPE : EUC_2D
CAPACITY : 34
NODE_COORD_SECTION
1 677 605
2 931 458
3 911 647
4 636 580
5 890 996
6 44 91
7 533 372
8 146 270
9 332 228
10 557 291
11 753 475
12 291 826
13 679 350
14 355 847
15 622 831
16 179 700
17 457 949
18 595 891
19 277 887
20 840 414
21 935 255
22 460 476
23 134 231
24 877 295
25 54 301
26 212 768
27 491 247
28 310 555
29 694 391
30 244 225
31 615 61
32 224 857
33 796 185
34 908 394
35 539 456
36 984 891
37 718 444
38 72 158
39 251 818
40 126 198
41 416 107
42 749 899
43 643 727
44 45 766
45 485 717
46 265 436
47 775 248
48 199 675
49 129 618
50 235 377
51 629 388
52 378 19
53 621 403
54 698 675
55 962 909
56 758 451
57 546 358
58 601 84
59 339 523
60 197 740
61 466 730
62 881 458
63 41 947
64 651 790
65 948 292
66 594 802
67 740 466
68 475 3
69 893 109
70 824 820
71 576 921
72 261 737
73 380 242
74 97 63
75 757 738
76 932 660
77 347 346
78 809 487
79 272 196
80 835 17
DEMAND_SECTION
1 0
2 3
3 3
4 2
5 3
6 1
7 3
8 3
9 2
10 3
11 2
12 3
13 2
14 3
15 1
16 1
17 2
18 1
19 1
20 1
21 3
22 3
23 2
24 2
25 2
26 1
27 1
28 3
29 3
30 2
31 3
32 2
33 2
34 3
35 2
36 3
37 1
38 1
39 1
40 3
41 2
42 1
43 3
44 3
45 1
46 2
47 2
48 3
49 3
50 2
51 1
52 3
53 3
54 3
55 1
56 1
57 3
58 3
59 3
60 2
61 1
62 3
63 1
64 1
65 2
66 2
67 2
68 3
69 3
70 1
71 1
72 3
73 1
74 2
75 1
76 3
77 1
78 2
79 3
80 3
DEPOT_SECTION
 1
 -1
 EOF 