NAME: I21523-n83-k9
COMMENT : (Fake et al, No of trucks: 9, Optimal value: )
TYPE : CVRP
DIMENSION : 83
EDGE_WEIGHT_TYPE : EUC_2D
CAPACITY : 28
NODE_COORD_SECTION
1 833 170
2 354 307
3 907 542
4 631 312
5 679 567
6 60 979
7 430 783
8 942 748
9 488 330
10 247 112
11 642 973
12 194 902
13 668 746
14 318 547
15 888 426
16 33 357
17 926 436
18 774 14
19 154 516
20 716 107
21 189 854
22 896 117
23 419 459
24 449 646
25 549 5
26 104 701
27 499 701
28 40 141
29 666 239
30 151 340
31 870 495
32 406 662
33 6 863
34 144 614
35 205 198
36 519 859
37 264 445
38 651 852
39 648 976
40 711 706
41 265 83
42 618 701
43 736 912
44 836 447
45 234 650
46 187 468
47 710 168
48 30 345
49 140 287
50 652 730
51 340 536
52 58 681
53 997 657
54 590 134
55 44 456
56 48 535
57 102 830
58 552 725
59 586 704
60 8 584
61 953 17
62 273 480
63 534 936
64 329 129
65 837 491
66 762 131
67 877 115
68 858 876
69 287 782
70 92 368
71 537 198
72 14 211
73 457 277
74 629 520
75 89 843
76 258 932
77 424 522
78 577 601
79 410 934
80 916 84
81 889 594
82 102 513
83 347 897
DEMAND_SECTION
1 0
2 2
3 2
4 2
5 3
6 2
7 3
8 2
9 3
10 1
11 1
12 1
13 3
14 4
15 4
16 3
17 3
18 2
19 1
20 4
21 4
22 2
23 3
24 3
25 4
26 1
27 2
28 4
29 4
30 4
31 1
32 3
33 3
34 4
35 2
36 2
37 4
38 2
39 4
40 4
41 4
42 3
43 3
44 2
45 2
46 4
47 1
48 1
49 3
50 3
51 3
52 3
53 3
54 3
55 2
56 4
57 4
58 3
59 2
60 4
61 1
62 1
63 4
64 2
65 3
66 1
67 2
68 3
69 1
70 3
71 4
72 4
73 3
74 2
75 4
76 3
77 4
78 4
79 1
80 2
81 4
82 4
83 2
DEPOT_SECTION
 1
 -1
 EOF 