NAME: I21663-n74-k9
COMMENT : (Fake et al, No of trucks: 9, Optimal value: )
TYPE : CVRP
DIMENSION : 74
EDGE_WEIGHT_TYPE : EUC_2D
CAPACITY : 20
NODE_COORD_SECTION
1 29 841
2 945 180
3 695 290
4 517 737
5 699 259
6 439 223
7 208 308
8 37 235
9 69 592
10 323 403
11 865 255
12 923 993
13 145 269
14 377 371
15 216 394
16 57 633
17 168 284
18 409 61
19 78 618
20 274 979
21 807 556
22 94 292
23 489 490
24 606 424
25 641 831
26 603 772
27 387 240
28 136 145
29 374 530
30 697 870
31 232 405
32 79 797
33 190 191
34 738 105
35 394 208
36 287 952
37 474 810
38 649 673
39 638 192
40 596 404
41 456 412
42 549 156
43 815 4
44 913 877
45 10 30
46 781 615
47 166 526
48 429 998
49 802 775
50 141 999
51 407 669
52 153 848
53 268 949
54 584 805
55 403 439
56 657 49
57 390 802
58 278 646
59 729 913
60 578 200
61 785 188
62 675 54
63 158 942
64 957 185
65 225 517
66 748 272
67 863 219
68 365 330
69 10 680
70 251 911
71 749 246
72 118 737
73 739 979
74 724 777
DEMAND_SECTION
1 0
2 2
3 2
4 3
5 1
6 1
7 2
8 2
9 2
10 3
11 1
12 3
13 2
14 1
15 3
16 2
17 2
18 1
19 1
20 2
21 3
22 2
23 1
24 3
25 1
26 3
27 2
28 1
29 3
30 2
31 3
32 2
33 3
34 1
35 3
36 2
37 1
38 2
39 1
40 3
41 2
42 2
43 1
44 1
45 2
46 1
47 3
48 2
49 3
50 3
51 2
52 2
53 2
54 2
55 1
56 3
57 2
58 3
59 1
60 1
61 3
62 1
63 2
64 2
65 2
66 2
67 1
68 2
69 1
70 1
71 1
72 3
73 3
74 3
DEPOT_SECTION
 1
 -1
 EOF 