NAME: I21668-n94-k9
COMMENT : (Fake et al, No of trucks: 9, Optimal value: )
TYPE : CVRP
DIMENSION : 94
EDGE_WEIGHT_TYPE : EUC_2D
CAPACITY : 50
NODE_COORD_SECTION
1 320 442
2 674 338
3 812 828
4 154 596
5 238 779
6 199 39
7 891 789
8 56 378
9 375 422
10 255 412
11 782 710
12 615 897
13 724 140
14 363 220
15 918 282
16 67 342
17 39 545
18 697 16
19 968 1000
20 233 214
21 60 450
22 648 633
23 287 841
24 95 488
25 407 625
26 582 690
27 903 359
28 719 802
29 214 387
30 503 713
31 924 871
32 52 17
33 325 755
34 271 974
35 857 29
36 354 902
37 888 393
38 670 546
39 666 799
40 789 676
41 789 362
42 721 296
43 51 187
44 899 441
45 214 393
46 982 430
47 203 344
48 28 709
49 608 589
50 0 345
51 760 595
52 268 779
53 308 420
54 901 821
55 382 919
56 655 880
57 711 519
58 183 716
59 473 558
60 691 404
61 185 825
62 639 11
63 790 125
64 659 741
65 804 441
66 694 797
67 298 570
68 989 607
69 74 715
70 276 15
71 430 704
72 466 82
73 988 834
74 691 164
75 502 974
76 318 690
77 435 36
78 105 726
79 2 603
80 73 291
81 519 379
82 633 789
83 195 535
84 506 891
85 5 291
86 608 681
87 731 959
88 555 329
89 536 358
90 809 32
91 251 513
92 327 196
93 150 759
94 114 482
DEMAND_SECTION
1 0
2 8
3 1
4 5
5 5
6 4
7 3
8 6
9 4
10 8
11 5
12 3
13 4
14 3
15 5
16 4
17 3
18 8
19 1
20 8
21 3
22 4
23 4
24 4
25 6
26 7
27 5
28 6
29 8
30 8
31 7
32 3
33 3
34 5
35 3
36 2
37 7
38 5
39 7
40 3
41 5
42 2
43 7
44 5
45 6
46 5
47 6
48 8
49 1
50 1
51 2
52 1
53 3
54 6
55 6
56 7
57 4
58 6
59 4
60 2
61 3
62 1
63 1
64 8
65 1
66 2
67 4
68 3
69 5
70 2
71 5
72 3
73 5
74 5
75 8
76 8
77 5
78 4
79 3
80 3
81 3
82 1
83 2
84 8
85 1
86 4
87 1
88 2
89 3
90 5
91 4
92 6
93 3
94 1
DEPOT_SECTION
 1
 -1
 EOF 