NAME: I2165-n35-k3
COMMENT : (Fake et al, No of trucks: 3, Optimal value: )
TYPE : CVRP
DIMENSION : 35
EDGE_WEIGHT_TYPE : EUC_2D
CAPACITY : 19
NODE_COORD_SECTION
1 525 142
2 155 141
3 829 165
4 841 375
5 218 390
6 259 745
7 938 576
8 596 742
9 168 969
10 140 110
11 514 505
12 979 108
13 948 124
14 150 592
15 902 759
16 150 490
17 752 336
18 327 966
19 370 231
20 296 113
21 399 498
22 177 190
23 757 100
24 214 997
25 34 17
26 770 907
27 458 915
28 620 288
29 929 488
30 765 588
31 730 948
32 638 917
33 664 433
34 822 629
35 75 691
DEMAND_SECTION
1 0
2 1
3 1
4 2
5 2
6 1
7 1
8 1
9 2
10 1
11 2
12 2
13 2
14 1
15 2
16 1
17 1
18 2
19 2
20 1
21 2
22 2
23 1
24 1
25 1
26 2
27 1
28 2
29 1
30 1
31 2
32 1
33 1
34 1
35 2
DEPOT_SECTION
 1
 -1
 EOF 