NAME: I21697-n79-k6
COMMENT : (Fake et al, No of trucks: 6, Optimal value: )
TYPE : CVRP
DIMENSION : 79
EDGE_WEIGHT_TYPE : EUC_2D
CAPACITY : 69
NODE_COORD_SECTION
1 952 469
2 166 206
3 498 909
4 203 609
5 86 161
6 143 366
7 133 372
8 169 389
9 157 490
10 987 972
11 993 396
12 385 762
13 950 703
14 707 263
15 857 853
16 581 305
17 56 806
18 883 566
19 636 391
20 337 794
21 44 252
22 173 566
23 647 86
24 705 792
25 51 714
26 287 956
27 796 583
28 510 350
29 82 163
30 410 291
31 0 328
32 765 98
33 808 248
34 116 120
35 680 349
36 417 0
37 543 981
38 930 81
39 722 138
40 931 787
41 16 36
42 344 393
43 474 441
44 768 313
45 831 923
46 264 607
47 338 514
48 947 71
49 701 138
50 898 15
51 398 638
52 901 692
53 957 140
54 997 41
55 776 254
56 34 550
57 117 995
58 927 741
59 60 130
60 72 737
61 651 188
62 828 299
63 604 263
64 803 346
65 797 784
66 291 955
67 474 765
68 807 69
69 128 849
70 160 859
71 577 787
72 97 286
73 26 301
74 491 44
75 105 540
76 711 501
77 63 414
78 850 562
79 510 232
DEMAND_SECTION
1 0
2 4
3 2
4 3
5 1
6 8
7 4
8 5
9 4
10 1
11 7
12 9
13 3
14 7
15 3
16 7
17 5
18 6
19 4
20 8
21 3
22 9
23 4
24 7
25 1
26 2
27 5
28 2
29 3
30 2
31 6
32 8
33 3
34 9
35 4
36 2
37 3
38 5
39 5
40 5
41 6
42 4
43 9
44 7
45 9
46 7
47 4
48 4
49 4
50 3
51 3
52 1
53 3
54 8
55 8
56 1
57 1
58 8
59 3
60 3
61 8
62 7
63 4
64 1
65 1
66 9
67 4
68 5
69 5
70 6
71 9
72 4
73 5
74 5
75 8
76 8
77 1
78 2
79 6
DEPOT_SECTION
 1
 -1
 EOF 