NAME: I21612-n90-k9
COMMENT : (Fake et al, No of trucks: 9, Optimal value: )
TYPE : CVRP
DIMENSION : 90
EDGE_WEIGHT_TYPE : EUC_2D
CAPACITY : 41
NODE_COORD_SECTION
1 466 970
2 501 841
3 679 697
4 969 716
5 634 490
6 997 509
7 522 612
8 907 269
9 874 59
10 478 246
11 978 161
12 567 975
13 310 580
14 26 96
15 64 0
16 750 858
17 998 612
18 516 829
19 719 103
20 111 103
21 249 166
22 143 552
23 946 444
24 235 29
25 741 875
26 726 868
27 559 793
28 820 705
29 26 358
30 283 638
31 823 110
32 158 993
33 513 14
34 182 420
35 447 339
36 760 721
37 582 674
38 643 566
39 533 531
40 344 359
41 509 998
42 294 967
43 721 199
44 509 819
45 266 555
46 262 380
47 194 190
48 810 580
49 314 376
50 324 345
51 453 831
52 88 494
53 867 438
54 895 894
55 709 245
56 502 558
57 226 803
58 362 130
59 999 110
60 93 132
61 435 730
62 114 745
63 406 89
64 958 315
65 121 24
66 423 77
67 646 227
68 480 233
69 823 893
70 481 155
71 700 559
72 99 96
73 758 664
74 799 701
75 652 98
76 865 419
77 767 788
78 615 17
79 57 766
80 374 563
81 590 816
82 765 798
83 977 409
84 738 780
85 33 741
86 7 259
87 301 662
88 340 20
89 85 485
90 272 687
DEMAND_SECTION
1 0
2 2
3 5
4 2
5 5
6 5
7 4
8 1
9 5
10 3
11 5
12 2
13 3
14 5
15 4
16 4
17 5
18 6
19 1
20 5
21 5
22 4
23 4
24 2
25 2
26 5
27 1
28 5
29 4
30 5
31 2
32 4
33 3
34 3
35 5
36 2
37 4
38 2
39 3
40 5
41 6
42 5
43 5
44 5
45 3
46 5
47 1
48 5
49 6
50 6
51 5
52 6
53 2
54 3
55 3
56 6
57 5
58 3
59 2
60 1
61 2
62 2
63 1
64 6
65 5
66 4
67 4
68 1
69 1
70 6
71 2
72 2
73 3
74 1
75 5
76 6
77 4
78 1
79 2
80 1
81 1
82 6
83 2
84 6
85 5
86 4
87 5
88 1
89 3
90 3
DEPOT_SECTION
 1
 -1
 EOF 