NAME: I21769-n85-k9
COMMENT : (Fake et al, No of trucks: 9, Optimal value: )
TYPE : CVRP
DIMENSION : 85
EDGE_WEIGHT_TYPE : EUC_2D
CAPACITY : 50
NODE_COORD_SECTION
1 122 992
2 736 27
3 662 742
4 729 105
5 490 985
6 293 521
7 95 384
8 139 304
9 276 726
10 967 446
11 942 572
12 665 716
13 276 658
14 664 608
15 455 89
16 181 567
17 304 446
18 698 181
19 742 389
20 395 234
21 206 813
22 88 801
23 661 176
24 571 88
25 345 956
26 142 653
27 906 118
28 118 986
29 731 335
30 231 335
31 156 824
32 235 750
33 909 829
34 810 888
35 132 268
36 848 675
37 281 227
38 261 587
39 425 903
40 834 431
41 304 227
42 342 255
43 143 519
44 319 157
45 874 285
46 763 553
47 224 966
48 587 424
49 463 287
50 280 189
51 322 609
52 856 926
53 378 233
54 134 993
55 659 72
56 358 381
57 224 579
58 188 326
59 681 5
60 250 974
61 930 728
62 317 306
63 923 375
64 486 596
65 276 695
66 241 434
67 728 908
68 742 430
69 910 437
70 359 163
71 469 507
72 277 246
73 443 699
74 964 133
75 452 263
76 979 144
77 596 542
78 111 530
79 624 746
80 706 932
81 92 384
82 925 666
83 367 595
84 981 677
85 997 648
DEMAND_SECTION
1 0
2 7
3 5
4 1
5 3
6 2
7 3
8 6
9 4
10 6
11 6
12 7
13 3
14 6
15 8
16 7
17 4
18 8
19 6
20 1
21 6
22 4
23 5
24 8
25 5
26 6
27 8
28 6
29 7
30 2
31 1
32 1
33 6
34 1
35 7
36 4
37 6
38 2
39 8
40 6
41 8
42 1
43 3
44 8
45 6
46 1
47 3
48 3
49 7
50 7
51 8
52 8
53 4
54 2
55 1
56 6
57 1
58 1
59 6
60 1
61 2
62 5
63 5
64 4
65 7
66 5
67 6
68 6
69 3
70 2
71 4
72 6
73 8
74 6
75 1
76 6
77 2
78 4
79 5
80 6
81 8
82 8
83 8
84 5
85 2
DEPOT_SECTION
 1
 -1
 EOF 