NAME: I21727-n91-k6
COMMENT : (Fake et al, No of trucks: 6, Optimal value: )
TYPE : CVRP
DIMENSION : 91
EDGE_WEIGHT_TYPE : EUC_2D
CAPACITY : 17
NODE_COORD_SECTION
1 579 150
2 896 760
3 999 708
4 46 351
5 531 307
6 623 439
7 264 630
8 701 456
9 172 717
10 877 719
11 851 900
12 957 587
13 73 519
14 825 930
15 574 835
16 918 777
17 607 706
18 534 633
19 127 767
20 910 185
21 914 17
22 648 750
23 609 518
24 489 992
25 897 79
26 240 956
27 247 564
28 694 924
29 160 662
30 499 743
31 83 776
32 881 816
33 409 659
34 23 876
35 498 365
36 492 702
37 627 453
38 729 747
39 978 19
40 44 118
41 846 654
42 829 41
43 262 560
44 511 122
45 572 152
46 196 190
47 338 436
48 811 808
49 798 101
50 70 52
51 803 56
52 822 503
53 836 406
54 249 566
55 765 901
56 641 712
57 116 766
58 982 98
59 669 278
60 270 692
61 420 924
62 702 989
63 482 224
64 113 586
65 340 882
66 895 895
67 213 674
68 298 119
69 250 373
70 354 662
71 318 784
72 48 214
73 436 728
74 728 557
75 245 419
76 960 71
77 68 768
78 156 990
79 449 364
80 965 840
81 262 244
82 262 376
83 464 85
84 215 373
85 967 678
86 396 165
87 38 52
88 407 458
89 385 383
90 956 563
91 645 48
DEMAND_SECTION
1 0
2 1
3 1
4 1
5 1
6 1
7 1
8 1
9 1
10 1
11 1
12 1
13 1
14 1
15 1
16 1
17 1
18 1
19 1
20 1
21 1
22 1
23 1
24 1
25 1
26 1
27 1
28 1
29 1
30 1
31 1
32 1
33 1
34 1
35 1
36 1
37 1
38 1
39 1
40 1
41 1
42 1
43 1
44 1
45 1
46 1
47 1
48 1
49 1
50 1
51 1
52 1
53 1
54 1
55 1
56 1
57 1
58 1
59 1
60 1
61 1
62 1
63 1
64 1
65 1
66 1
67 1
68 1
69 1
70 1
71 1
72 1
73 1
74 1
75 1
76 1
77 1
78 1
79 1
80 1
81 1
82 1
83 1
84 1
85 1
86 1
87 1
88 1
89 1
90 1
91 1
DEPOT_SECTION
 1
 -1
 EOF 