NAME: I21740-n99-k10
COMMENT : (Fake et al, No of trucks: 10, Optimal value: )
TYPE : CVRP
DIMENSION : 99
EDGE_WEIGHT_TYPE : EUC_2D
CAPACITY : 36
NODE_COORD_SECTION
1 234 518
2 785 282
3 87 478
4 778 790
5 831 102
6 97 950
7 187 949
8 539 17
9 573 503
10 105 290
11 363 442
12 768 582
13 209 801
14 670 475
15 243 186
16 492 562
17 221 939
18 146 116
19 369 706
20 814 168
21 195 774
22 472 225
23 943 419
24 966 431
25 303 979
26 472 506
27 635 60
28 770 998
29 730 288
30 33 32
31 502 825
32 782 238
33 144 278
34 956 588
35 442 977
36 309 784
37 757 132
38 855 839
39 236 340
40 844 276
41 580 260
42 970 154
43 359 813
44 11 267
45 530 34
46 324 90
47 950 324
48 657 420
49 287 24
50 468 969
51 649 294
52 166 42
53 823 814
54 99 47
55 894 991
56 440 294
57 319 275
58 584 669
59 504 501
60 110 715
61 841 626
62 700 244
63 535 941
64 513 111
65 498 528
66 630 705
67 180 304
68 46 215
69 86 474
70 775 955
71 107 563
72 555 886
73 619 316
74 62 382
75 35 28
76 27 176
77 827 49
78 864 889
79 371 316
80 757 105
81 525 525
82 836 610
83 751 187
84 763 356
85 618 51
86 62 625
87 153 576
88 309 770
89 557 262
90 453 868
91 852 588
92 627 215
93 963 523
94 513 544
95 801 391
96 931 487
97 909 903
98 749 896
99 730 656
DEMAND_SECTION
1 0
2 4
3 2
4 4
5 5
6 5
7 4
8 4
9 4
10 3
11 3
12 5
13 3
14 4
15 4
16 3
17 1
18 1
19 4
20 4
21 4
22 5
23 3
24 4
25 5
26 2
27 1
28 3
29 4
30 2
31 3
32 1
33 1
34 2
35 5
36 3
37 1
38 3
39 5
40 5
41 4
42 2
43 1
44 5
45 5
46 4
47 5
48 4
49 3
50 4
51 4
52 2
53 1
54 4
55 4
56 4
57 5
58 1
59 1
60 1
61 4
62 1
63 4
64 2
65 2
66 1
67 5
68 4
69 1
70 4
71 2
72 3
73 5
74 2
75 5
76 4
77 3
78 2
79 4
80 4
81 1
82 4
83 1
84 4
85 5
86 1
87 5
88 1
89 4
90 2
91 3
92 3
93 1
94 2
95 2
96 4
97 1
98 2
99 2
DEPOT_SECTION
 1
 -1
 EOF 