NAME: I21713-n86-k9
COMMENT : (Fake et al, No of trucks: 9, Optimal value: )
TYPE : CVRP
DIMENSION : 86
EDGE_WEIGHT_TYPE : EUC_2D
CAPACITY : 37
NODE_COORD_SECTION
1 726 901
2 794 308
3 851 851
4 304 744
5 749 786
6 341 114
7 765 518
8 828 26
9 583 267
10 882 512
11 277 603
12 83 987
13 597 196
14 540 205
15 539 783
16 995 244
17 521 474
18 142 251
19 775 980
20 499 626
21 972 294
22 639 634
23 989 60
24 865 875
25 67 647
26 28 769
27 832 992
28 16 838
29 434 330
30 923 408
31 61 789
32 153 214
33 190 966
34 450 992
35 365 942
36 835 963
37 872 755
38 258 572
39 481 992
40 397 586
41 244 653
42 885 725
43 71 1000
44 686 677
45 826 141
46 475 687
47 633 687
48 357 818
49 558 235
50 883 203
51 897 299
52 175 625
53 837 137
54 431 846
55 233 666
56 29 795
57 949 332
58 836 992
59 447 151
60 296 663
61 335 933
62 406 112
63 610 901
64 434 781
65 219 216
66 704 540
67 827 805
68 270 157
69 96 820
70 340 443
71 861 145
72 854 207
73 233 685
74 999 620
75 501 823
76 945 578
77 794 116
78 679 325
79 665 350
80 621 441
81 76 437
82 315 886
83 436 905
84 597 805
85 27 665
86 549 662
DEMAND_SECTION
1 0
2 1
3 1
4 4
5 4
6 3
7 1
8 6
9 1
10 1
11 1
12 6
13 3
14 3
15 1
16 6
17 2
18 4
19 1
20 5
21 2
22 5
23 3
24 1
25 2
26 5
27 1
28 4
29 2
30 2
31 2
32 4
33 4
34 1
35 4
36 3
37 5
38 3
39 3
40 6
41 2
42 6
43 1
44 3
45 4
46 2
47 6
48 3
49 6
50 5
51 4
52 4
53 2
54 2
55 4
56 3
57 2
58 6
59 6
60 4
61 6
62 6
63 5
64 3
65 1
66 4
67 5
68 2
69 2
70 4
71 5
72 2
73 5
74 2
75 4
76 3
77 1
78 6
79 2
80 4
81 1
82 6
83 6
84 4
85 3
86 5
DEPOT_SECTION
 1
 -1
 EOF 