NAME: I21741-n87-k8
COMMENT : (Fake et al, No of trucks: 8, Optimal value: )
TYPE : CVRP
DIMENSION : 87
EDGE_WEIGHT_TYPE : EUC_2D
CAPACITY : 68
NODE_COORD_SECTION
1 294 694
2 74 827
3 838 839
4 11 563
5 374 102
6 509 914
7 664 189
8 180 914
9 6 22
10 590 295
11 478 250
12 811 409
13 677 794
14 981 337
15 16 722
16 606 764
17 808 343
18 549 696
19 306 830
20 939 327
21 630 404
22 229 7
23 612 434
24 564 442
25 471 81
26 224 656
27 685 736
28 10 726
29 694 590
30 696 951
31 571 704
32 114 853
33 609 101
34 705 574
35 147 775
36 532 513
37 762 492
38 331 934
39 443 668
40 246 345
41 589 685
42 741 149
43 444 325
44 470 932
45 721 218
46 367 988
47 176 401
48 406 603
49 516 680
50 838 460
51 705 279
52 410 619
53 143 796
54 375 814
55 898 742
56 955 79
57 809 776
58 436 568
59 305 836
60 378 276
61 137 831
62 293 226
63 893 113
64 750 705
65 739 97
66 985 134
67 509 105
68 364 973
69 876 940
70 642 371
71 503 492
72 195 946
73 533 40
74 105 23
75 355 161
76 866 816
77 193 13
78 58 560
79 921 240
80 697 415
81 148 657
82 309 799
83 128 446
84 350 618
85 191 94
86 187 157
87 854 397
DEMAND_SECTION
1 0
2 1
3 3
4 9
5 2
6 9
7 1
8 4
9 1
10 3
11 5
12 3
13 10
14 5
15 9
16 10
17 9
18 5
19 9
20 3
21 5
22 9
23 6
24 8
25 1
26 1
27 9
28 6
29 1
30 9
31 7
32 10
33 4
34 2
35 10
36 3
37 2
38 6
39 5
40 6
41 8
42 9
43 9
44 8
45 4
46 2
47 5
48 3
49 10
50 5
51 10
52 10
53 9
54 2
55 8
56 3
57 3
58 3
59 6
60 7
61 3
62 7
63 6
64 10
65 3
66 10
67 3
68 3
69 6
70 9
71 10
72 3
73 6
74 5
75 2
76 10
77 6
78 3
79 7
80 4
81 7
82 3
83 9
84 4
85 3
86 6
87 7
DEPOT_SECTION
 1
 -1
 EOF 