NAME: I21722-n94-k9
COMMENT : (Fake et al, No of trucks: 9, Optimal value: )
TYPE : CVRP
DIMENSION : 94
EDGE_WEIGHT_TYPE : EUC_2D
CAPACITY : 44
NODE_COORD_SECTION
1 767 739
2 844 889
3 542 100
4 965 118
5 627 724
6 318 177
7 890 967
8 599 630
9 769 880
10 328 53
11 511 170
12 829 214
13 556 965
14 869 696
15 698 72
16 949 561
17 714 373
18 445 12
19 394 764
20 818 292
21 330 42
22 103 506
23 500 84
24 932 486
25 26 684
26 950 631
27 362 316
28 219 628
29 383 892
30 723 372
31 29 678
32 109 279
33 930 612
34 394 880
35 158 916
36 959 144
37 303 79
38 293 832
39 245 386
40 148 509
41 863 12
42 331 459
43 63 669
44 290 547
45 242 816
46 983 797
47 106 821
48 692 749
49 434 133
50 945 177
51 336 75
52 347 265
53 781 488
54 821 526
55 485 939
56 402 462
57 498 337
58 876 383
59 926 83
60 560 506
61 88 47
62 929 288
63 567 309
64 4 149
65 149 474
66 917 873
67 889 649
68 481 799
69 124 593
70 31 914
71 200 621
72 345 431
73 358 435
74 705 390
75 657 787
76 341 354
77 460 177
78 341 934
79 832 638
80 99 261
81 321 175
82 848 382
83 263 311
84 853 708
85 431 138
86 836 816
87 421 561
88 893 580
89 778 918
90 125 636
91 56 286
92 13 247
93 256 941
94 100 281
DEMAND_SECTION
1 0
2 3
3 2
4 5
5 5
6 1
7 5
8 5
9 5
10 2
11 2
12 1
13 3
14 2
15 6
16 6
17 3
18 5
19 6
20 3
21 3
22 7
23 4
24 6
25 2
26 1
27 2
28 2
29 1
30 5
31 6
32 6
33 6
34 3
35 2
36 3
37 3
38 3
39 4
40 7
41 3
42 5
43 3
44 4
45 5
46 1
47 2
48 1
49 6
50 3
51 7
52 6
53 5
54 6
55 7
56 4
57 4
58 1
59 4
60 6
61 4
62 6
63 4
64 4
65 7
66 1
67 1
68 2
69 3
70 6
71 7
72 7
73 3
74 5
75 5
76 7
77 6
78 2
79 3
80 3
81 4
82 2
83 6
84 2
85 5
86 1
87 1
88 1
89 5
90 4
91 4
92 2
93 7
94 6
DEPOT_SECTION
 1
 -1
 EOF 