NAME: I2188-n49-k5
COMMENT : (Fake et al, No of trucks: 5, Optimal value: )
TYPE : CVRP
DIMENSION : 49
EDGE_WEIGHT_TYPE : EUC_2D
CAPACITY : 60
NODE_COORD_SECTION
1 336 11
2 484 535
3 362 52
4 70 165
5 219 536
6 682 695
7 466 818
8 366 314
9 699 403
10 977 806
11 770 309
12 47 537
13 848 812
14 205 930
15 3 692
16 95 289
17 274 433
18 766 922
19 718 46
20 876 486
21 28 380
22 483 804
23 868 484
24 897 573
25 222 851
26 716 756
27 185 165
28 393 140
29 689 336
30 613 536
31 167 145
32 97 850
33 704 342
34 680 354
35 608 551
36 88 2
37 749 897
38 633 666
39 397 34
40 349 775
41 290 404
42 284 348
43 48 900
44 709 268
45 552 632
46 825 339
47 571 978
48 918 985
49 721 637
DEMAND_SECTION
1 0
2 9
3 6
4 7
5 1
6 3
7 4
8 7
9 5
10 6
11 8
12 1
13 6
14 5
15 7
16 5
17 5
18 7
19 1
20 8
21 3
22 8
23 6
24 7
25 2
26 5
27 9
28 7
29 6
30 9
31 6
32 4
33 1
34 9
35 5
36 1
37 7
38 1
39 3
40 9
41 2
42 8
43 6
44 6
45 8
46 9
47 3
48 9
49 5
DEPOT_SECTION
 1
 -1
 EOF 