NAME: I21820-n76-k9
COMMENT : (Fake et al, No of trucks: 9, Optimal value: )
TYPE : CVRP
DIMENSION : 76
EDGE_WEIGHT_TYPE : EUC_2D
CAPACITY : 26
NODE_COORD_SECTION
1 22 869
2 806 160
3 921 361
4 193 768
5 493 87
6 581 134
7 901 2
8 1 531
9 564 127
10 75 326
11 464 49
12 869 828
13 203 423
14 113 529
15 676 368
16 331 912
17 839 891
18 327 543
19 926 226
20 823 544
21 127 231
22 488 794
23 704 473
24 916 144
25 257 210
26 31 274
27 156 131
28 543 167
29 851 309
30 841 365
31 76 737
32 5 986
33 928 96
34 901 739
35 513 20
36 931 246
37 825 940
38 257 302
39 366 891
40 475 319
41 562 839
42 605 631
43 929 465
44 256 637
45 887 246
46 767 110
47 894 419
48 772 93
49 672 534
50 825 349
51 880 300
52 962 491
53 392 519
54 101 419
55 308 183
56 470 906
57 851 79
58 426 377
59 545 241
60 176 979
61 98 274
62 905 237
63 106 808
64 401 331
65 407 21
66 581 367
67 818 164
68 300 821
69 791 62
70 414 506
71 944 809
72 537 701
73 948 993
74 503 323
75 823 480
76 68 696
DEMAND_SECTION
1 0
2 4
3 3
4 4
5 4
6 3
7 1
8 3
9 4
10 2
11 4
12 2
13 4
14 2
15 3
16 4
17 2
18 3
19 4
20 1
21 4
22 3
23 2
24 2
25 3
26 2
27 3
28 1
29 1
30 4
31 2
32 3
33 3
34 3
35 1
36 4
37 1
38 2
39 1
40 3
41 4
42 2
43 4
44 2
45 4
46 4
47 2
48 4
49 2
50 3
51 4
52 1
53 4
54 2
55 3
56 2
57 2
58 3
59 3
60 3
61 3
62 3
63 1
64 2
65 2
66 1
67 1
68 4
69 1
70 4
71 4
72 3
73 1
74 4
75 1
76 4
DEPOT_SECTION
 1
 -1
 EOF 