NAME: I21812-n77-k8
COMMENT : (Fake et al, No of trucks: 8, Optimal value: )
TYPE : CVRP
DIMENSION : 77
EDGE_WEIGHT_TYPE : EUC_2D
CAPACITY : 50
NODE_COORD_SECTION
1 744 526
2 999 506
3 405 771
4 327 747
5 999 444
6 133 399
7 204 272
8 412 634
9 334 246
10 786 69
11 788 496
12 695 42
13 588 179
14 235 991
15 587 461
16 988 22
17 364 390
18 567 684
19 848 857
20 998 663
21 777 968
22 413 14
23 53 134
24 557 803
25 923 310
26 879 221
27 622 347
28 691 874
29 49 707
30 681 188
31 550 710
32 782 348
33 661 868
34 988 388
35 242 573
36 487 211
37 613 642
38 125 657
39 591 711
40 897 658
41 298 701
42 201 753
43 447 968
44 650 705
45 103 533
46 228 564
47 265 97
48 76 617
49 20 544
50 964 309
51 355 332
52 677 364
53 283 777
54 183 546
55 982 754
56 102 969
57 164 293
58 175 112
59 722 122
60 507 931
61 630 443
62 671 1
63 444 956
64 198 72
65 964 462
66 9 645
67 788 609
68 262 19
69 668 986
70 778 616
71 247 724
72 615 26
73 438 641
74 692 349
75 792 819
76 652 224
77 708 441
DEMAND_SECTION
1 0
2 1
3 5
4 5
5 8
6 2
7 6
8 8
9 5
10 3
11 8
12 5
13 5
14 1
15 1
16 6
17 5
18 8
19 3
20 1
21 4
22 6
23 6
24 2
25 8
26 6
27 3
28 6
29 8
30 4
31 7
32 2
33 4
34 7
35 1
36 5
37 5
38 4
39 2
40 3
41 4
42 4
43 1
44 4
45 6
46 4
47 2
48 4
49 7
50 4
51 3
52 8
53 8
54 4
55 6
56 4
57 7
58 3
59 4
60 1
61 3
62 5
63 3
64 8
65 1
66 6
67 8
68 6
69 3
70 5
71 7
72 3
73 6
74 5
75 5
76 4
77 6
DEPOT_SECTION
 1
 -1
 EOF 