NAME: I21803-n98-k6
COMMENT : (Fake et al, No of trucks: 6, Optimal value: )
TYPE : CVRP
DIMENSION : 98
EDGE_WEIGHT_TYPE : EUC_2D
CAPACITY : 100
NODE_COORD_SECTION
1 225 744
2 270 971
3 409 584
4 838 998
5 274 155
6 4 860
7 53 861
8 5 815
9 167 902
10 863 359
11 433 299
12 506 819
13 586 420
14 444 532
15 677 515
16 889 87
17 361 113
18 323 224
19 809 939
20 222 155
21 143 659
22 935 290
23 655 460
24 607 859
25 591 652
26 996 35
27 557 373
28 225 107
29 918 450
30 528 480
31 835 949
32 814 252
33 199 783
34 513 730
35 607 655
36 846 671
37 460 795
38 724 867
39 187 796
40 583 522
41 170 122
42 255 815
43 183 604
44 637 203
45 429 437
46 385 308
47 413 370
48 612 94
49 769 659
50 358 968
51 987 625
52 46 809
53 882 73
54 586 799
55 140 952
56 623 599
57 901 554
58 1000 345
59 183 613
60 75 588
61 449 813
62 822 362
63 502 698
64 246 6
65 890 594
66 872 579
67 345 934
68 907 271
69 803 545
70 969 512
71 345 301
72 76 851
73 49 57
74 196 427
75 482 656
76 210 644
77 930 500
78 941 493
79 460 726
80 495 825
81 115 363
82 154 141
83 582 272
84 356 105
85 322 139
86 40 567
87 89 406
88 488 42
89 598 589
90 891 417
91 561 467
92 971 682
93 622 162
94 345 687
95 292 974
96 211 28
97 922 527
98 257 161
DEMAND_SECTION
1 0
2 10
3 3
4 10
5 7
6 4
7 1
8 2
9 4
10 10
11 6
12 5
13 7
14 3
15 5
16 6
17 7
18 1
19 3
20 4
21 2
22 3
23 2
24 4
25 2
26 8
27 4
28 2
29 9
30 6
31 11
32 3
33 1
34 11
35 5
36 5
37 4
38 8
39 2
40 8
41 2
42 9
43 9
44 10
45 2
46 7
47 9
48 3
49 7
50 11
51 1
52 3
53 7
54 9
55 7
56 11
57 4
58 10
59 4
60 4
61 6
62 7
63 7
64 3
65 11
66 7
67 4
68 11
69 6
70 5
71 3
72 8
73 1
74 6
75 2
76 1
77 10
78 5
79 6
80 7
81 4
82 8
83 2
84 4
85 3
86 2
87 9
88 6
89 1
90 4
91 3
92 11
93 9
94 7
95 6
96 8
97 10
98 10
DEPOT_SECTION
 1
 -1
 EOF 