NAME: I21889-n78-k10
COMMENT : (Fake et al, No of trucks: 10, Optimal value: )
TYPE : CVRP
DIMENSION : 78
EDGE_WEIGHT_TYPE : EUC_2D
CAPACITY : 55
NODE_COORD_SECTION
1 4 493
2 148 879
3 532 48
4 860 969
5 613 878
6 357 617
7 175 907
8 553 104
9 630 568
10 390 141
11 69 436
12 676 299
13 973 57
14 477 646
15 466 82
16 62 829
17 880 764
18 334 820
19 1 226
20 100 773
21 944 824
22 202 124
23 424 818
24 5 465
25 641 163
26 596 354
27 105 739
28 865 102
29 64 798
30 683 754
31 591 998
32 35 917
33 107 82
34 920 920
35 763 597
36 211 965
37 359 119
38 794 245
39 410 980
40 373 961
41 691 140
42 318 504
43 926 13
44 697 125
45 85 498
46 525 148
47 699 381
48 481 235
49 701 674
50 928 243
51 829 278
52 364 317
53 493 648
54 704 226
55 528 612
56 76 905
57 781 387
58 587 169
59 930 160
60 385 85
61 83 605
62 920 558
63 783 689
64 644 462
65 834 957
66 309 984
67 951 427
68 931 759
69 783 443
70 460 205
71 974 44
72 20 525
73 22 653
74 406 256
75 917 377
76 682 307
77 881 38
78 277 474
DEMAND_SECTION
1 0
2 11
3 8
4 11
5 5
6 5
7 7
8 6
9 6
10 2
11 6
12 3
13 5
14 2
15 10
16 5
17 11
18 11
19 4
20 5
21 7
22 8
23 10
24 6
25 8
26 7
27 2
28 1
29 10
30 8
31 9
32 2
33 2
34 3
35 1
36 3
37 10
38 1
39 11
40 4
41 4
42 7
43 11
44 5
45 10
46 10
47 9
48 6
49 10
50 5
51 4
52 1
53 11
54 11
55 10
56 4
57 10
58 2
59 2
60 8
61 3
62 8
63 8
64 7
65 2
66 5
67 7
68 11
69 8
70 9
71 6
72 2
73 6
74 7
75 5
76 10
77 7
78 6
DEPOT_SECTION
 1
 -1
 EOF 