NAME: I2192-n37-k5
COMMENT : (Fake et al, No of trucks: 5, Optimal value: )
TYPE : CVRP
DIMENSION : 37
EDGE_WEIGHT_TYPE : EUC_2D
CAPACITY : 13
NODE_COORD_SECTION
1 48 151
2 129 932
3 923 967
4 246 247
5 888 61
6 558 881
7 299 106
8 468 948
9 207 322
10 19 14
11 594 789
12 20 541
13 382 55
14 578 973
15 397 333
16 522 132
17 790 919
18 917 311
19 626 759
20 504 715
21 417 43
22 90 586
23 422 518
24 747 719
25 111 253
26 937 66
27 960 306
28 733 650
29 514 133
30 403 317
31 89 513
32 703 101
33 57 657
34 552 266
35 893 79
36 684 373
37 326 699
DEMAND_SECTION
1 0
2 1
3 1
4 2
5 1
6 1
7 1
8 2
9 1
10 1
11 1
12 1
13 1
14 1
15 2
16 2
17 2
18 2
19 2
20 2
21 2
22 1
23 1
24 2
25 2
26 2
27 1
28 1
29 2
30 2
31 1
32 2
33 2
34 2
35 2
36 2
37 1
DEPOT_SECTION
 1
 -1
 EOF 