NAME: I21928-n91-k9
COMMENT : (Fake et al, No of trucks: 9, Optimal value: )
TYPE : CVRP
DIMENSION : 91
EDGE_WEIGHT_TYPE : EUC_2D
CAPACITY : 43
NODE_COORD_SECTION
1 938 683
2 72 219
3 102 833
4 621 936
5 810 417
6 139 766
7 776 32
8 725 269
9 986 642
10 951 956
11 805 643
12 858 587
13 345 736
14 606 796
15 928 261
16 869 998
17 576 478
18 836 693
19 944 429
20 755 259
21 429 976
22 870 34
23 133 736
24 363 53
25 868 281
26 398 553
27 603 990
28 550 85
29 656 205
30 796 950
31 882 392
32 271 151
33 582 39
34 728 197
35 386 274
36 482 208
37 651 720
38 742 456
39 66 276
40 313 263
41 956 201
42 746 22
43 676 910
44 191 499
45 191 743
46 715 298
47 532 227
48 550 667
49 774 531
50 227 606
51 274 162
52 922 86
53 664 627
54 708 644
55 246 930
56 61 829
57 166 325
58 347 364
59 932 347
60 457 254
61 968 151
62 347 959
63 696 331
64 87 492
65 619 139
66 50 993
67 654 962
68 971 961
69 966 794
70 287 647
71 496 843
72 93 515
73 849 638
74 673 330
75 160 737
76 253 644
77 220 851
78 317 841
79 906 622
80 190 383
81 270 216
82 698 1000
83 566 730
84 651 859
85 7 851
86 178 567
87 379 914
88 309 774
89 268 477
90 173 781
91 102 671
DEMAND_SECTION
1 0
2 5
3 6
4 3
5 6
6 4
7 6
8 4
9 1
10 3
11 4
12 6
13 1
14 2
15 3
16 3
17 1
18 2
19 3
20 4
21 4
22 2
23 5
24 6
25 5
26 6
27 3
28 4
29 1
30 3
31 6
32 2
33 5
34 1
35 6
36 1
37 1
38 2
39 4
40 1
41 6
42 6
43 2
44 3
45 1
46 3
47 2
48 1
49 1
50 2
51 2
52 6
53 4
54 6
55 2
56 6
57 3
58 1
59 2
60 3
61 6
62 4
63 5
64 3
65 6
66 3
67 6
68 1
69 1
70 6
71 5
72 6
73 3
74 6
75 1
76 5
77 3
78 5
79 6
80 6
81 2
82 6
83 6
84 2
85 2
86 6
87 1
88 1
89 5
90 6
91 4
DEPOT_SECTION
 1
 -1
 EOF 