NAME: I21995-n81-k7
COMMENT : (Fake et al, No of trucks: 7, Optimal value: )
TYPE : CVRP
DIMENSION : 81
EDGE_WEIGHT_TYPE : EUC_2D
CAPACITY : 26
NODE_COORD_SECTION
1 627 374
2 306 190
3 212 347
4 549 599
5 360 628
6 374 120
7 123 988
8 702 449
9 320 35
10 216 571
11 775 808
12 49 43
13 584 354
14 365 960
15 823 481
16 872 121
17 638 340
18 153 7
19 359 423
20 788 103
21 304 382
22 612 993
23 283 69
24 818 970
25 858 154
26 911 156
27 225 281
28 815 546
29 804 920
30 843 350
31 626 457
32 440 431
33 641 635
34 753 419
35 787 883
36 879 450
37 50 193
38 91 573
39 708 803
40 809 901
41 85 589
42 674 893
43 478 259
44 270 34
45 623 487
46 393 676
47 79 137
48 701 742
49 278 36
50 273 20
51 854 808
52 580 629
53 210 141
54 338 743
55 707 376
56 842 392
57 122 749
58 466 176
59 371 22
60 851 790
61 768 911
62 833 383
63 586 545
64 857 89
65 142 539
66 159 578
67 709 252
68 758 306
69 80 480
70 441 720
71 168 168
72 434 875
73 920 681
74 637 241
75 982 873
76 800 604
77 835 710
78 973 42
79 30 782
80 130 677
81 449 902
DEMAND_SECTION
1 0
2 2
3 2
4 3
5 2
6 3
7 3
8 3
9 2
10 1
11 1
12 3
13 2
14 1
15 2
16 3
17 3
18 2
19 1
20 1
21 2
22 2
23 1
24 2
25 1
26 2
27 1
28 1
29 3
30 1
31 3
32 1
33 1
34 3
35 2
36 3
37 3
38 3
39 2
40 1
41 2
42 1
43 1
44 3
45 2
46 3
47 3
48 3
49 2
50 3
51 2
52 2
53 1
54 2
55 3
56 1
57 3
58 3
59 3
60 1
61 1
62 2
63 2
64 1
65 1
66 2
67 2
68 3
69 2
70 3
71 1
72 2
73 1
74 2
75 3
76 3
77 1
78 2
79 1
80 3
81 2
DEPOT_SECTION
 1
 -1
 EOF 