NAME: I2198-n28-k6
COMMENT : (Fake et al, No of trucks: 6, Optimal value: )
TYPE : CVRP
DIMENSION : 28
EDGE_WEIGHT_TYPE : EUC_2D
CAPACITY : 19
NODE_COORD_SECTION
1 740 548
2 273 696
3 812 573
4 324 650
5 470 270
6 14 838
7 858 48
8 86 438
9 955 154
10 643 247
11 359 758
12 645 32
13 349 397
14 439 921
15 860 510
16 561 602
17 433 462
18 115 238
19 620 90
20 479 548
21 959 175
22 396 673
23 308 788
24 593 291
25 270 61
26 810 960
27 248 611
28 996 572
DEMAND_SECTION
1 0
2 6
3 6
4 3
5 4
6 6
7 5
8 3
9 1
10 6
11 4
12 3
13 4
14 6
15 3
16 1
17 5
18 6
19 1
20 2
21 1
22 4
23 5
24 1
25 6
26 3
27 2
28 3
DEPOT_SECTION
 1
 -1
 EOF 