NAME: I21994-n72-k7
COMMENT : (Fake et al, No of trucks: 7, Optimal value: )
TYPE : CVRP
DIMENSION : 72
EDGE_WEIGHT_TYPE : EUC_2D
CAPACITY : 48
NODE_COORD_SECTION
1 377 6
2 593 238
3 906 710
4 94 776
5 634 551
6 447 326
7 123 903
8 423 370
9 707 937
10 238 821
11 391 895
12 897 800
13 657 555
14 952 402
15 120 513
16 422 834
17 837 768
18 894 837
19 623 950
20 994 912
21 207 35
22 277 63
23 512 920
24 3 45
25 372 666
26 944 701
27 432 13
28 880 301
29 345 34
30 753 180
31 125 734
32 965 924
33 789 108
34 545 570
35 885 46
36 639 100
37 863 320
38 760 639
39 185 451
40 441 422
41 565 632
42 152 548
43 79 29
44 824 466
45 364 614
46 272 607
47 773 187
48 457 205
49 653 184
50 329 837
51 812 178
52 914 205
53 791 485
54 173 79
55 854 811
56 403 561
57 264 573
58 156 513
59 447 90
60 954 901
61 688 331
62 232 697
63 211 639
64 546 928
65 838 961
66 521 620
67 247 560
68 812 771
69 162 16
70 637 966
71 943 35
72 844 350
DEMAND_SECTION
1 0
2 7
3 2
4 7
5 4
6 2
7 5
8 4
9 6
10 7
11 1
12 5
13 2
14 6
15 7
16 7
17 3
18 6
19 4
20 6
21 1
22 1
23 3
24 7
25 2
26 5
27 6
28 4
29 3
30 4
31 1
32 4
33 3
34 3
35 2
36 5
37 2
38 7
39 2
40 1
41 4
42 3
43 3
44 7
45 3
46 3
47 6
48 2
49 3
50 4
51 6
52 3
53 7
54 3
55 7
56 4
57 7
58 6
59 7
60 1
61 1
62 5
63 5
64 4
65 2
66 5
67 4
68 2
69 1
70 6
71 5
72 7
DEPOT_SECTION
 1
 -1
 EOF 