NAME: I21976-n72-k9
COMMENT : (Fake et al, No of trucks: 9, Optimal value: )
TYPE : CVRP
DIMENSION : 72
EDGE_WEIGHT_TYPE : EUC_2D
CAPACITY : 44
NODE_COORD_SECTION
1 15 923
2 565 688
3 233 322
4 809 749
5 716 440
6 25 623
7 977 363
8 93 868
9 391 533
10 953 415
11 11 904
12 506 548
13 712 762
14 430 986
15 733 964
16 116 488
17 339 322
18 599 545
19 474 179
20 494 62
21 533 626
22 441 435
23 677 651
24 906 381
25 423 310
26 82 106
27 985 162
28 207 38
29 54 205
30 181 739
31 403 520
32 893 807
33 149 989
34 71 303
35 497 140
36 368 802
37 262 228
38 467 175
39 50 875
40 328 734
41 988 702
42 650 407
43 101 283
44 475 814
45 561 26
46 414 31
47 597 253
48 899 662
49 98 974
50 74 615
51 192 34
52 687 222
53 848 151
54 148 255
55 813 777
56 875 631
57 106 689
58 185 336
59 795 723
60 995 153
61 294 584
62 202 422
63 402 112
64 342 213
65 519 266
66 883 560
67 290 368
68 19 765
69 613 878
70 374 816
71 183 38
72 573 772
DEMAND_SECTION
1 0
2 2
3 10
4 6
5 1
6 8
7 10
8 8
9 5
10 2
11 4
12 2
13 6
14 7
15 4
16 7
17 4
18 2
19 9
20 9
21 8
22 3
23 3
24 1
25 2
26 5
27 2
28 6
29 5
30 1
31 1
32 4
33 8
34 8
35 9
36 10
37 3
38 6
39 6
40 8
41 9
42 1
43 1
44 8
45 7
46 9
47 8
48 4
49 5
50 6
51 4
52 4
53 7
54 5
55 1
56 1
57 7
58 2
59 2
60 6
61 9
62 4
63 1
64 6
65 8
66 10
67 1
68 4
69 8
70 1
71 8
72 8
DEPOT_SECTION
 1
 -1
 EOF 