NAME: I22021-n93-k10
COMMENT : (Fake et al, No of trucks: 10, Optimal value: )
TYPE : CVRP
DIMENSION : 93
EDGE_WEIGHT_TYPE : EUC_2D
CAPACITY : 17
NODE_COORD_SECTION
1 985 463
2 683 493
3 853 626
4 832 51
5 336 841
6 27 434
7 552 395
8 972 423
9 749 184
10 616 304
11 161 506
12 984 400
13 88 865
14 693 781
15 560 873
16 164 754
17 177 916
18 69 853
19 172 485
20 177 761
21 826 484
22 696 350
23 88 416
24 894 625
25 655 852
26 155 543
27 841 403
28 558 318
29 943 611
30 945 696
31 832 594
32 849 167
33 919 68
34 95 832
35 168 93
36 945 281
37 245 441
38 405 94
39 961 384
40 854 466
41 953 101
42 390 567
43 997 550
44 732 448
45 304 46
46 141 865
47 265 253
48 969 299
49 140 779
50 472 883
51 705 555
52 304 489
53 14 408
54 412 416
55 24 594
56 10 272
57 901 319
58 485 765
59 841 171
60 560 119
61 526 621
62 317 701
63 423 75
64 284 60
65 163 365
66 818 532
67 769 491
68 993 773
69 836 461
70 71 49
71 538 311
72 448 916
73 432 524
74 668 835
75 394 60
76 576 698
77 36 236
78 196 99
79 585 778
80 655 740
81 467 686
82 555 375
83 538 828
84 748 103
85 355 660
86 706 205
87 361 466
88 925 504
89 436 293
90 925 728
91 673 942
92 40 11
93 633 657
DEMAND_SECTION
1 0
2 2
3 2
4 2
5 1
6 2
7 2
8 1
9 2
10 2
11 2
12 1
13 1
14 2
15 2
16 2
17 2
18 2
19 1
20 2
21 2
22 2
23 1
24 1
25 1
26 2
27 2
28 1
29 1
30 2
31 1
32 1
33 2
34 2
35 2
36 2
37 2
38 1
39 2
40 1
41 1
42 1
43 1
44 2
45 2
46 2
47 1
48 2
49 2
50 1
51 2
52 2
53 1
54 1
55 2
56 2
57 1
58 2
59 1
60 1
61 1
62 2
63 2
64 2
65 1
66 1
67 2
68 2
69 2
70 2
71 2
72 1
73 1
74 1
75 2
76 1
77 2
78 2
79 2
80 1
81 2
82 2
83 2
84 1
85 2
86 2
87 1
88 2
89 1
90 1
91 2
92 2
93 1
DEPOT_SECTION
 1
 -1
 EOF 