NAME: I22008-n82-k8
COMMENT : (Fake et al, No of trucks: 8, Optimal value: )
TYPE : CVRP
DIMENSION : 82
EDGE_WEIGHT_TYPE : EUC_2D
CAPACITY : 35
NODE_COORD_SECTION
1 416 142
2 781 182
3 809 95
4 835 320
5 887 593
6 862 37
7 728 230
8 859 93
9 192 587
10 584 445
11 395 93
12 727 361
13 686 236
14 638 736
15 280 799
16 774 454
17 899 413
18 814 531
19 457 512
20 862 684
21 486 108
22 776 565
23 548 797
24 808 245
25 997 143
26 672 39
27 793 343
28 541 951
29 760 142
30 460 186
31 141 564
32 408 642
33 127 187
34 404 282
35 318 82
36 952 823
37 759 694
38 556 796
39 575 912
40 929 813
41 165 41
42 625 316
43 437 567
44 54 919
45 961 969
46 915 327
47 678 667
48 593 95
49 663 410
50 669 829
51 876 111
52 182 305
53 977 642
54 348 983
55 140 160
56 633 211
57 788 92
58 728 868
59 448 124
60 572 468
61 593 948
62 120 953
63 761 949
64 381 404
65 682 392
66 246 471
67 37 932
68 512 384
69 810 412
70 910 51
71 90 120
72 960 444
73 719 526
74 438 522
75 802 146
76 616 990
77 795 763
78 593 795
79 933 179
80 627 640
81 233 599
82 1000 202
DEMAND_SECTION
1 0
2 1
3 4
4 3
5 4
6 5
7 3
8 4
9 2
10 4
11 3
12 4
13 1
14 4
15 1
16 1
17 4
18 5
19 2
20 2
21 5
22 4
23 3
24 4
25 3
26 4
27 1
28 3
29 1
30 4
31 5
32 1
33 2
34 2
35 1
36 3
37 4
38 3
39 3
40 1
41 1
42 5
43 4
44 5
45 3
46 1
47 2
48 1
49 2
50 4
51 5
52 4
53 5
54 3
55 3
56 5
57 2
58 1
59 2
60 3
61 1
62 3
63 3
64 4
65 4
66 1
67 3
68 1
69 3
70 4
71 1
72 2
73 5
74 5
75 5
76 2
77 3
78 5
79 4
80 4
81 5
82 4
DEPOT_SECTION
 1
 -1
 EOF 