NAME: I22083-n93-k6
COMMENT : (Fake et al, No of trucks: 6, Optimal value: )
TYPE : CVRP
DIMENSION : 93
EDGE_WEIGHT_TYPE : EUC_2D
CAPACITY : 19
NODE_COORD_SECTION
1 243 104
2 485 909
3 509 845
4 719 293
5 70 565
6 709 894
7 456 776
8 295 486
9 640 959
10 510 541
11 951 36
12 803 589
13 988 60
14 464 219
15 385 504
16 757 896
17 331 149
18 571 397
19 359 953
20 153 336
21 774 637
22 112 269
23 548 619
24 610 481
25 407 694
26 186 718
27 129 692
28 549 594
29 838 857
30 476 53
31 962 940
32 671 35
33 344 282
34 443 983
35 379 840
36 41 945
37 7 861
38 215 647
39 178 503
40 916 110
41 316 408
42 80 235
43 727 753
44 642 287
45 238 40
46 714 248
47 22 563
48 319 596
49 20 381
50 1 277
51 286 614
52 129 264
53 421 427
54 667 975
55 567 195
56 987 333
57 381 829
58 672 89
59 768 642
60 236 632
61 105 955
62 144 277
63 961 440
64 62 539
65 267 603
66 894 422
67 361 324
68 220 877
69 282 671
70 281 695
71 276 926
72 561 100
73 583 336
74 918 714
75 505 176
76 727 975
77 684 299
78 544 838
79 309 438
80 24 668
81 602 941
82 812 524
83 471 276
84 15 685
85 71 633
86 459 683
87 722 167
88 236 129
89 327 280
90 916 594
91 611 657
92 163 955
93 100 96
DEMAND_SECTION
1 0
2 1
3 1
4 1
5 1
6 1
7 1
8 1
9 1
10 1
11 1
12 1
13 1
14 1
15 1
16 1
17 1
18 1
19 1
20 1
21 1
22 1
23 1
24 1
25 1
26 1
27 1
28 1
29 1
30 1
31 1
32 1
33 1
34 1
35 1
36 1
37 1
38 1
39 1
40 1
41 1
42 1
43 1
44 1
45 1
46 1
47 1
48 1
49 1
50 1
51 1
52 1
53 1
54 1
55 1
56 1
57 1
58 1
59 1
60 1
61 1
62 1
63 1
64 1
65 1
66 1
67 1
68 1
69 1
70 1
71 1
72 1
73 1
74 1
75 1
76 1
77 1
78 1
79 1
80 1
81 1
82 1
83 1
84 1
85 1
86 1
87 1
88 1
89 1
90 1
91 1
92 1
93 1
DEPOT_SECTION
 1
 -1
 EOF 