NAME: I2228-n34-k5
COMMENT : (Fake et al, No of trucks: 5, Optimal value: )
TYPE : CVRP
DIMENSION : 34
EDGE_WEIGHT_TYPE : EUC_2D
CAPACITY : 17
NODE_COORD_SECTION
1 808 233
2 229 105
3 909 143
4 903 129
5 205 382
6 697 85
7 708 579
8 932 775
9 495 511
10 146 874
11 777 537
12 537 235
13 935 124
14 139 832
15 949 869
16 487 540
17 745 893
18 583 321
19 83 227
20 449 405
21 425 291
22 642 541
23 416 925
24 70 854
25 427 834
26 705 494
27 246 654
28 513 666
29 697 1000
30 661 203
31 274 27
32 175 690
33 30 189
34 100 820
DEMAND_SECTION
1 0
2 3
3 1
4 2
5 1
6 2
7 3
8 2
9 3
10 3
11 3
12 2
13 2
14 1
15 2
16 2
17 2
18 1
19 1
20 2
21 2
22 3
23 2
24 2
25 3
26 2
27 2
28 3
29 3
30 3
31 2
32 1
33 2
34 1
DEPOT_SECTION
 1
 -1
 EOF 