NAME: I2220-n29-k5
COMMENT : (Fake et al, No of trucks: 5, Optimal value: )
TYPE : CVRP
DIMENSION : 29
EDGE_WEIGHT_TYPE : EUC_2D
CAPACITY : 14
NODE_COORD_SECTION
1 202 733
2 355 270
3 217 485
4 72 302
5 698 501
6 145 63
7 678 382
8 474 42
9 295 257
10 588 335
11 907 164
12 288 177
13 938 404
14 937 509
15 995 126
16 83 747
17 26 299
18 604 190
19 794 649
20 353 717
21 177 949
22 699 462
23 379 54
24 397 315
25 827 738
26 974 381
27 374 181
28 198 112
29 86 899
DEMAND_SECTION
1 0
2 1
3 1
4 1
5 3
6 2
7 2
8 3
9 1
10 2
11 3
12 1
13 1
14 3
15 3
16 1
17 2
18 3
19 3
20 2
21 2
22 3
23 3
24 1
25 1
26 2
27 3
28 1
29 2
DEPOT_SECTION
 1
 -1
 EOF 