NAME: I22366-n97-k6
COMMENT : (Fake et al, No of trucks: 6, Optimal value: )
TYPE : CVRP
DIMENSION : 97
EDGE_WEIGHT_TYPE : EUC_2D
CAPACITY : 87
NODE_COORD_SECTION
1 11 740
2 56 654
3 818 516
4 846 184
5 998 27
6 775 559
7 320 178
8 540 613
9 746 818
10 255 906
11 69 29
12 839 0
13 723 195
14 222 895
15 926 887
16 642 272
17 732 495
18 641 543
19 668 560
20 667 110
21 910 418
22 84 644
23 165 531
24 27 583
25 323 539
26 217 501
27 233 219
28 337 54
29 879 327
30 14 648
31 762 286
32 565 424
33 161 743
34 912 511
35 858 170
36 249 946
37 380 61
38 616 951
39 368 448
40 1000 18
41 351 523
42 540 687
43 335 524
44 551 319
45 501 978
46 941 169
47 395 358
48 508 865
49 443 577
50 636 488
51 645 470
52 102 106
53 181 104
54 24 558
55 454 41
56 783 824
57 748 563
58 804 270
59 71 347
60 390 757
61 106 203
62 911 97
63 547 435
64 366 939
65 376 115
66 226 108
67 58 467
68 5 460
69 947 934
70 455 15
71 295 97
72 793 972
73 444 292
74 145 340
75 733 981
76 943 72
77 661 881
78 125 263
79 997 17
80 480 805
81 324 163
82 809 54
83 760 625
84 672 735
85 148 867
86 348 620
87 959 624
88 605 71
89 648 78
90 768 159
91 147 539
92 26 481
93 532 475
94 889 273
95 401 87
96 879 257
97 617 131
DEMAND_SECTION
1 0
2 6
3 7
4 5
5 8
6 5
7 2
8 7
9 5
10 1
11 7
12 1
13 8
14 4
15 5
16 7
17 8
18 4
19 8
20 1
21 6
22 1
23 5
24 3
25 1
26 3
27 1
28 8
29 5
30 5
31 4
32 4
33 7
34 8
35 4
36 6
37 7
38 8
39 6
40 3
41 5
42 2
43 4
44 5
45 2
46 4
47 2
48 5
49 5
50 6
51 3
52 3
53 7
54 7
55 3
56 7
57 2
58 5
59 7
60 7
61 1
62 8
63 6
64 2
65 6
66 4
67 7
68 7
69 1
70 6
71 1
72 4
73 2
74 6
75 1
76 6
77 7
78 1
79 1
80 1
81 3
82 4
83 3
84 7
85 3
86 4
87 8
88 4
89 7
90 2
91 5
92 4
93 7
94 4
95 1
96 2
97 1
DEPOT_SECTION
 1
 -1
 EOF 