NAME: I22347-n78-k9
COMMENT : (Fake et al, No of trucks: 9, Optimal value: )
TYPE : CVRP
DIMENSION : 78
EDGE_WEIGHT_TYPE : EUC_2D
CAPACITY : 45
NODE_COORD_SECTION
1 596 821
2 108 164
3 897 131
4 445 982
5 435 173
6 745 933
7 508 810
8 707 299
9 902 959
10 933 50
11 968 952
12 203 103
13 727 192
14 839 858
15 708 827
16 258 724
17 439 595
18 677 226
19 904 42
20 359 177
21 427 639
22 369 792
23 595 648
24 742 791
25 70 832
26 821 592
27 170 164
28 89 42
29 262 625
30 396 42
31 849 182
32 371 29
33 650 794
34 835 408
35 567 961
36 965 689
37 2 485
38 451 60
39 804 940
40 817 729
41 480 77
42 472 671
43 216 742
44 897 276
45 608 81
46 506 292
47 717 947
48 380 918
49 513 705
50 399 278
51 678 404
52 339 857
53 146 556
54 404 922
55 76 828
56 187 45
57 523 122
58 209 630
59 271 572
60 279 821
61 637 267
62 689 585
63 141 276
64 105 631
65 825 147
66 58 581
67 281 916
68 617 119
69 619 792
70 614 490
71 533 127
72 148 667
73 475 428
74 645 301
75 573 945
76 903 666
77 848 256
78 916 589
DEMAND_SECTION
1 0
2 3
3 1
4 6
5 5
6 4
7 6
8 7
9 4
10 7
11 3
12 5
13 6
14 4
15 6
16 4
17 2
18 3
19 7
20 7
21 7
22 5
23 7
24 6
25 6
26 7
27 1
28 1
29 5
30 1
31 5
32 5
33 5
34 6
35 5
36 7
37 5
38 5
39 2
40 3
41 2
42 1
43 4
44 4
45 7
46 5
47 7
48 2
49 1
50 4
51 7
52 4
53 2
54 7
55 5
56 2
57 2
58 2
59 5
60 5
61 3
62 3
63 3
64 1
65 6
66 5
67 3
68 4
69 1
70 6
71 2
72 4
73 5
74 7
75 1
76 5
77 1
78 6
DEPOT_SECTION
 1
 -1
 EOF 