NAME: I22320-n74-k8
COMMENT : (Fake et al, No of trucks: 8, Optimal value: )
TYPE : CVRP
DIMENSION : 74
EDGE_WEIGHT_TYPE : EUC_2D
CAPACITY : 27
NODE_COORD_SECTION
1 972 242
2 614 78
3 468 240
4 974 970
5 818 649
6 500 700
7 568 735
8 352 3
9 316 286
10 679 442
11 177 95
12 194 402
13 426 217
14 22 262
15 240 685
16 924 18
17 602 325
18 113 280
19 559 912
20 506 33
21 877 883
22 649 240
23 895 615
24 730 520
25 974 672
26 1000 680
27 879 32
28 83 84
29 663 615
30 789 969
31 390 924
32 362 765
33 624 387
34 166 851
35 2 750
36 228 864
37 129 626
38 578 802
39 750 684
40 427 207
41 404 450
42 305 740
43 377 57
44 839 742
45 916 614
46 830 634
47 194 643
48 414 5
49 322 221
50 791 28
51 376 232
52 344 988
53 963 274
54 411 451
55 273 166
56 57 299
57 934 374
58 918 319
59 656 260
60 280 633
61 676 710
62 239 383
63 934 251
64 306 84
65 265 641
66 2 924
67 147 647
68 548 372
69 353 791
70 861 510
71 661 614
72 319 321
73 279 338
74 717 870
DEMAND_SECTION
1 0
2 1
3 4
4 2
5 3
6 1
7 4
8 4
9 1
10 1
11 2
12 2
13 3
14 4
15 3
16 4
17 4
18 2
19 2
20 2
21 1
22 1
23 2
24 2
25 1
26 2
27 1
28 3
29 1
30 4
31 1
32 1
33 3
34 2
35 2
36 4
37 2
38 3
39 1
40 3
41 2
42 3
43 2
44 3
45 3
46 2
47 1
48 1
49 4
50 2
51 4
52 3
53 1
54 2
55 4
56 2
57 4
58 1
59 2
60 3
61 4
62 1
63 2
64 2
65 3
66 2
67 4
68 4
69 3
70 1
71 2
72 3
73 4
74 4
DEPOT_SECTION
 1
 -1
 EOF 