NAME: I22329-n79-k10
COMMENT : (Fake et al, No of trucks: 10, Optimal value: )
TYPE : CVRP
DIMENSION : 79
EDGE_WEIGHT_TYPE : EUC_2D
CAPACITY : 19
NODE_COORD_SECTION
1 527 630
2 294 457
3 370 596
4 444 370
5 496 325
6 456 82
7 46 939
8 484 152
9 653 350
10 456 613
11 561 333
12 856 568
13 561 389
14 506 900
15 827 768
16 873 865
17 882 569
18 32 161
19 922 640
20 54 68
21 980 796
22 836 565
23 851 835
24 256 129
25 525 292
26 788 922
27 314 962
28 4 240
29 901 331
30 10 589
31 709 66
32 604 10
33 182 292
34 380 787
35 587 286
36 210 726
37 558 648
38 360 376
39 420 291
40 843 272
41 170 285
42 684 943
43 167 70
44 227 730
45 871 970
46 667 916
47 841 98
48 915 841
49 316 433
50 260 166
51 480 388
52 419 696
53 890 968
54 804 424
55 366 291
56 239 704
57 271 331
58 277 555
59 786 815
60 181 902
61 813 544
62 354 507
63 106 246
64 272 829
65 906 86
66 721 555
67 910 564
68 720 500
69 1 910
70 127 927
71 321 889
72 967 609
73 593 49
74 499 700
75 54 550
76 74 834
77 600 445
78 474 457
79 171 56
DEMAND_SECTION
1 0
2 3
3 2
4 2
5 2
6 3
7 2
8 2
9 3
10 3
11 2
12 1
13 3
14 3
15 2
16 2
17 3
18 3
19 3
20 2
21 3
22 2
23 1
24 3
25 3
26 3
27 1
28 1
29 1
30 3
31 3
32 3
33 1
34 3
35 3
36 1
37 1
38 2
39 2
40 1
41 2
42 1
43 1
44 3
45 1
46 1
47 1
48 1
49 2
50 3
51 3
52 1
53 3
54 2
55 1
56 3
57 1
58 1
59 3
60 3
61 3
62 3
63 1
64 3
65 1
66 3
67 2
68 3
69 3
70 3
71 1
72 2
73 1
74 3
75 2
76 2
77 2
78 1
79 2
DEPOT_SECTION
 1
 -1
 EOF 