NAME: I22362-n88-k7
COMMENT : (Fake et al, No of trucks: 7, Optimal value: )
TYPE : CVRP
DIMENSION : 88
EDGE_WEIGHT_TYPE : EUC_2D
CAPACITY : 78
NODE_COORD_SECTION
1 178 598
2 776 993
3 906 37
4 395 990
5 483 855
6 558 454
7 830 663
8 46 219
9 916 601
10 216 409
11 94 400
12 635 768
13 998 668
14 962 471
15 343 53
16 762 537
17 464 114
18 559 800
19 15 523
20 382 978
21 85 214
22 890 766
23 231 340
24 366 727
25 610 906
26 8 850
27 944 935
28 12 985
29 253 688
30 354 859
31 208 680
32 375 138
33 543 74
34 366 525
35 193 155
36 265 340
37 249 360
38 155 991
39 528 274
40 28 436
41 840 982
42 55 468
43 596 548
44 543 177
45 22 378
46 689 951
47 148 879
48 97 976
49 867 943
50 819 846
51 862 638
52 650 271
53 478 150
54 904 482
55 262 931
56 366 723
57 861 3
58 164 719
59 989 249
60 765 445
61 948 559
62 368 867
63 275 899
64 836 156
65 943 176
66 857 178
67 583 359
68 675 280
69 881 797
70 915 955
71 624 454
72 241 924
73 480 57
74 484 753
75 202 902
76 108 974
77 824 675
78 191 192
79 493 336
80 205 527
81 247 175
82 661 102
83 823 641
84 991 414
85 589 129
86 200 633
87 488 679
88 532 345
DEMAND_SECTION
1 0
2 3
3 7
4 10
5 6
6 5
7 5
8 4
9 5
10 5
11 5
12 6
13 2
14 5
15 6
16 8
17 7
18 2
19 4
20 1
21 1
22 9
23 7
24 3
25 7
26 6
27 2
28 3
29 8
30 2
31 5
32 10
33 5
34 6
35 8
36 2
37 8
38 2
39 6
40 2
41 7
42 9
43 3
44 7
45 4
46 1
47 9
48 4
49 7
50 9
51 3
52 7
53 3
54 3
55 6
56 5
57 7
58 6
59 9
60 10
61 3
62 2
63 9
64 1
65 10
66 7
67 8
68 6
69 8
70 7
71 6
72 10
73 4
74 10
75 2
76 8
77 6
78 2
79 4
80 1
81 5
82 3
83 6
84 4
85 6
86 5
87 5
88 7
DEPOT_SECTION
 1
 -1
 EOF 