NAME: I22428-n85-k6
COMMENT : (Fake et al, No of trucks: 6, Optimal value: )
TYPE : CVRP
DIMENSION : 85
EDGE_WEIGHT_TYPE : EUC_2D
CAPACITY : 85
NODE_COORD_SECTION
1 545 407
2 82 187
3 64 390
4 839 345
5 478 660
6 217 749
7 652 434
8 20 382
9 991 179
10 805 516
11 930 669
12 305 101
13 9 921
14 103 693
15 743 562
16 450 821
17 385 633
18 27 84
19 354 677
20 187 269
21 895 654
22 839 93
23 852 544
24 603 957
25 266 849
26 817 693
27 431 480
28 740 467
29 378 615
30 623 549
31 114 693
32 649 39
33 336 678
34 874 510
35 524 547
36 835 960
37 505 978
38 536 769
39 939 405
40 63 485
41 155 546
42 687 610
43 225 862
44 540 993
45 675 964
46 740 158
47 483 277
48 531 539
49 747 548
50 368 105
51 359 609
52 377 655
53 847 677
54 887 633
55 453 585
56 496 287
57 402 902
58 579 998
59 594 250
60 278 505
61 704 889
62 308 825
63 693 678
64 814 202
65 546 536
66 119 380
67 308 841
68 376 43
69 504 652
70 58 419
71 242 113
72 486 185
73 267 708
74 861 469
75 392 763
76 454 620
77 991 317
78 963 432
79 485 789
80 307 736
81 797 296
82 354 823
83 811 431
84 574 934
85 707 436
DEMAND_SECTION
1 0
2 8
3 1
4 9
5 9
6 4
7 3
8 8
9 6
10 2
11 3
12 4
13 7
14 5
15 8
16 8
17 3
18 8
19 5
20 1
21 4
22 6
23 6
24 4
25 1
26 4
27 1
28 7
29 5
30 9
31 5
32 7
33 4
34 9
35 2
36 3
37 5
38 1
39 6
40 3
41 1
42 4
43 5
44 5
45 5
46 9
47 9
48 4
49 7
50 8
51 3
52 8
53 7
54 6
55 2
56 8
57 6
58 2
59 8
60 6
61 1
62 7
63 5
64 4
65 4
66 9
67 3
68 8
69 7
70 8
71 9
72 1
73 9
74 9
75 6
76 7
77 9
78 7
79 4
80 2
81 9
82 3
83 4
84 2
85 7
DEPOT_SECTION
 1
 -1
 EOF 