NAME: I2246-n31-k4
COMMENT : (Fake et al, No of trucks: 4, Optimal value: )
TYPE : CVRP
DIMENSION : 31
EDGE_WEIGHT_TYPE : EUC_2D
CAPACITY : 14
NODE_COORD_SECTION
1 391 653
2 408 705
3 918 971
4 60 575
5 676 326
6 610 564
7 828 872
8 111 217
9 348 680
10 709 84
11 175 735
12 222 431
13 383 263
14 636 865
15 967 466
16 606 439
17 930 27
18 473 955
19 448 312
20 93 604
21 24 454
22 60 439
23 775 464
24 598 78
25 696 523
26 84 325
27 944 931
28 701 200
29 337 920
30 723 72
31 140 201
DEMAND_SECTION
1 0
2 2
3 2
4 2
5 1
6 1
7 2
8 1
9 2
10 2
11 2
12 2
13 1
14 2
15 2
16 2
17 2
18 1
19 2
20 2
21 2
22 1
23 1
24 2
25 1
26 2
27 1
28 1
29 1
30 2
31 1
DEPOT_SECTION
 1
 -1
 EOF 