NAME: I22476-n75-k8
COMMENT : (Fake et al, No of trucks: 8, Optimal value: )
TYPE : CVRP
DIMENSION : 75
EDGE_WEIGHT_TYPE : EUC_2D
CAPACITY : 62
NODE_COORD_SECTION
1 360 992
2 713 192
3 359 53
4 357 944
5 691 179
6 772 355
7 395 970
8 484 862
9 509 813
10 967 344
11 977 4
12 225 870
13 482 526
14 524 894
15 370 782
16 610 50
17 236 865
18 318 762
19 482 904
20 922 975
21 635 369
22 776 698
23 729 915
24 6 726
25 684 948
26 435 630
27 466 881
28 969 868
29 51 993
30 875 381
31 959 400
32 872 994
33 448 495
34 939 97
35 538 944
36 350 757
37 503 435
38 256 442
39 664 115
40 167 758
41 360 83
42 111 877
43 933 900
44 331 674
45 474 885
46 251 246
47 401 62
48 333 989
49 165 915
50 620 139
51 386 718
52 726 439
53 566 764
54 846 840
55 147 614
56 284 316
57 386 480
58 764 712
59 805 199
60 64 998
61 718 135
62 844 129
63 785 746
64 901 780
65 335 136
66 709 602
67 999 15
68 53 531
69 152 836
70 805 350
71 597 669
72 693 322
73 830 761
74 619 876
75 489 233
DEMAND_SECTION
1 0
2 7
3 10
4 7
5 8
6 1
7 10
8 7
9 5
10 4
11 9
12 4
13 2
14 8
15 9
16 2
17 3
18 7
19 10
20 4
21 10
22 7
23 6
24 7
25 8
26 8
27 5
28 4
29 1
30 10
31 1
32 2
33 1
34 7
35 7
36 6
37 6
38 3
39 7
40 4
41 1
42 9
43 7
44 6
45 4
46 4
47 4
48 6
49 6
50 9
51 1
52 6
53 10
54 10
55 6
56 3
57 4
58 4
59 3
60 7
61 2
62 9
63 9
64 5
65 1
66 3
67 3
68 9
69 6
70 7
71 8
72 4
73 5
74 8
75 1
DEPOT_SECTION
 1
 -1
 EOF 