NAME: I22505-n79-k8
COMMENT : (Fake et al, No of trucks: 8, Optimal value: )
TYPE : CVRP
DIMENSION : 79
EDGE_WEIGHT_TYPE : EUC_2D
CAPACITY : 68
NODE_COORD_SECTION
1 750 308
2 910 324
3 125 332
4 579 240
5 42 446
6 295 338
7 977 132
8 559 319
9 101 453
10 581 545
11 247 95
12 793 136
13 771 808
14 515 414
15 515 682
16 83 82
17 249 387
18 683 37
19 934 719
20 835 40
21 153 411
22 293 73
23 913 573
24 578 885
25 287 349
26 380 171
27 709 464
28 930 686
29 978 622
30 934 982
31 182 341
32 972 962
33 18 788
34 667 35
35 497 342
36 597 824
37 113 947
38 916 418
39 292 460
40 342 426
41 25 407
42 395 81
43 192 500
44 266 581
45 957 440
46 487 389
47 813 201
48 641 898
49 239 784
50 146 662
51 53 682
52 942 440
53 128 88
54 287 124
55 486 843
56 911 492
57 771 643
58 597 247
59 988 57
60 923 361
61 332 22
62 972 903
63 934 281
64 526 277
65 579 332
66 960 856
67 371 79
68 647 335
69 57 999
70 886 730
71 598 260
72 229 933
73 647 662
74 634 317
75 422 453
76 14 817
77 87 793
78 510 367
79 481 114
DEMAND_SECTION
1 0
2 10
3 10
4 7
5 10
6 8
7 4
8 6
9 5
10 5
11 8
12 8
13 7
14 2
15 4
16 7
17 3
18 5
19 6
20 8
21 3
22 4
23 6
24 10
25 1
26 7
27 3
28 4
29 10
30 6
31 7
32 1
33 6
34 6
35 5
36 4
37 10
38 7
39 10
40 9
41 9
42 4
43 10
44 10
45 10
46 10
47 9
48 8
49 10
50 6
51 3
52 6
53 5
54 9
55 1
56 4
57 2
58 3
59 8
60 9
61 10
62 5
63 7
64 7
65 7
66 8
67 9
68 1
69 8
70 9
71 2
72 4
73 10
74 1
75 1
76 2
77 7
78 6
79 6
DEPOT_SECTION
 1
 -1
 EOF 