NAME: I22579-n83-k8
COMMENT : (Fake et al, No of trucks: 8, Optimal value: )
TYPE : CVRP
DIMENSION : 83
EDGE_WEIGHT_TYPE : EUC_2D
CAPACITY : 59
NODE_COORD_SECTION
1 952 407
2 924 722
3 688 803
4 817 136
5 553 82
6 531 9
7 320 234
8 943 791
9 817 978
10 184 265
11 489 673
12 310 13
13 28 50
14 964 295
15 221 448
16 29 964
17 345 320
18 905 82
19 874 989
20 533 379
21 198 503
22 869 187
23 358 848
24 953 66
25 427 836
26 901 120
27 926 715
28 950 697
29 38 13
30 20 151
31 886 34
32 198 998
33 447 978
34 837 926
35 37 193
36 569 795
37 965 382
38 568 907
39 127 207
40 818 772
41 267 703
42 426 219
43 708 73
44 514 981
45 576 142
46 536 107
47 891 237
48 258 735
49 256 845
50 302 615
51 500 254
52 798 147
53 105 595
54 0 152
55 428 510
56 933 850
57 157 661
58 309 163
59 965 543
60 603 413
61 313 889
62 557 711
63 536 325
64 798 495
65 747 318
66 226 331
67 404 823
68 661 98
69 219 432
70 548 142
71 618 972
72 112 553
73 527 37
74 439 109
75 992 841
76 250 829
77 253 745
78 805 238
79 671 272
80 861 346
81 833 480
82 588 684
83 366 593
DEMAND_SECTION
1 0
2 6
3 7
4 5
5 8
6 8
7 7
8 3
9 6
10 5
11 1
12 6
13 8
14 4
15 7
16 6
17 6
18 6
19 8
20 8
21 1
22 7
23 5
24 6
25 5
26 3
27 4
28 4
29 2
30 7
31 3
32 1
33 3
34 4
35 4
36 1
37 1
38 7
39 5
40 3
41 7
42 6
43 6
44 7
45 8
46 1
47 8
48 4
49 7
50 5
51 2
52 4
53 2
54 8
55 3
56 2
57 6
58 2
59 4
60 4
61 2
62 4
63 4
64 1
65 1
66 4
67 7
68 8
69 8
70 2
71 6
72 7
73 2
74 5
75 2
76 4
77 3
78 7
79 7
80 6
81 5
82 4
83 1
DEPOT_SECTION
 1
 -1
 EOF 