NAME: I22516-n85-k6
COMMENT : (Fake et al, No of trucks: 6, Optimal value: )
TYPE : CVRP
DIMENSION : 85
EDGE_WEIGHT_TYPE : EUC_2D
CAPACITY : 16
NODE_COORD_SECTION
1 700 246
2 628 791
3 361 610
4 193 65
5 98 256
6 125 865
7 579 535
8 917 988
9 242 360
10 281 938
11 418 565
12 621 818
13 539 526
14 843 537
15 647 965
16 505 114
17 525 846
18 568 791
19 388 123
20 162 149
21 798 932
22 384 156
23 542 466
24 30 642
25 224 976
26 117 408
27 468 930
28 413 528
29 109 932
30 851 398
31 811 344
32 793 946
33 842 893
34 377 416
35 812 893
36 267 96
37 642 125
38 728 368
39 676 639
40 661 142
41 365 300
42 418 514
43 266 718
44 202 723
45 867 43
46 590 192
47 234 938
48 417 844
49 775 541
50 962 631
51 14 970
52 964 568
53 767 731
54 785 661
55 281 345
56 438 47
57 846 953
58 324 276
59 518 696
60 540 451
61 800 155
62 733 211
63 278 682
64 621 281
65 606 430
66 686 218
67 724 304
68 789 577
69 863 176
70 225 182
71 270 814
72 103 794
73 395 115
74 307 82
75 806 758
76 803 659
77 515 733
78 212 122
79 738 782
80 448 56
81 253 508
82 47 818
83 206 419
84 141 139
85 886 60
DEMAND_SECTION
1 0
2 1
3 1
4 1
5 1
6 1
7 1
8 1
9 1
10 1
11 1
12 1
13 1
14 1
15 1
16 1
17 1
18 1
19 1
20 1
21 1
22 1
23 1
24 1
25 1
26 1
27 1
28 1
29 1
30 1
31 1
32 1
33 1
34 1
35 1
36 1
37 1
38 1
39 1
40 1
41 1
42 1
43 1
44 1
45 1
46 1
47 1
48 1
49 1
50 1
51 1
52 1
53 1
54 1
55 1
56 1
57 1
58 1
59 1
60 1
61 1
62 1
63 1
64 1
65 1
66 1
67 1
68 1
69 1
70 1
71 1
72 1
73 1
74 1
75 1
76 1
77 1
78 1
79 1
80 1
81 1
82 1
83 1
84 1
85 1
DEPOT_SECTION
 1
 -1
 EOF 