NAME: I22607-n91-k6
COMMENT : (Fake et al, No of trucks: 6, Optimal value: )
TYPE : CVRP
DIMENSION : 91
EDGE_WEIGHT_TYPE : EUC_2D
CAPACITY : 66
NODE_COORD_SECTION
1 3 854
2 456 25
3 94 917
4 959 644
5 129 233
6 533 633
7 629 194
8 779 658
9 828 330
10 821 715
11 976 193
12 82 121
13 551 671
14 779 236
15 827 419
16 544 382
17 296 237
18 394 816
19 208 790
20 804 533
21 887 295
22 806 682
23 11 268
24 530 531
25 311 613
26 787 679
27 633 565
28 662 564
29 714 941
30 76 545
31 816 549
32 37 969
33 657 224
34 678 443
35 805 371
36 927 362
37 941 56
38 815 414
39 465 598
40 561 352
41 504 518
42 456 795
43 219 317
44 956 296
45 661 361
46 798 977
47 864 755
48 156 82
49 705 327
50 912 577
51 213 812
52 996 187
53 46 330
54 337 889
55 138 536
56 937 548
57 598 642
58 865 915
59 579 664
60 349 491
61 34 527
62 551 949
63 868 206
64 597 168
65 558 104
66 512 723
67 446 335
68 667 713
69 230 31
70 334 621
71 486 783
72 430 285
73 340 801
74 421 949
75 497 641
76 385 423
77 853 394
78 127 692
79 756 339
80 335 375
81 169 734
82 723 61
83 741 808
84 8 581
85 255 572
86 54 335
87 959 905
88 312 199
89 182 111
90 399 130
91 341 919
DEMAND_SECTION
1 0
2 1
3 2
4 5
5 3
6 6
7 4
8 6
9 7
10 4
11 4
12 2
13 3
14 2
15 4
16 7
17 4
18 5
19 5
20 5
21 6
22 3
23 6
24 6
25 5
26 1
27 2
28 3
29 4
30 3
31 3
32 1
33 4
34 7
35 6
36 7
37 2
38 2
39 4
40 4
41 1
42 7
43 5
44 3
45 4
46 3
47 2
48 6
49 2
50 1
51 4
52 6
53 6
54 4
55 5
56 7
57 5
58 6
59 7
60 2
61 6
62 7
63 1
64 5
65 3
66 7
67 2
68 6
69 3
70 2
71 7
72 3
73 1
74 5
75 1
76 4
77 2
78 7
79 7
80 2
81 2
82 5
83 7
84 1
85 5
86 2
87 1
88 7
89 2
90 2
91 3
DEPOT_SECTION
 1
 -1
 EOF 