NAME: I22625-n99-k8
COMMENT : (Fake et al, No of trucks: 8, Optimal value: )
TYPE : CVRP
DIMENSION : 99
EDGE_WEIGHT_TYPE : EUC_2D
CAPACITY : 79
NODE_COORD_SECTION
1 489 716
2 106 533
3 904 158
4 894 566
5 289 844
6 956 342
7 21 794
8 732 79
9 902 879
10 193 2
11 60 970
12 651 852
13 248 887
14 80 600
15 776 64
16 64 885
17 316 921
18 224 76
19 95 743
20 686 152
21 502 546
22 513 504
23 703 712
24 551 366
25 763 331
26 765 747
27 768 289
28 72 722
29 563 809
30 98 579
31 958 895
32 837 327
33 602 417
34 832 897
35 952 543
36 828 398
37 794 641
38 338 637
39 45 930
40 805 474
41 724 549
42 881 227
43 463 440
44 979 386
45 383 229
46 190 300
47 203 470
48 101 213
49 649 67
50 844 724
51 596 383
52 667 452
53 365 42
54 717 916
55 278 982
56 706 70
57 626 689
58 742 648
59 947 523
60 17 526
61 927 156
62 85 669
63 779 771
64 90 710
65 696 171
66 564 872
67 502 860
68 952 587
69 567 930
70 81 686
71 470 341
72 362 405
73 592 871
74 901 698
75 634 679
76 403 114
77 70 431
78 437 109
79 299 144
80 437 689
81 550 366
82 209 585
83 847 991
84 65 28
85 257 904
86 851 134
87 852 202
88 262 706
89 209 300
90 393 633
91 782 535
92 612 718
93 0 533
94 330 237
95 557 118
96 87 869
97 183 668
98 180 843
99 425 89
DEMAND_SECTION
1 0
2 5
3 11
4 8
5 2
6 9
7 7
8 9
9 5
10 4
11 4
12 2
13 6
14 8
15 9
16 2
17 4
18 7
19 2
20 4
21 2
22 1
23 4
24 5
25 6
26 5
27 10
28 4
29 7
30 4
31 7
32 6
33 1
34 9
35 7
36 9
37 3
38 6
39 5
40 7
41 1
42 4
43 9
44 6
45 10
46 11
47 5
48 1
49 4
50 9
51 5
52 9
53 6
54 4
55 11
56 8
57 11
58 8
59 11
60 8
61 8
62 3
63 5
64 7
65 11
66 1
67 10
68 9
69 6
70 10
71 6
72 4
73 2
74 2
75 9
76 3
77 1
78 4
79 9
80 4
81 10
82 2
83 1
84 4
85 2
86 8
87 7
88 5
89 11
90 1
91 2
92 10
93 7
94 6
95 7
96 1
97 5
98 9
99 10
DEPOT_SECTION
 1
 -1
 EOF 