NAME: I22772-n94-k10
COMMENT : (Fake et al, No of trucks: 10, Optimal value: )
TYPE : CVRP
DIMENSION : 94
EDGE_WEIGHT_TYPE : EUC_2D
CAPACITY : 46
NODE_COORD_SECTION
1 812 28
2 956 907
3 808 899
4 130 449
5 232 983
6 246 241
7 550 177
8 127 365
9 319 461
10 631 213
11 319 570
12 566 750
13 379 498
14 170 722
15 499 117
16 671 618
17 879 99
18 176 204
19 781 283
20 1000 38
21 194 129
22 373 50
23 314 191
24 457 433
25 421 701
26 199 906
27 786 561
28 718 515
29 322 698
30 965 553
31 74 484
32 372 819
33 487 59
34 932 963
35 580 669
36 640 275
37 433 23
38 281 264
39 78 224
40 685 829
41 758 276
42 826 210
43 461 734
44 23 515
45 46 699
46 96 222
47 810 206
48 915 653
49 7 568
50 393 853
51 19 428
52 125 77
53 410 979
54 295 40
55 771 604
56 381 540
57 7 806
58 309 721
59 10 651
60 768 428
61 811 126
62 858 476
63 315 230
64 185 595
65 572 615
66 641 682
67 146 293
68 563 613
69 330 714
70 791 425
71 892 659
72 182 470
73 492 396
74 312 203
75 991 973
76 853 691
77 402 230
78 671 924
79 282 156
80 133 1
81 949 743
82 314 950
83 510 267
84 204 95
85 31 680
86 564 34
87 877 381
88 890 843
89 229 988
90 294 479
91 997 637
92 495 863
93 715 979
94 547 62
DEMAND_SECTION
1 0
2 4
3 3
4 1
5 4
6 6
7 8
8 3
9 6
10 7
11 2
12 1
13 7
14 1
15 4
16 3
17 4
18 5
19 4
20 3
21 6
22 1
23 4
24 4
25 2
26 6
27 1
28 7
29 7
30 1
31 5
32 6
33 7
34 1
35 5
36 1
37 7
38 4
39 2
40 6
41 3
42 2
43 1
44 1
45 5
46 7
47 8
48 7
49 6
50 6
51 4
52 1
53 5
54 4
55 6
56 7
57 4
58 3
59 7
60 5
61 2
62 2
63 8
64 4
65 5
66 5
67 4
68 2
69 5
70 8
71 1
72 2
73 4
74 8
75 5
76 8
77 8
78 4
79 7
80 8
81 7
82 7
83 2
84 8
85 6
86 3
87 3
88 3
89 5
90 3
91 6
92 5
93 4
94 7
DEPOT_SECTION
 1
 -1
 EOF 