NAME: I2283-n39-k5
COMMENT : (Fake et al, No of trucks: 5, Optimal value: )
TYPE : CVRP
DIMENSION : 39
EDGE_WEIGHT_TYPE : EUC_2D
CAPACITY : 62
NODE_COORD_SECTION
1 498 130
2 837 805
3 389 50
4 657 389
5 683 865
6 163 564
7 995 158
8 476 742
9 636 315
10 377 854
11 599 676
12 494 271
13 732 265
14 140 160
15 484 167
16 875 317
17 991 66
18 480 291
19 532 42
20 439 606
21 937 908
22 765 943
23 314 386
24 375 358
25 700 686
26 478 966
27 737 983
28 601 935
29 143 13
30 772 483
31 28 320
32 768 535
33 717 907
34 984 834
35 899 372
36 540 579
37 965 912
38 33 79
39 380 694
DEMAND_SECTION
1 0
2 2
3 8
4 5
5 10
6 5
7 7
8 3
9 10
10 11
11 6
12 9
13 7
14 3
15 1
16 8
17 7
18 8
19 6
20 9
21 9
22 11
23 10
24 10
25 1
26 7
27 4
28 6
29 7
30 8
31 2
32 2
33 8
34 9
35 10
36 10
37 5
38 9
39 9
DEPOT_SECTION
 1
 -1
 EOF 