NAME: I22837-n93-k8
COMMENT : (Fake et al, No of trucks: 8, Optimal value: )
TYPE : CVRP
DIMENSION : 93
EDGE_WEIGHT_TYPE : EUC_2D
CAPACITY : 48
NODE_COORD_SECTION
1 957 82
2 704 62
3 615 67
4 313 167
5 846 177
6 626 636
7 326 315
8 640 314
9 702 0
10 379 777
11 191 351
12 337 956
13 118 474
14 646 186
15 195 894
16 347 134
17 994 66
18 941 814
19 382 503
20 626 454
21 273 632
22 942 678
23 878 32
24 918 160
25 304 559
26 137 438
27 659 643
28 643 274
29 836 785
30 489 1
31 342 796
32 255 831
33 11 214
34 863 552
35 324 702
36 915 732
37 873 151
38 921 60
39 279 272
40 849 350
41 917 990
42 483 198
43 337 473
44 376 123
45 260 430
46 414 40
47 159 785
48 959 786
49 649 913
50 769 794
51 915 647
52 227 903
53 808 469
54 997 487
55 720 303
56 282 509
57 717 590
58 335 35
59 865 708
60 300 622
61 138 598
62 627 310
63 46 458
64 45 955
65 356 457
66 352 992
67 148 330
68 793 929
69 341 948
70 130 155
71 549 608
72 736 694
73 540 396
74 285 990
75 418 200
76 95 881
77 282 299
78 128 276
79 18 144
80 165 7
81 868 215
82 97 618
83 374 86
84 777 88
85 640 520
86 532 48
87 5 714
88 461 800
89 93 664
90 888 690
91 698 132
92 345 911
93 469 711
DEMAND_SECTION
1 0
2 2
3 3
4 1
5 6
6 3
7 5
8 2
9 4
10 6
11 2
12 4
13 5
14 6
15 1
16 4
17 6
18 1
19 5
20 6
21 5
22 4
23 5
24 1
25 5
26 5
27 3
28 5
29 2
30 5
31 1
32 5
33 3
34 3
35 5
36 3
37 1
38 2
39 1
40 4
41 6
42 2
43 3
44 5
45 6
46 3
47 2
48 4
49 3
50 6
51 5
52 5
53 4
54 2
55 2
56 5
57 3
58 3
59 6
60 2
61 1
62 2
63 5
64 6
65 4
66 2
67 6
68 1
69 3
70 2
71 1
72 3
73 6
74 2
75 2
76 5
77 6
78 5
79 6
80 4
81 3
82 6
83 5
84 2
85 5
86 6
87 6
88 5
89 6
90 5
91 2
92 4
93 1
DEPOT_SECTION
 1
 -1
 EOF 