NAME: I22867-n80-k7
COMMENT : (Fake et al, No of trucks: 7, Optimal value: )
TYPE : CVRP
DIMENSION : 80
EDGE_WEIGHT_TYPE : EUC_2D
CAPACITY : 60
NODE_COORD_SECTION
1 810 421
2 70 813
3 525 466
4 654 640
5 1000 158
6 937 860
7 91 588
8 99 661
9 140 210
10 694 313
11 433 626
12 431 708
13 905 855
14 889 903
15 681 712
16 660 813
17 931 983
18 73 16
19 538 419
20 40 987
21 530 46
22 3 59
23 240 366
24 789 437
25 599 160
26 169 593
27 570 136
28 199 294
29 985 8
30 922 405
31 881 228
32 573 342
33 939 121
34 211 530
35 102 686
36 53 443
37 736 807
38 209 73
39 607 947
40 536 836
41 314 626
42 215 978
43 902 750
44 719 347
45 545 425
46 717 173
47 845 746
48 235 223
49 142 803
50 282 708
51 24 129
52 974 954
53 937 383
54 598 646
55 196 365
56 342 30
57 164 99
58 140 749
59 514 230
60 56 590
61 63 981
62 614 219
63 199 367
64 241 160
65 409 594
66 807 165
67 799 859
68 401 706
69 541 181
70 265 712
71 670 59
72 708 429
73 829 842
74 424 240
75 14 656
76 516 217
77 655 190
78 266 277
79 650 346
80 152 63
DEMAND_SECTION
1 0
2 5
3 3
4 5
5 1
6 5
7 2
8 6
9 1
10 3
11 3
12 1
13 7
14 1
15 7
16 1
17 3
18 8
19 1
20 2
21 8
22 5
23 2
24 4
25 4
26 3
27 6
28 4
29 6
30 5
31 7
32 1
33 4
34 5
35 2
36 5
37 2
38 5
39 3
40 8
41 6
42 6
43 8
44 2
45 7
46 7
47 2
48 1
49 1
50 6
51 3
52 4
53 7
54 6
55 6
56 5
57 3
58 7
59 5
60 5
61 6
62 6
63 1
64 6
65 1
66 7
67 8
68 2
69 3
70 4
71 5
72 4
73 5
74 2
75 5
76 6
77 3
78 6
79 6
80 6
DEPOT_SECTION
 1
 -1
 EOF 