NAME: I22832-n96-k8
COMMENT : (Fake et al, No of trucks: 8, Optimal value: )
TYPE : CVRP
DIMENSION : 96
EDGE_WEIGHT_TYPE : EUC_2D
CAPACITY : 75
NODE_COORD_SECTION
1 133 933
2 9 134
3 477 73
4 886 482
5 388 25
6 16 735
7 387 575
8 884 827
9 58 306
10 111 821
11 980 242
12 780 992
13 208 463
14 530 655
15 323 716
16 248 299
17 464 568
18 135 652
19 843 918
20 738 819
21 80 560
22 696 338
23 267 235
24 53 626
25 617 758
26 80 534
27 310 609
28 504 128
29 993 408
30 886 247
31 197 899
32 264 267
33 309 855
34 897 900
35 67 367
36 365 555
37 406 60
38 409 459
39 113 421
40 268 957
41 562 416
42 831 702
43 206 259
44 715 861
45 299 634
46 115 48
47 5 859
48 578 646
49 544 727
50 434 82
51 498 210
52 767 469
53 805 445
54 550 266
55 13 818
56 303 296
57 892 462
58 794 700
59 779 954
60 736 692
61 25 644
62 861 710
63 668 155
64 46 245
65 256 63
66 508 96
67 53 450
68 809 323
69 147 780
70 223 686
71 666 812
72 428 127
73 74 973
74 721 482
75 876 73
76 579 783
77 25 715
78 665 837
79 611 38
80 595 946
81 711 971
82 525 764
83 393 738
84 154 857
85 611 85
86 166 888
87 336 498
88 550 46
89 648 522
90 393 629
91 595 239
92 703 999
93 930 75
94 740 745
95 467 251
96 240 202
DEMAND_SECTION
1 0
2 7
3 10
4 3
5 6
6 1
7 4
8 6
9 2
10 6
11 7
12 10
13 6
14 7
15 1
16 1
17 3
18 7
19 2
20 6
21 8
22 8
23 2
24 6
25 1
26 4
27 4
28 10
29 8
30 7
31 9
32 9
33 5
34 5
35 8
36 8
37 10
38 1
39 1
40 10
41 9
42 6
43 1
44 5
45 7
46 7
47 6
48 3
49 6
50 8
51 10
52 9
53 4
54 1
55 10
56 10
57 3
58 3
59 8
60 4
61 3
62 10
63 4
64 6
65 9
66 10
67 4
68 8
69 4
70 3
71 4
72 7
73 1
74 1
75 5
76 5
77 9
78 7
79 1
80 6
81 2
82 8
83 8
84 6
85 5
86 7
87 7
88 7
89 2
90 9
91 3
92 3
93 8
94 2
95 7
96 2
DEPOT_SECTION
 1
 -1
 EOF 