NAME: I22995-n99-k9
COMMENT : (Fake et al, No of trucks: 9, Optimal value: )
TYPE : CVRP
DIMENSION : 99
EDGE_WEIGHT_TYPE : EUC_2D
CAPACITY : 38
NODE_COORD_SECTION
1 127 125
2 463 584
3 327 621
4 202 61
5 321 848
6 735 521
7 495 28
8 593 836
9 130 164
10 82 448
11 850 246
12 675 724
13 927 68
14 453 847
15 702 118
16 582 159
17 391 915
18 933 632
19 218 843
20 996 506
21 266 248
22 596 343
23 679 592
24 509 887
25 188 324
26 335 734
27 834 695
28 43 985
29 447 373
30 509 865
31 675 189
32 994 775
33 106 292
34 163 746
35 253 151
36 213 735
37 610 995
38 608 734
39 26 195
40 153 839
41 970 460
42 800 419
43 224 180
44 184 724
45 611 570
46 700 589
47 176 968
48 821 257
49 219 434
50 898 504
51 967 129
52 855 310
53 492 810
54 878 320
55 53 985
56 192 835
57 617 487
58 904 712
59 405 360
60 671 853
61 53 28
62 954 85
63 728 663
64 487 745
65 280 961
66 850 657
67 694 41
68 848 962
69 259 107
70 782 12
71 248 522
72 622 906
73 527 300
74 429 434
75 246 316
76 779 558
77 273 169
78 320 258
79 560 666
80 125 326
81 126 938
82 132 946
83 746 138
84 405 178
85 214 908
86 70 295
87 543 427
88 133 370
89 300 635
90 936 133
91 255 365
92 674 341
93 464 727
94 818 919
95 981 731
96 979 959
97 854 744
98 639 723
99 997 405
DEMAND_SECTION
1 0
2 1
3 5
4 5
5 2
6 3
7 1
8 3
9 5
10 2
11 4
12 2
13 3
14 1
15 4
16 3
17 5
18 3
19 3
20 5
21 3
22 1
23 1
24 4
25 2
26 5
27 2
28 5
29 4
30 4
31 3
32 1
33 2
34 3
35 5
36 4
37 1
38 5
39 4
40 2
41 5
42 1
43 4
44 4
45 5
46 1
47 3
48 4
49 5
50 2
51 5
52 3
53 2
54 4
55 5
56 1
57 1
58 2
59 1
60 5
61 2
62 3
63 1
64 4
65 2
66 3
67 2
68 4
69 1
70 5
71 2
72 4
73 4
74 3
75 3
76 5
77 5
78 1
79 1
80 1
81 1
82 3
83 3
84 4
85 1
86 3
87 3
88 4
89 1
90 3
91 5
92 2
93 5
94 3
95 5
96 3
97 4
98 1
99 5
DEPOT_SECTION
 1
 -1
 EOF 