NAME: I22927-n83-k9
COMMENT : (Fake et al, No of trucks: 9, Optimal value: )
TYPE : CVRP
DIMENSION : 83
EDGE_WEIGHT_TYPE : EUC_2D
CAPACITY : 40
NODE_COORD_SECTION
1 746 301
2 522 310
3 977 964
4 924 75
5 132 27
6 106 295
7 509 895
8 638 975
9 901 656
10 510 423
11 167 803
12 726 280
13 282 13
14 618 375
15 421 797
16 812 108
17 522 620
18 708 256
19 33 103
20 13 48
21 714 872
22 124 223
23 803 321
24 131 426
25 115 436
26 153 113
27 645 288
28 246 524
29 173 136
30 817 530
31 923 835
32 590 23
33 240 293
34 607 470
35 8 592
36 759 698
37 312 975
38 974 452
39 984 305
40 489 265
41 444 841
42 2 921
43 58 575
44 328 369
45 535 418
46 280 48
47 297 793
48 209 222
49 379 914
50 321 205
51 572 360
52 914 236
53 157 214
54 96 260
55 984 129
56 355 521
57 244 804
58 43 55
59 11 209
60 74 874
61 260 447
62 725 890
63 582 668
64 336 542
65 811 381
66 31 321
67 363 364
68 940 789
69 673 815
70 678 340
71 135 388
72 32 223
73 109 20
74 103 801
75 31 359
76 53 641
77 93 675
78 148 394
79 139 637
80 775 975
81 745 492
82 370 981
83 609 993
DEMAND_SECTION
1 0
2 3
3 2
4 4
5 4
6 5
7 5
8 4
9 2
10 1
11 5
12 6
13 3
14 5
15 1
16 5
17 6
18 3
19 1
20 5
21 3
22 2
23 7
24 7
25 7
26 4
27 4
28 1
29 6
30 3
31 4
32 3
33 3
34 5
35 5
36 6
37 7
38 6
39 2
40 1
41 1
42 4
43 6
44 3
45 2
46 7
47 2
48 2
49 4
50 4
51 5
52 4
53 4
54 5
55 4
56 5
57 7
58 3
59 3
60 3
61 5
62 6
63 4
64 1
65 3
66 6
67 3
68 3
69 4
70 6
71 2
72 6
73 5
74 4
75 5
76 4
77 1
78 7
79 3
80 2
81 5
82 1
83 6
DEPOT_SECTION
 1
 -1
 EOF 