NAME: I22906-n91-k8
COMMENT : (Fake et al, No of trucks: 8, Optimal value: )
TYPE : CVRP
DIMENSION : 91
EDGE_WEIGHT_TYPE : EUC_2D
CAPACITY : 51
NODE_COORD_SECTION
1 681 405
2 223 370
3 469 325
4 439 837
5 266 200
6 303 392
7 775 350
8 196 432
9 585 216
10 411 182
11 103 924
12 126 320
13 704 723
14 678 912
15 98 66
16 882 108
17 466 283
18 344 197
19 627 219
20 351 16
21 630 468
22 227 707
23 505 485
24 330 227
25 122 936
26 874 39
27 553 373
28 375 864
29 737 670
30 936 428
31 958 465
32 317 884
33 664 275
34 25 604
35 237 361
36 211 287
37 542 489
38 74 637
39 434 787
40 983 972
41 188 533
42 729 472
43 645 549
44 833 914
45 189 281
46 869 991
47 870 84
48 955 51
49 198 995
50 761 973
51 431 395
52 441 718
53 67 321
54 40 601
55 399 124
56 407 810
57 735 666
58 917 22
59 28 756
60 687 724
61 859 939
62 827 612
63 455 414
64 337 952
65 152 894
66 337 194
67 729 411
68 4 390
69 830 887
70 999 727
71 571 825
72 275 352
73 270 29
74 913 106
75 720 945
76 531 794
77 123 297
78 267 780
79 756 893
80 702 312
81 71 281
82 364 192
83 893 132
84 305 188
85 994 478
86 608 406
87 29 166
88 254 887
89 602 377
90 827 495
91 870 896
DEMAND_SECTION
1 0
2 7
3 2
4 1
5 6
6 7
7 4
8 7
9 5
10 5
11 4
12 5
13 4
14 3
15 7
16 2
17 2
18 6
19 4
20 1
21 3
22 1
23 7
24 4
25 2
26 2
27 4
28 6
29 1
30 3
31 3
32 6
33 4
34 5
35 4
36 4
37 4
38 4
39 6
40 5
41 2
42 2
43 4
44 4
45 4
46 7
47 7
48 4
49 5
50 4
51 3
52 6
53 4
54 5
55 4
56 5
57 7
58 1
59 2
60 4
61 5
62 7
63 6
64 2
65 7
66 4
67 6
68 1
69 5
70 3
71 5
72 2
73 4
74 4
75 5
76 3
77 4
78 3
79 3
80 4
81 5
82 1
83 3
84 2
85 4
86 4
87 1
88 3
89 2
90 7
91 1
DEPOT_SECTION
 1
 -1
 EOF 