NAME: I23043-n93-k8
COMMENT : (Fake et al, No of trucks: 8, Optimal value: )
TYPE : CVRP
DIMENSION : 93
EDGE_WEIGHT_TYPE : EUC_2D
CAPACITY : 74
NODE_COORD_SECTION
1 389 821
2 478 338
3 324 616
4 281 121
5 772 590
6 632 36
7 428 900
8 109 735
9 344 935
10 637 141
11 835 553
12 938 972
13 680 22
14 824 680
15 948 365
16 663 264
17 764 212
18 978 689
19 387 923
20 788 723
21 320 539
22 424 730
23 528 335
24 514 745
25 302 786
26 204 575
27 472 857
28 542 817
29 692 808
30 36 4
31 998 54
32 233 643
33 96 87
34 10 203
35 315 393
36 473 762
37 186 270
38 204 703
39 279 579
40 167 176
41 492 77
42 588 802
43 455 675
44 855 582
45 215 331
46 992 267
47 614 923
48 733 29
49 779 376
50 350 352
51 768 196
52 772 499
53 163 455
54 956 317
55 701 35
56 403 98
57 451 109
58 759 337
59 456 860
60 746 149
61 425 367
62 613 168
63 612 405
64 88 211
65 281 924
66 502 336
67 886 775
68 570 193
69 580 316
70 661 137
71 852 414
72 575 56
73 944 25
74 130 344
75 556 483
76 394 687
77 808 744
78 35 438
79 862 171
80 684 489
81 855 25
82 369 291
83 162 1000
84 797 241
85 372 193
86 719 472
87 314 260
88 57 818
89 472 8
90 985 16
91 756 375
92 359 434
93 230 791
DEMAND_SECTION
1 0
2 3
3 6
4 9
5 3
6 8
7 8
8 7
9 1
10 4
11 7
12 2
13 1
14 9
15 5
16 4
17 1
18 9
19 9
20 3
21 9
22 9
23 2
24 1
25 9
26 5
27 9
28 3
29 8
30 2
31 9
32 8
33 9
34 6
35 3
36 2
37 2
38 1
39 4
40 1
41 3
42 9
43 2
44 5
45 6
46 3
47 7
48 2
49 5
50 9
51 2
52 7
53 8
54 5
55 8
56 4
57 6
58 9
59 5
60 1
61 9
62 1
63 7
64 9
65 7
66 7
67 6
68 7
69 6
70 5
71 6
72 5
73 4
74 7
75 6
76 5
77 6
78 4
79 8
80 8
81 2
82 6
83 5
84 3
85 8
86 4
87 9
88 9
89 3
90 4
91 4
92 6
93 8
DEPOT_SECTION
 1
 -1
 EOF 