NAME: I23060-n79-k8
COMMENT : (Fake et al, No of trucks: 8, Optimal value: )
TYPE : CVRP
DIMENSION : 79
EDGE_WEIGHT_TYPE : EUC_2D
CAPACITY : 29
NODE_COORD_SECTION
1 82 915
2 61 187
3 511 128
4 853 1
5 962 305
6 38 857
7 776 861
8 921 632
9 312 904
10 393 877
11 160 963
12 16 88
13 720 185
14 184 141
15 625 434
16 115 339
17 97 236
18 593 717
19 864 967
20 770 202
21 527 813
22 968 608
23 612 377
24 342 259
25 853 174
26 367 291
27 526 373
28 341 675
29 576 153
30 5 345
31 525 108
32 235 919
33 703 419
34 719 30
35 975 972
36 703 384
37 764 3
38 348 603
39 778 507
40 606 28
41 277 29
42 246 14
43 431 442
44 243 646
45 9 625
46 851 515
47 677 775
48 121 295
49 109 623
50 480 813
51 398 370
52 512 631
53 537 622
54 86 935
55 193 208
56 235 584
57 797 824
58 825 886
59 838 935
60 410 613
61 555 429
62 821 653
63 545 265
64 342 726
65 706 191
66 376 14
67 261 196
68 602 38
69 246 141
70 305 122
71 126 818
72 290 68
73 18 633
74 258 77
75 530 509
76 631 621
77 132 456
78 627 596
79 158 412
DEMAND_SECTION
1 0
2 3
3 4
4 3
5 2
6 1
7 1
8 3
9 1
10 2
11 4
12 4
13 3
14 1
15 3
16 4
17 4
18 4
19 1
20 4
21 3
22 1
23 3
24 2
25 1
26 3
27 2
28 4
29 1
30 1
31 2
32 1
33 1
34 4
35 2
36 2
37 4
38 2
39 3
40 2
41 1
42 1
43 1
44 2
45 2
46 4
47 3
48 4
49 4
50 4
51 2
52 4
53 3
54 1
55 4
56 3
57 2
58 1
59 2
60 3
61 2
62 1
63 4
64 4
65 4
66 4
67 4
68 3
69 4
70 2
71 4
72 4
73 4
74 1
75 2
76 1
77 3
78 2
79 2
DEPOT_SECTION
 1
 -1
 EOF 