NAME: I23046-n70-k7
COMMENT : (Fake et al, No of trucks: 7, Optimal value: )
TYPE : CVRP
DIMENSION : 70
EDGE_WEIGHT_TYPE : EUC_2D
CAPACITY : 64
NODE_COORD_SECTION
1 788 529
2 278 47
3 265 727
4 544 939
5 630 126
6 568 638
7 279 41
8 372 532
9 646 325
10 896 474
11 804 737
12 544 971
13 892 729
14 50 378
15 421 259
16 764 352
17 507 953
18 929 350
19 470 201
20 136 950
21 427 959
22 805 992
23 520 486
24 28 221
25 203 483
26 383 480
27 28 801
28 226 529
29 92 360
30 876 179
31 96 77
32 780 46
33 187 962
34 385 843
35 337 68
36 774 462
37 877 481
38 275 640
39 278 728
40 342 191
41 654 537
42 391 824
43 251 91
44 613 291
45 752 406
46 85 66
47 360 830
48 218 944
49 683 891
50 690 796
51 413 73
52 645 683
53 125 459
54 642 729
55 585 862
56 301 233
57 470 365
58 308 498
59 385 539
60 699 275
61 352 630
62 386 218
63 617 810
64 455 891
65 2 504
66 933 704
67 510 897
68 801 928
69 639 994
70 130 13
DEMAND_SECTION
1 0
2 6
3 11
4 11
5 1
6 5
7 5
8 8
9 2
10 10
11 1
12 6
13 6
14 3
15 9
16 3
17 11
18 2
19 2
20 3
21 1
22 10
23 9
24 10
25 3
26 11
27 9
28 2
29 8
30 2
31 5
32 8
33 2
34 2
35 2
36 3
37 2
38 4
39 1
40 4
41 11
42 6
43 1
44 10
45 4
46 7
47 11
48 9
49 10
50 11
51 9
52 2
53 8
54 11
55 8
56 3
57 2
58 1
59 11
60 7
61 1
62 11
63 4
64 8
65 4
66 11
67 5
68 8
69 6
70 7
DEPOT_SECTION
 1
 -1
 EOF 