NAME: I23121-n88-k7
COMMENT : (Fake et al, No of trucks: 7, Optimal value: )
TYPE : CVRP
DIMENSION : 88
EDGE_WEIGHT_TYPE : EUC_2D
CAPACITY : 57
NODE_COORD_SECTION
1 336 131
2 780 463
3 817 251
4 390 617
5 680 646
6 968 396
7 54 556
8 778 995
9 404 908
10 748 936
11 888 720
12 288 606
13 708 610
14 478 70
15 715 713
16 545 59
17 70 241
18 777 6
19 650 231
20 269 938
21 739 712
22 576 84
23 226 843
24 624 267
25 796 302
26 599 311
27 368 616
28 572 522
29 849 419
30 489 591
31 213 338
32 652 35
33 225 428
34 60 772
35 606 572
36 877 334
37 623 862
38 589 515
39 765 882
40 142 959
41 972 65
42 49 774
43 955 418
44 802 464
45 357 368
46 26 872
47 328 193
48 847 700
49 511 102
50 590 733
51 91 965
52 951 715
53 419 698
54 472 921
55 186 48
56 952 768
57 501 99
58 455 754
59 686 715
60 138 469
61 773 970
62 665 450
63 253 463
64 926 271
65 745 668
66 31 98
67 238 937
68 923 684
69 673 806
70 107 905
71 312 906
72 235 173
73 487 33
74 932 538
75 179 776
76 869 333
77 230 891
78 998 417
79 302 561
80 466 15
81 872 98
82 192 876
83 265 850
84 659 389
85 192 261
86 542 253
87 375 652
88 198 826
DEMAND_SECTION
1 0
2 5
3 7
4 4
5 2
6 7
7 2
8 3
9 1
10 4
11 1
12 6
13 2
14 8
15 1
16 8
17 2
18 2
19 3
20 4
21 1
22 8
23 7
24 5
25 8
26 8
27 3
28 1
29 5
30 2
31 4
32 8
33 6
34 4
35 7
36 1
37 2
38 8
39 5
40 1
41 8
42 4
43 4
44 6
45 1
46 7
47 3
48 1
49 8
50 8
51 5
52 2
53 3
54 3
55 7
56 6
57 3
58 4
59 1
60 2
61 5
62 3
63 1
64 2
65 8
66 6
67 3
68 8
69 7
70 5
71 8
72 3
73 8
74 6
75 3
76 5
77 5
78 5
79 3
80 1
81 4
82 2
83 3
84 6
85 6
86 1
87 1
88 4
DEPOT_SECTION
 1
 -1
 EOF 