NAME: I23128-n80-k8
COMMENT : (Fake et al, No of trucks: 8, Optimal value: )
TYPE : CVRP
DIMENSION : 80
EDGE_WEIGHT_TYPE : EUC_2D
CAPACITY : 11
NODE_COORD_SECTION
1 598 501
2 782 717
3 186 855
4 410 590
5 480 178
6 887 812
7 454 213
8 616 30
9 641 300
10 656 387
11 422 521
12 617 356
13 804 34
14 109 793
15 972 225
16 183 248
17 920 912
18 720 997
19 777 803
20 750 907
21 553 882
22 402 728
23 727 239
24 756 54
25 834 292
26 554 809
27 728 174
28 918 441
29 791 574
30 737 844
31 99 737
32 773 386
33 941 939
34 266 813
35 345 989
36 335 349
37 915 515
38 392 989
39 937 567
40 90 957
41 753 611
42 496 987
43 424 516
44 220 230
45 832 614
46 531 915
47 340 302
48 326 941
49 83 157
50 434 140
51 571 922
52 354 137
53 916 780
54 805 459
55 818 749
56 978 623
57 462 193
58 908 564
59 729 849
60 300 576
61 709 136
62 243 865
63 546 262
64 974 192
65 871 270
66 881 993
67 752 809
68 24 395
69 249 351
70 252 789
71 932 901
72 511 190
73 364 979
74 52 651
75 770 96
76 651 322
77 666 306
78 184 955
79 723 880
80 499 520
DEMAND_SECTION
1 0
2 1
3 1
4 1
5 1
6 1
7 1
8 1
9 1
10 1
11 1
12 1
13 1
14 1
15 1
16 1
17 1
18 1
19 1
20 1
21 1
22 1
23 1
24 1
25 1
26 1
27 1
28 1
29 1
30 1
31 1
32 1
33 1
34 1
35 1
36 1
37 1
38 1
39 1
40 1
41 1
42 1
43 1
44 1
45 1
46 1
47 1
48 1
49 1
50 1
51 1
52 1
53 1
54 1
55 1
56 1
57 1
58 1
59 1
60 1
61 1
62 1
63 1
64 1
65 1
66 1
67 1
68 1
69 1
70 1
71 1
72 1
73 1
74 1
75 1
76 1
77 1
78 1
79 1
80 1
DEPOT_SECTION
 1
 -1
 EOF 