NAME: I23199-n77-k9
COMMENT : (Fake et al, No of trucks: 9, Optimal value: )
TYPE : CVRP
DIMENSION : 77
EDGE_WEIGHT_TYPE : EUC_2D
CAPACITY : 19
NODE_COORD_SECTION
1 695 229
2 780 484
3 213 681
4 91 68
5 449 754
6 27 738
7 433 760
8 592 696
9 619 452
10 628 303
11 979 714
12 389 826
13 162 322
14 265 176
15 482 451
16 876 136
17 56 996
18 668 683
19 497 403
20 335 836
21 595 687
22 670 169
23 738 14
24 891 325
25 455 823
26 311 54
27 379 444
28 837 525
29 740 487
30 116 900
31 922 312
32 273 828
33 642 163
34 57 834
35 305 325
36 423 541
37 433 415
38 592 864
39 790 515
40 916 892
41 753 446
42 308 730
43 780 393
44 381 444
45 93 831
46 90 694
47 392 430
48 183 948
49 836 524
50 231 401
51 303 385
52 162 154
53 46 14
54 16 719
55 180 976
56 805 88
57 980 939
58 426 776
59 168 857
60 743 739
61 779 325
62 150 636
63 435 958
64 416 859
65 511 343
66 616 678
67 660 324
68 500 577
69 949 910
70 3 254
71 437 931
72 30 925
73 845 130
74 734 129
75 150 789
76 751 163
77 758 107
DEMAND_SECTION
1 0
2 3
3 3
4 3
5 3
6 2
7 1
8 2
9 2
10 1
11 3
12 1
13 2
14 1
15 2
16 2
17 3
18 1
19 2
20 3
21 2
22 2
23 2
24 3
25 3
26 3
27 2
28 1
29 3
30 3
31 1
32 1
33 3
34 1
35 2
36 3
37 2
38 1
39 1
40 2
41 1
42 1
43 3
44 2
45 2
46 1
47 2
48 1
49 1
50 1
51 2
52 1
53 2
54 2
55 2
56 3
57 1
58 3
59 2
60 3
61 2
62 1
63 3
64 1
65 2
66 2
67 1
68 3
69 2
70 3
71 1
72 2
73 3
74 1
75 3
76 1
77 1
DEPOT_SECTION
 1
 -1
 EOF 