NAME: I23143-n88-k7
COMMENT : (Fake et al, No of trucks: 7, Optimal value: )
TYPE : CVRP
DIMENSION : 88
EDGE_WEIGHT_TYPE : EUC_2D
CAPACITY : 22
NODE_COORD_SECTION
1 257 39
2 387 224
3 733 880
4 452 119
5 58 790
6 445 114
7 805 207
8 494 141
9 374 602
10 908 649
11 848 850
12 325 442
13 62 340
14 294 811
15 747 119
16 360 277
17 634 809
18 42 142
19 258 749
20 842 889
21 428 884
22 718 506
23 36 989
24 335 817
25 992 681
26 573 171
27 884 909
28 338 807
29 422 237
30 974 711
31 432 682
32 156 390
33 428 366
34 555 460
35 538 889
36 959 239
37 526 20
38 581 775
39 705 429
40 353 898
41 336 478
42 175 446
43 725 653
44 558 198
45 625 16
46 904 77
47 835 463
48 356 79
49 15 584
50 298 392
51 468 733
52 367 748
53 988 649
54 719 175
55 368 219
56 23 76
57 840 490
58 202 971
59 532 602
60 827 360
61 442 900
62 448 63
63 887 773
64 528 240
65 1 308
66 277 881
67 696 469
68 213 498
69 199 840
70 991 574
71 826 795
72 982 900
73 714 285
74 114 510
75 60 471
76 275 550
77 960 712
78 943 814
79 828 443
80 800 564
81 113 585
82 456 689
83 548 982
84 421 730
85 103 488
86 337 198
87 385 999
88 281 331
DEMAND_SECTION
1 0
2 1
3 2
4 1
5 1
6 1
7 1
8 2
9 1
10 2
11 1
12 2
13 2
14 2
15 2
16 1
17 1
18 2
19 1
20 1
21 1
22 2
23 1
24 2
25 1
26 1
27 2
28 2
29 2
30 1
31 2
32 1
33 1
34 2
35 1
36 1
37 1
38 2
39 1
40 2
41 1
42 2
43 1
44 2
45 1
46 2
47 1
48 1
49 1
50 2
51 1
52 1
53 1
54 2
55 2
56 1
57 1
58 2
59 2
60 2
61 2
62 1
63 1
64 1
65 2
66 2
67 1
68 1
69 2
70 2
71 1
72 2
73 2
74 2
75 1
76 1
77 2
78 2
79 2
80 2
81 2
82 1
83 2
84 2
85 2
86 1
87 1
88 2
DEPOT_SECTION
 1
 -1
 EOF 