NAME: I23260-n90-k7
COMMENT : (Fake et al, No of trucks: 7, Optimal value: )
TYPE : CVRP
DIMENSION : 90
EDGE_WEIGHT_TYPE : EUC_2D
CAPACITY : 30
NODE_COORD_SECTION
1 89 248
2 308 661
3 169 176
4 77 134
5 853 40
6 335 609
7 82 653
8 923 207
9 458 395
10 434 7
11 171 838
12 888 881
13 851 851
14 319 523
15 382 530
16 161 303
17 265 317
18 528 633
19 994 171
20 706 942
21 432 57
22 959 100
23 810 459
24 626 948
25 811 375
26 949 76
27 158 94
28 916 387
29 310 650
30 759 660
31 238 902
32 113 213
33 405 585
34 657 889
35 12 501
36 746 881
37 132 120
38 56 566
39 870 787
40 359 64
41 438 529
42 319 682
43 145 110
44 650 27
45 549 689
46 806 700
47 165 391
48 29 853
49 734 744
50 530 57
51 135 104
52 957 695
53 23 713
54 708 457
55 675 406
56 148 674
57 151 553
58 790 39
59 8 568
60 435 271
61 448 281
62 550 782
63 789 23
64 207 908
65 587 869
66 107 609
67 741 315
68 12 667
69 95 905
70 264 51
71 124 643
72 450 67
73 104 808
74 505 86
75 271 447
76 725 842
77 817 640
78 864 86
79 764 610
80 881 519
81 143 610
82 734 664
83 369 650
84 317 443
85 689 681
86 339 500
87 369 896
88 99 504
89 716 621
90 376 920
DEMAND_SECTION
1 0
2 3
3 2
4 3
5 2
6 3
7 3
8 3
9 3
10 3
11 3
12 3
13 3
14 3
15 3
16 3
17 2
18 3
19 3
20 2
21 1
22 1
23 2
24 2
25 1
26 3
27 1
28 1
29 2
30 3
31 1
32 1
33 3
34 3
35 2
36 2
37 1
38 1
39 2
40 1
41 2
42 1
43 2
44 1
45 2
46 2
47 2
48 3
49 3
50 3
51 1
52 2
53 3
54 1
55 3
56 2
57 1
58 1
59 1
60 3
61 3
62 1
63 3
64 1
65 2
66 3
67 1
68 1
69 1
70 1
71 1
72 3
73 3
74 2
75 3
76 2
77 1
78 1
79 1
80 1
81 1
82 2
83 3
84 1
85 2
86 3
87 1
88 1
89 3
90 1
DEPOT_SECTION
 1
 -1
 EOF 