NAME: I23247-n74-k10
COMMENT : (Fake et al, No of trucks: 10, Optimal value: )
TYPE : CVRP
DIMENSION : 74
EDGE_WEIGHT_TYPE : EUC_2D
CAPACITY : 27
NODE_COORD_SECTION
1 19 286
2 930 695
3 402 833
4 189 926
5 607 483
6 815 920
7 220 101
8 476 124
9 866 686
10 482 25
11 543 619
12 28 135
13 984 279
14 399 229
15 126 751
16 991 394
17 376 896
18 156 552
19 340 339
20 688 607
21 414 880
22 852 352
23 97 629
24 349 955
25 837 447
26 415 588
27 484 317
28 545 418
29 401 611
30 342 269
31 307 261
32 486 451
33 772 49
34 124 683
35 691 538
36 298 139
37 960 48
38 887 472
39 601 635
40 683 205
41 995 746
42 547 869
43 12 414
44 929 660
45 443 322
46 467 732
47 556 49
48 559 257
49 794 697
50 777 294
51 383 271
52 350 64
53 463 557
54 998 761
55 721 62
56 903 641
57 258 546
58 230 782
59 121 461
60 440 609
61 6 646
62 387 61
63 138 674
64 395 478
65 358 134
66 273 432
67 278 698
68 990 901
69 165 567
70 40 665
71 56 665
72 22 257
73 442 777
74 50 730
DEMAND_SECTION
1 0
2 4
3 5
4 4
5 3
6 4
7 4
8 5
9 2
10 4
11 5
12 2
13 4
14 5
15 2
16 5
17 3
18 2
19 5
20 3
21 4
22 2
23 3
24 3
25 2
26 3
27 1
28 1
29 1
30 2
31 4
32 5
33 1
34 1
35 3
36 3
37 1
38 2
39 5
40 4
41 3
42 4
43 2
44 4
45 2
46 3
47 5
48 2
49 4
50 1
51 3
52 1
53 4
54 1
55 4
56 4
57 5
58 4
59 1
60 1
61 5
62 2
63 5
64 1
65 1
66 5
67 3
68 5
69 1
70 5
71 4
72 4
73 5
74 4
DEPOT_SECTION
 1
 -1
 EOF 