NAME: I23279-n72-k10
COMMENT : (Fake et al, No of trucks: 10, Optimal value: )
TYPE : CVRP
DIMENSION : 72
EDGE_WEIGHT_TYPE : EUC_2D
CAPACITY : 9
NODE_COORD_SECTION
1 667 506
2 781 599
3 75 617
4 811 172
5 949 694
6 773 180
7 181 19
8 280 546
9 495 999
10 431 692
11 401 347
12 80 159
13 133 506
14 467 924
15 771 911
16 634 227
17 895 715
18 526 362
19 180 480
20 321 920
21 768 597
22 467 596
23 649 821
24 333 886
25 928 310
26 890 924
27 285 740
28 408 178
29 534 376
30 988 264
31 197 177
32 520 193
33 285 361
34 264 85
35 902 115
36 488 163
37 204 542
38 176 950
39 773 596
40 57 916
41 65 560
42 844 9
43 618 10
44 483 199
45 225 115
46 265 361
47 447 602
48 902 373
49 478 265
50 399 98
51 26 186
52 410 288
53 63 211
54 841 824
55 649 828
56 359 635
57 961 80
58 92 620
59 799 796
60 141 859
61 673 501
62 987 853
63 474 133
64 666 80
65 409 425
66 798 359
67 685 621
68 74 891
69 34 232
70 335 734
71 535 791
72 604 462
DEMAND_SECTION
1 0
2 1
3 1
4 1
5 1
6 1
7 1
8 1
9 1
10 1
11 1
12 1
13 1
14 1
15 1
16 1
17 1
18 1
19 1
20 1
21 1
22 1
23 1
24 1
25 1
26 1
27 1
28 1
29 1
30 1
31 1
32 1
33 1
34 1
35 1
36 1
37 1
38 1
39 1
40 1
41 1
42 1
43 1
44 1
45 1
46 1
47 1
48 1
49 1
50 1
51 1
52 1
53 1
54 1
55 1
56 1
57 1
58 1
59 1
60 1
61 1
62 1
63 1
64 1
65 1
66 1
67 1
68 1
69 1
70 1
71 1
72 1
DEPOT_SECTION
 1
 -1
 EOF 