NAME: I23249-n75-k9
COMMENT : (Fake et al, No of trucks: 9, Optimal value: )
TYPE : CVRP
DIMENSION : 75
EDGE_WEIGHT_TYPE : EUC_2D
CAPACITY : 33
NODE_COORD_SECTION
1 727 524
2 795 573
3 925 589
4 0 831
5 516 205
6 877 285
7 270 654
8 460 541
9 386 933
10 68 951
11 949 904
12 331 63
13 333 669
14 720 857
15 442 31
16 170 495
17 469 670
18 827 657
19 833 424
20 804 306
21 239 787
22 33 113
23 81 435
24 988 193
25 315 800
26 9 592
27 51 697
28 380 760
29 852 793
30 38 211
31 153 332
32 712 922
33 609 329
34 245 771
35 634 499
36 287 199
37 737 535
38 477 817
39 604 786
40 170 143
41 985 475
42 864 712
43 95 573
44 417 518
45 482 677
46 704 820
47 7 568
48 764 431
49 518 822
50 10 749
51 620 223
52 872 676
53 629 240
54 467 629
55 187 994
56 861 452
57 980 145
58 559 807
59 724 244
60 304 593
61 201 105
62 211 321
63 567 760
64 417 85
65 737 152
66 505 684
67 636 644
68 925 70
69 27 768
70 837 104
71 962 474
72 404 543
73 486 930
74 446 739
75 714 191
DEMAND_SECTION
1 0
2 1
3 3
4 2
5 3
6 2
7 4
8 6
9 5
10 2
11 4
12 6
13 4
14 4
15 5
16 1
17 5
18 3
19 3
20 6
21 3
22 4
23 5
24 4
25 3
26 1
27 4
28 6
29 4
30 1
31 4
32 5
33 1
34 5
35 4
36 1
37 4
38 6
39 6
40 4
41 3
42 6
43 4
44 3
45 6
46 5
47 1
48 6
49 5
50 5
51 4
52 5
53 6
54 1
55 1
56 1
57 6
58 4
59 4
60 1
61 4
62 2
63 6
64 4
65 5
66 5
67 2
68 4
69 1
70 1
71 4
72 3
73 3
74 3
75 1
DEPOT_SECTION
 1
 -1
 EOF 