NAME: I23320-n90-k8
COMMENT : (Fake et al, No of trucks: 8, Optimal value: )
TYPE : CVRP
DIMENSION : 90
EDGE_WEIGHT_TYPE : EUC_2D
CAPACITY : 19
NODE_COORD_SECTION
1 747 236
2 977 624
3 637 995
4 621 35
5 376 818
6 220 249
7 668 983
8 444 361
9 630 481
10 97 112
11 194 400
12 825 941
13 88 359
14 62 44
15 636 530
16 823 12
17 600 771
18 60 801
19 37 428
20 46 218
21 737 353
22 985 875
23 60 567
24 422 797
25 955 178
26 84 304
27 818 578
28 268 733
29 200 402
30 737 675
31 858 405
32 456 123
33 809 512
34 640 867
35 703 307
36 473 660
37 317 961
38 431 678
39 250 223
40 429 203
41 950 264
42 456 464
43 640 979
44 636 98
45 693 615
46 672 97
47 712 900
48 78 751
49 169 42
50 410 532
51 99 652
52 434 332
53 110 926
54 716 238
55 307 945
56 974 867
57 452 452
58 448 93
59 663 533
60 815 434
61 13 588
62 139 631
63 642 716
64 100 11
65 836 500
66 393 810
67 967 896
68 235 968
69 426 241
70 678 340
71 574 378
72 108 128
73 90 923
74 790 201
75 990 403
76 139 732
77 571 134
78 121 318
79 857 156
80 391 662
81 873 918
82 549 812
83 790 799
84 672 665
85 352 66
86 719 450
87 552 866
88 143 106
89 793 535
90 535 288
DEMAND_SECTION
1 0
2 2
3 2
4 1
5 1
6 2
7 2
8 2
9 1
10 2
11 1
12 2
13 1
14 1
15 1
16 2
17 1
18 1
19 2
20 2
21 1
22 2
23 1
24 1
25 2
26 2
27 2
28 2
29 1
30 2
31 2
32 1
33 2
34 2
35 1
36 1
37 2
38 2
39 2
40 1
41 2
42 2
43 2
44 2
45 2
46 1
47 1
48 1
49 2
50 2
51 1
52 1
53 1
54 1
55 1
56 1
57 2
58 2
59 2
60 1
61 2
62 2
63 1
64 2
65 2
66 1
67 1
68 1
69 2
70 1
71 2
72 1
73 2
74 1
75 1
76 1
77 1
78 1
79 1
80 1
81 2
82 2
83 1
84 1
85 2
86 2
87 2
88 1
89 2
90 2
DEPOT_SECTION
 1
 -1
 EOF 