NAME: I23327-n97-k10
COMMENT : (Fake et al, No of trucks: 10, Optimal value: )
TYPE : CVRP
DIMENSION : 97
EDGE_WEIGHT_TYPE : EUC_2D
CAPACITY : 31
NODE_COORD_SECTION
1 619 768
2 965 869
3 882 44
4 246 663
5 358 270
6 782 875
7 1000 409
8 541 723
9 155 146
10 489 989
11 571 631
12 555 228
13 613 181
14 959 399
15 285 735
16 673 891
17 729 835
18 721 431
19 237 387
20 665 704
21 61 649
22 480 292
23 555 578
24 373 219
25 648 816
26 967 136
27 248 492
28 953 76
29 322 173
30 241 951
31 893 760
32 899 36
33 431 253
34 482 276
35 156 287
36 700 529
37 354 868
38 750 112
39 509 635
40 263 662
41 324 765
42 377 461
43 947 592
44 490 532
45 349 53
46 521 348
47 522 896
48 259 233
49 284 271
50 124 317
51 756 730
52 627 468
53 834 241
54 735 949
55 803 823
56 786 163
57 942 652
58 714 141
59 997 565
60 198 866
61 206 158
62 425 358
63 506 301
64 285 511
65 720 280
66 688 45
67 489 380
68 897 343
69 204 829
70 106 250
71 121 959
72 235 309
73 841 226
74 393 409
75 138 61
76 475 397
77 66 565
78 312 736
79 237 948
80 151 10
81 44 455
82 962 434
83 488 523
84 987 691
85 551 486
86 776 181
87 896 791
88 158 429
89 515 348
90 509 865
91 779 976
92 581 202
93 337 667
94 323 570
95 767 105
96 252 995
97 906 570
DEMAND_SECTION
1 0
2 3
3 5
4 4
5 3
6 3
7 3
8 4
9 3
10 2
11 1
12 3
13 2
14 4
15 1
16 4
17 1
18 2
19 3
20 1
21 3
22 3
23 1
24 1
25 4
26 5
27 2
28 2
29 5
30 2
31 1
32 5
33 5
34 1
35 5
36 3
37 1
38 2
39 5
40 1
41 2
42 1
43 3
44 5
45 4
46 2
47 1
48 1
49 3
50 2
51 5
52 3
53 4
54 4
55 1
56 5
57 2
58 2
59 1
60 3
61 5
62 3
63 5
64 1
65 2
66 3
67 2
68 5
69 3
70 2
71 5
72 5
73 5
74 3
75 3
76 4
77 3
78 3
79 1
80 3
81 2
82 4
83 2
84 2
85 4
86 2
87 3
88 1
89 1
90 5
91 2
92 3
93 4
94 1
95 3
96 2
97 2
DEPOT_SECTION
 1
 -1
 EOF 