NAME: I23358-n74-k9
COMMENT : (Fake et al, No of trucks: 9, Optimal value: )
TYPE : CVRP
DIMENSION : 74
EDGE_WEIGHT_TYPE : EUC_2D
CAPACITY : 49
NODE_COORD_SECTION
1 211 230
2 682 150
3 704 557
4 719 123
5 115 148
6 337 686
7 807 203
8 792 695
9 396 788
10 947 727
11 26 444
12 257 57
13 885 700
14 369 618
15 469 122
16 837 14
17 736 262
18 656 393
19 659 584
20 306 656
21 500 122
22 477 394
23 34 431
24 43 788
25 586 1
26 225 928
27 248 160
28 642 116
29 551 644
30 42 27
31 957 796
32 163 999
33 906 698
34 169 72
35 500 313
36 35 987
37 353 928
38 447 576
39 623 541
40 490 843
41 368 715
42 962 957
43 874 884
44 250 423
45 710 574
46 846 606
47 213 832
48 315 639
49 528 453
50 386 86
51 937 465
52 952 436
53 682 221
54 771 3
55 347 485
56 368 229
57 257 745
58 402 778
59 96 749
60 104 50
61 951 308
62 858 967
63 158 228
64 334 10
65 810 900
66 4 282
67 942 883
68 361 654
69 633 573
70 535 915
71 695 531
72 321 868
73 192 612
74 993 389
DEMAND_SECTION
1 0
2 3
3 9
4 9
5 6
6 4
7 2
8 6
9 5
10 1
11 8
12 7
13 2
14 5
15 5
16 8
17 4
18 4
19 4
20 2
21 8
22 5
23 3
24 7
25 8
26 4
27 9
28 4
29 9
30 8
31 8
32 1
33 2
34 3
35 6
36 6
37 6
38 8
39 8
40 9
41 9
42 2
43 6
44 5
45 6
46 8
47 1
48 6
49 3
50 4
51 1
52 8
53 5
54 1
55 5
56 2
57 8
58 3
59 2
60 4
61 4
62 5
63 8
64 7
65 8
66 8
67 4
68 9
69 2
70 9
71 2
72 6
73 2
74 1
DEPOT_SECTION
 1
 -1
 EOF 