NAME: I23322-n73-k8
COMMENT : (Fake et al, No of trucks: 8, Optimal value: )
TYPE : CVRP
DIMENSION : 73
EDGE_WEIGHT_TYPE : EUC_2D
CAPACITY : 34
NODE_COORD_SECTION
1 487 818
2 346 193
3 234 858
4 580 0
5 183 841
6 827 158
7 454 278
8 114 437
9 122 109
10 942 485
11 179 604
12 268 830
13 694 216
14 402 346
15 134 168
16 778 731
17 451 541
18 377 747
19 833 20
20 852 270
21 116 514
22 443 304
23 250 655
24 712 236
25 970 224
26 215 307
27 895 303
28 157 809
29 459 80
30 524 14
31 163 267
32 573 529
33 307 628
34 621 468
35 112 764
36 878 865
37 117 819
38 39 819
39 334 876
40 611 689
41 282 547
42 806 897
43 307 428
44 216 707
45 627 893
46 990 489
47 193 160
48 523 662
49 308 693
50 303 894
51 998 750
52 61 100
53 722 805
54 354 694
55 323 573
56 29 906
57 141 898
58 574 212
59 817 333
60 937 439
61 861 295
62 154 599
63 363 874
64 599 14
65 179 399
66 874 178
67 552 477
68 103 509
69 423 904
70 133 76
71 603 958
72 564 825
73 310 351
DEMAND_SECTION
1 0
2 4
3 5
4 2
5 5
6 2
7 5
8 3
9 4
10 3
11 4
12 5
13 5
14 2
15 4
16 1
17 1
18 5
19 5
20 5
21 2
22 2
23 2
24 2
25 2
26 2
27 1
28 4
29 5
30 4
31 4
32 1
33 4
34 3
35 1
36 2
37 3
38 5
39 5
40 5
41 4
42 5
43 5
44 2
45 1
46 1
47 3
48 5
49 5
50 2
51 4
52 1
53 4
54 4
55 2
56 2
57 5
58 5
59 3
60 5
61 2
62 2
63 2
64 1
65 5
66 4
67 3
68 2
69 3
70 5
71 4
72 2
73 1
DEPOT_SECTION
 1
 -1
 EOF 