NAME: I234-n38-k6
COMMENT : (Fake et al, No of trucks: 6, Optimal value: )
TYPE : CVRP
DIMENSION : 38
EDGE_WEIGHT_TYPE : EUC_2D
CAPACITY : 27
NODE_COORD_SECTION
1 981 276
2 849 356
3 343 839
4 49 847
5 841 296
6 891 340
7 117 652
8 206 782
9 706 116
10 202 404
11 743 122
12 361 208
13 808 415
14 418 570
15 537 238
16 626 942
17 832 596
18 219 11
19 74 201
20 700 598
21 351 219
22 314 775
23 78 836
24 753 347
25 165 655
26 541 809
27 893 770
28 690 361
29 779 793
30 820 739
31 369 167
32 447 814
33 991 735
34 455 161
35 586 636
36 773 697
37 992 488
38 333 496
DEMAND_SECTION
1 0
2 4
3 6
4 3
5 5
6 5
7 2
8 4
9 2
10 3
11 1
12 4
13 5
14 6
15 1
16 2
17 1
18 4
19 6
20 1
21 6
22 1
23 6
24 1
25 6
26 6
27 3
28 6
29 5
30 6
31 4
32 6
33 3
34 4
35 1
36 5
37 3
38 6
DEPOT_SECTION
 1
 -1
 EOF 