NAME: I23543-n76-k8
COMMENT : (Fake et al, No of trucks: 8, Optimal value: )
TYPE : CVRP
DIMENSION : 76
EDGE_WEIGHT_TYPE : EUC_2D
CAPACITY : 29
NODE_COORD_SECTION
1 713 335
2 965 338
3 174 93
4 911 434
5 551 522
6 154 177
7 187 590
8 262 208
9 925 343
10 632 643
11 936 554
12 259 888
13 124 999
14 347 276
15 618 661
16 567 995
17 778 515
18 839 638
19 151 871
20 569 79
21 755 31
22 159 297
23 228 341
24 871 911
25 998 487
26 794 205
27 532 637
28 982 203
29 267 117
30 872 722
31 348 374
32 918 594
33 313 913
34 860 763
35 920 922
36 168 439
37 138 947
38 788 836
39 268 405
40 381 586
41 168 942
42 139 995
43 830 450
44 591 243
45 161 641
46 929 202
47 998 947
48 119 192
49 391 680
50 935 624
51 520 552
52 779 492
53 960 934
54 809 737
55 157 161
56 554 953
57 665 994
58 203 533
59 667 147
60 823 353
61 680 696
62 71 166
63 9 966
64 542 255
65 254 135
66 574 345
67 912 197
68 77 710
69 352 418
70 161 914
71 910 726
72 366 133
73 701 102
74 905 918
75 726 54
76 389 956
DEMAND_SECTION
1 0
2 3
3 4
4 4
5 3
6 2
7 2
8 3
9 4
10 4
11 1
12 1
13 5
14 1
15 4
16 5
17 3
18 3
19 2
20 5
21 1
22 4
23 5
24 2
25 4
26 2
27 3
28 1
29 4
30 2
31 2
32 2
33 5
34 4
35 5
36 2
37 2
38 2
39 4
40 1
41 1
42 5
43 1
44 3
45 4
46 1
47 5
48 1
49 1
50 3
51 3
52 3
53 2
54 4
55 2
56 2
57 3
58 3
59 2
60 3
61 3
62 4
63 4
64 3
65 3
66 1
67 4
68 1
69 5
70 4
71 2
72 1
73 1
74 2
75 5
76 1
DEPOT_SECTION
 1
 -1
 EOF 