NAME: I23548-n79-k7
COMMENT : (Fake et al, No of trucks: 7, Optimal value: )
TYPE : CVRP
DIMENSION : 79
EDGE_WEIGHT_TYPE : EUC_2D
CAPACITY : 43
NODE_COORD_SECTION
1 845 312
2 174 99
3 205 807
4 273 89
5 791 147
6 767 393
7 846 862
8 874 251
9 459 170
10 68 787
11 654 693
12 434 908
13 196 387
14 973 328
15 315 627
16 855 776
17 159 586
18 133 108
19 415 51
20 451 959
21 520 169
22 710 361
23 842 740
24 497 259
25 550 189
26 23 571
27 118 499
28 407 707
29 939 147
30 64 208
31 509 984
32 564 724
33 756 741
34 492 78
35 609 823
36 62 512
37 415 276
38 114 383
39 196 414
40 700 705
41 669 154
42 268 54
43 865 327
44 952 226
45 11 297
46 613 319
47 692 29
48 723 141
49 301 381
50 807 638
51 383 163
52 424 484
53 747 995
54 795 117
55 394 159
56 956 406
57 938 660
58 27 460
59 60 716
60 154 804
61 523 765
62 192 219
63 380 370
64 886 439
65 72 506
66 613 496
67 719 357
68 64 345
69 859 688
70 207 714
71 889 266
72 121 696
73 246 966
74 522 143
75 52 640
76 761 733
77 797 82
78 393 781
79 844 729
DEMAND_SECTION
1 0
2 4
3 1
4 5
5 1
6 1
7 4
8 1
9 2
10 2
11 5
12 4
13 1
14 1
15 3
16 4
17 2
18 3
19 4
20 3
21 5
22 1
23 2
24 2
25 4
26 3
27 1
28 2
29 5
30 3
31 2
32 1
33 2
34 2
35 4
36 3
37 4
38 5
39 4
40 5
41 5
42 3
43 5
44 4
45 1
46 4
47 3
48 5
49 2
50 2
51 4
52 4
53 4
54 3
55 1
56 4
57 5
58 1
59 3
60 3
61 4
62 3
63 4
64 4
65 3
66 4
67 5
68 4
69 3
70 3
71 5
72 1
73 5
74 2
75 4
76 3
77 4
78 4
79 3
DEPOT_SECTION
 1
 -1
 EOF 