NAME: I23566-n80-k7
COMMENT : (Fake et al, No of trucks: 7, Optimal value: )
TYPE : CVRP
DIMENSION : 80
EDGE_WEIGHT_TYPE : EUC_2D
CAPACITY : 61
NODE_COORD_SECTION
1 456 200
2 360 897
3 915 323
4 946 628
5 110 596
6 64 529
7 626 458
8 173 999
9 638 456
10 794 854
11 927 359
12 591 343
13 223 633
14 515 307
15 536 693
16 739 581
17 311 598
18 692 855
19 194 212
20 736 822
21 132 924
22 745 801
23 19 527
24 352 510
25 52 140
26 122 255
27 335 45
28 12 999
29 492 436
30 336 136
31 838 701
32 93 846
33 641 229
34 548 178
35 228 604
36 739 188
37 639 663
38 189 576
39 521 516
40 208 943
41 826 826
42 147 251
43 528 550
44 172 711
45 472 534
46 339 267
47 663 878
48 703 939
49 322 384
50 842 992
51 169 610
52 80 167
53 626 561
54 915 34
55 969 780
56 5 190
57 87 282
58 667 826
59 344 654
60 82 301
61 166 707
62 209 377
63 542 755
64 62 736
65 661 603
66 995 780
67 489 563
68 484 491
69 230 397
70 539 622
71 514 964
72 917 32
73 857 256
74 31 72
75 274 872
76 752 252
77 990 34
78 204 668
79 418 507
80 111 56
DEMAND_SECTION
1 0
2 9
3 2
4 7
5 4
6 3
7 6
8 2
9 1
10 9
11 2
12 7
13 1
14 8
15 4
16 9
17 6
18 3
19 3
20 3
21 7
22 3
23 9
24 1
25 2
26 6
27 6
28 6
29 4
30 2
31 4
32 7
33 6
34 6
35 9
36 9
37 2
38 9
39 6
40 9
41 1
42 5
43 1
44 6
45 1
46 1
47 1
48 7
49 4
50 2
51 9
52 3
53 7
54 3
55 7
56 5
57 2
58 3
59 9
60 7
61 1
62 1
63 7
64 4
65 8
66 3
67 9
68 3
69 8
70 8
71 7
72 4
73 4
74 9
75 3
76 5
77 6
78 4
79 5
80 2
DEPOT_SECTION
 1
 -1
 EOF 