NAME: I23523-n81-k10
COMMENT : (Fake et al, No of trucks: 10, Optimal value: )
TYPE : CVRP
DIMENSION : 81
EDGE_WEIGHT_TYPE : EUC_2D
CAPACITY : 35
NODE_COORD_SECTION
1 722 51
2 655 934
3 238 737
4 389 59
5 244 905
6 204 365
7 261 430
8 689 107
9 500 137
10 727 357
11 166 958
12 801 702
13 647 907
14 550 697
15 608 986
16 378 135
17 535 59
18 104 56
19 184 708
20 75 699
21 780 257
22 373 607
23 922 767
24 545 528
25 997 855
26 130 387
27 768 152
28 5 723
29 334 608
30 622 655
31 625 873
32 299 981
33 850 79
34 794 431
35 410 642
36 991 780
37 872 48
38 452 558
39 713 27
40 527 90
41 544 928
42 406 761
43 395 862
44 795 599
45 632 688
46 408 624
47 314 815
48 904 298
49 140 718
50 816 475
51 709 629
52 781 515
53 854 249
54 478 210
55 820 786
56 954 676
57 673 545
58 827 792
59 356 597
60 239 930
61 839 976
62 809 59
63 59 93
64 643 783
65 108 231
66 158 509
67 205 758
68 276 141
69 705 653
70 602 405
71 724 28
72 248 26
73 483 78
74 330 765
75 799 605
76 193 283
77 798 435
78 780 784
79 494 32
80 327 846
81 140 405
DEMAND_SECTION
1 0
2 7
3 2
4 3
5 7
6 3
7 3
8 4
9 2
10 1
11 3
12 2
13 6
14 6
15 3
16 7
17 4
18 2
19 5
20 1
21 6
22 6
23 3
24 3
25 6
26 4
27 5
28 5
29 5
30 2
31 2
32 2
33 6
34 4
35 1
36 2
37 7
38 1
39 7
40 3
41 3
42 1
43 6
44 1
45 1
46 1
47 5
48 7
49 3
50 7
51 6
52 7
53 1
54 7
55 1
56 7
57 1
58 6
59 2
60 2
61 6
62 5
63 7
64 3
65 2
66 7
67 5
68 5
69 7
70 7
71 5
72 5
73 2
74 3
75 2
76 4
77 4
78 5
79 4
80 3
81 4
DEPOT_SECTION
 1
 -1
 EOF 