NAME: I23594-n76-k8
COMMENT : (Fake et al, No of trucks: 8, Optimal value: )
TYPE : CVRP
DIMENSION : 76
EDGE_WEIGHT_TYPE : EUC_2D
CAPACITY : 43
NODE_COORD_SECTION
1 43 106
2 838 473
3 601 426
4 939 65
5 356 350
6 671 978
7 380 909
8 750 651
9 590 579
10 651 2
11 310 982
12 582 933
13 484 849
14 903 792
15 876 264
16 287 343
17 192 385
18 839 744
19 262 622
20 717 796
21 646 258
22 959 408
23 959 604
24 168 436
25 371 584
26 263 47
27 61 498
28 2 189
29 4 143
30 717 851
31 21 227
32 12 687
33 614 558
34 744 481
35 853 719
36 581 534
37 920 939
38 677 241
39 765 199
40 855 765
41 949 234
42 557 30
43 200 5
44 205 320
45 194 650
46 549 781
47 332 369
48 451 52
49 227 778
50 522 523
51 133 549
52 246 748
53 291 991
54 399 296
55 92 947
56 925 764
57 816 623
58 782 753
59 192 839
60 338 931
61 422 660
62 37 352
63 468 27
64 428 77
65 819 662
66 765 624
67 298 889
68 540 247
69 649 752
70 941 697
71 557 966
72 815 870
73 137 727
74 103 93
75 172 940
76 750 583
DEMAND_SECTION
1 0
2 2
3 6
4 1
5 6
6 1
7 7
8 5
9 5
10 5
11 6
12 1
13 3
14 4
15 2
16 7
17 5
18 2
19 6
20 4
21 7
22 4
23 7
24 3
25 4
26 2
27 3
28 2
29 3
30 3
31 4
32 5
33 5
34 2
35 4
36 3
37 7
38 2
39 4
40 1
41 5
42 4
43 1
44 7
45 3
46 5
47 4
48 2
49 3
50 4
51 7
52 3
53 5
54 3
55 5
56 1
57 5
58 1
59 7
60 2
61 7
62 3
63 1
64 6
65 7
66 1
67 1
68 1
69 5
70 7
71 1
72 7
73 1
74 3
75 6
76 7
DEPOT_SECTION
 1
 -1
 EOF 