NAME: I23567-n83-k8
COMMENT : (Fake et al, No of trucks: 8, Optimal value: )
TYPE : CVRP
DIMENSION : 83
EDGE_WEIGHT_TYPE : EUC_2D
CAPACITY : 43
NODE_COORD_SECTION
1 92 718
2 699 212
3 97 396
4 373 501
5 201 148
6 491 477
7 786 544
8 677 461
9 537 602
10 72 657
11 593 723
12 894 616
13 702 54
14 291 181
15 345 455
16 112 557
17 252 232
18 38 789
19 606 495
20 146 297
21 636 876
22 701 389
23 247 907
24 509 371
25 410 274
26 843 730
27 296 427
28 835 432
29 651 924
30 42 656
31 821 146
32 570 280
33 974 981
34 8 266
35 340 159
36 661 62
37 89 587
38 935 756
39 247 390
40 921 688
41 150 251
42 704 171
43 62 601
44 683 371
45 489 92
46 469 530
47 516 411
48 774 674
49 139 259
50 284 287
51 871 579
52 542 65
53 538 182
54 726 396
55 123 564
56 818 733
57 79 623
58 62 787
59 366 126
60 915 279
61 782 239
62 330 891
63 407 734
64 606 379
65 88 469
66 547 673
67 511 324
68 788 477
69 613 502
70 265 416
71 403 355
72 813 513
73 240 910
74 295 533
75 796 636
76 106 357
77 373 160
78 17 977
79 392 120
80 878 820
81 402 126
82 196 244
83 27 6
DEMAND_SECTION
1 0
2 2
3 6
4 5
5 6
6 2
7 2
8 6
9 5
10 6
11 5
12 1
13 4
14 1
15 2
16 1
17 3
18 6
19 6
20 5
21 3
22 3
23 1
24 2
25 3
26 3
27 2
28 5
29 5
30 5
31 2
32 2
33 5
34 2
35 6
36 3
37 3
38 3
39 3
40 2
41 4
42 6
43 3
44 2
45 4
46 4
47 2
48 6
49 3
50 4
51 3
52 1
53 1
54 6
55 2
56 2
57 3
58 6
59 4
60 2
61 3
62 4
63 4
64 4
65 3
66 5
67 3
68 3
69 5
70 5
71 6
72 2
73 6
74 1
75 5
76 6
77 6
78 4
79 6
80 6
81 2
82 4
83 4
DEPOT_SECTION
 1
 -1
 EOF 