NAME: I23699-n100-k10
COMMENT : (Fake et al, No of trucks: 10, Optimal value: )
TYPE : CVRP
DIMENSION : 100
EDGE_WEIGHT_TYPE : EUC_2D
CAPACITY : 38
NODE_COORD_SECTION
1 904 168
2 920 884
3 401 666
4 181 839
5 944 543
6 367 376
7 773 147
8 965 13
9 884 51
10 780 630
11 182 870
12 566 246
13 768 836
14 198 801
15 804 194
16 627 818
17 665 408
18 35 281
19 949 522
20 18 254
21 450 629
22 263 430
23 360 849
24 900 105
25 671 800
26 604 953
27 410 460
28 611 237
29 268 854
30 790 567
31 313 740
32 144 310
33 919 220
34 621 228
35 347 617
36 738 778
37 84 13
38 755 968
39 743 663
40 150 778
41 37 281
42 810 658
43 176 252
44 318 120
45 104 561
46 720 732
47 946 864
48 35 424
49 521 443
50 16 217
51 164 277
52 620 65
53 439 450
54 347 770
55 675 752
56 650 851
57 281 513
58 349 82
59 781 14
60 174 883
61 205 53
62 686 999
63 907 68
64 442 946
65 450 915
66 484 709
67 579 571
68 653 677
69 683 759
70 137 131
71 208 389
72 777 189
73 622 62
74 363 881
75 944 99
76 324 828
77 778 670
78 836 363
79 838 389
80 273 566
81 452 490
82 343 606
83 434 379
84 581 886
85 530 117
86 26 657
87 946 312
88 158 339
89 886 830
90 413 27
91 652 188
92 927 423
93 328 543
94 459 647
95 191 9
96 347 593
97 525 549
98 668 833
99 500 316
100 492 728
DEMAND_SECTION
1 0
2 2
3 4
4 5
5 2
6 2
7 5
8 3
9 1
10 5
11 3
12 2
13 4
14 4
15 5
16 4
17 3
18 2
19 3
20 4
21 5
22 4
23 5
24 2
25 5
26 1
27 5
28 5
29 2
30 2
31 1
32 1
33 2
34 2
35 3
36 1
37 5
38 3
39 4
40 2
41 4
42 4
43 3
44 5
45 4
46 3
47 3
48 4
49 4
50 3
51 4
52 4
53 2
54 1
55 2
56 1
57 4
58 3
59 3
60 2
61 4
62 3
63 4
64 4
65 1
66 2
67 4
68 3
69 5
70 1
71 4
72 5
73 5
74 1
75 3
76 3
77 3
78 4
79 5
80 3
81 4
82 2
83 1
84 1
85 2
86 3
87 2
88 1
89 4
90 5
91 4
92 2
93 5
94 2
95 4
96 1
97 3
98 2
99 2
100 5
DEPOT_SECTION
 1
 -1
 EOF 