NAME: I2369-n38-k3
COMMENT : (Fake et al, No of trucks: 3, Optimal value: )
TYPE : CVRP
DIMENSION : 38
EDGE_WEIGHT_TYPE : EUC_2D
CAPACITY : 26
NODE_COORD_SECTION
1 625 638
2 206 266
3 570 849
4 913 944
5 290 98
6 943 881
7 779 680
8 526 158
9 859 11
10 4 834
11 99 473
12 160 146
13 742 387
14 866 807
15 368 380
16 814 641
17 215 122
18 359 687
19 157 763
20 241 866
21 627 14
22 410 424
23 124 504
24 209 314
25 579 639
26 271 701
27 159 802
28 208 545
29 396 471
30 391 541
31 330 14
32 695 711
33 966 555
34 412 411
35 242 397
36 939 535
37 299 463
38 337 951
DEMAND_SECTION
1 0
2 3
3 3
4 2
5 3
6 1
7 2
8 2
9 2
10 3
11 3
12 1
13 2
14 2
15 1
16 1
17 3
18 3
19 1
20 2
21 2
22 1
23 2
24 2
25 3
26 2
27 1
28 1
29 1
30 1
31 2
32 3
33 1
34 1
35 2
36 1
37 1
38 1
DEPOT_SECTION
 1
 -1
 EOF 