NAME: I23608-n91-k9
COMMENT : (Fake et al, No of trucks: 9, Optimal value: )
TYPE : CVRP
DIMENSION : 91
EDGE_WEIGHT_TYPE : EUC_2D
CAPACITY : 17
NODE_COORD_SECTION
1 773 837
2 555 938
3 922 118
4 60 615
5 166 934
6 549 526
7 721 946
8 356 435
9 92 847
10 519 163
11 330 402
12 262 626
13 459 72
14 101 854
15 923 662
16 53 768
17 729 763
18 436 248
19 226 366
20 20 113
21 422 86
22 284 590
23 673 836
24 20 833
25 789 162
26 877 38
27 44 330
28 114 42
29 869 246
30 432 586
31 669 376
32 681 732
33 677 645
34 638 159
35 422 928
36 413 918
37 427 536
38 974 352
39 620 441
40 149 215
41 417 568
42 781 534
43 357 214
44 863 266
45 592 431
46 992 413
47 581 953
48 546 3
49 726 840
50 848 135
51 875 413
52 309 174
53 920 44
54 724 182
55 637 851
56 990 214
57 737 278
58 712 614
59 904 1
60 35 474
61 46 175
62 728 295
63 270 551
64 84 271
65 912 291
66 513 38
67 800 716
68 260 34
69 842 702
70 375 942
71 622 845
72 587 978
73 756 821
74 237 66
75 549 111
76 306 861
77 435 745
78 384 730
79 332 645
80 711 282
81 675 871
82 298 812
83 939 407
84 125 452
85 960 910
86 774 921
87 549 390
88 454 361
89 241 670
90 898 610
91 426 399
DEMAND_SECTION
1 0
2 1
3 1
4 1
5 1
6 2
7 1
8 1
9 2
10 1
11 2
12 1
13 2
14 1
15 2
16 1
17 1
18 1
19 2
20 2
21 2
22 1
23 2
24 2
25 1
26 2
27 2
28 1
29 1
30 2
31 1
32 2
33 1
34 2
35 2
36 1
37 2
38 1
39 1
40 1
41 1
42 2
43 2
44 1
45 2
46 2
47 2
48 2
49 1
50 1
51 1
52 2
53 2
54 2
55 2
56 2
57 1
58 2
59 2
60 2
61 2
62 2
63 2
64 2
65 1
66 1
67 1
68 2
69 2
70 1
71 1
72 2
73 1
74 2
75 1
76 2
77 2
78 2
79 1
80 2
81 2
82 2
83 1
84 1
85 1
86 2
87 1
88 1
89 2
90 2
91 1
DEPOT_SECTION
 1
 -1
 EOF 