NAME: I2366-n36-k6
COMMENT : (Fake et al, No of trucks: 6, Optimal value: )
TYPE : CVRP
DIMENSION : 36
EDGE_WEIGHT_TYPE : EUC_2D
CAPACITY : 30
NODE_COORD_SECTION
1 841 399
2 964 888
3 910 159
4 74 802
5 104 731
6 749 90
7 644 849
8 109 788
9 144 297
10 880 346
11 724 901
12 264 644
13 351 843
14 174 225
15 291 644
16 997 531
17 363 915
18 237 736
19 340 319
20 956 542
21 794 298
22 641 415
23 874 226
24 77 183
25 110 392
26 106 989
27 610 541
28 238 661
29 698 583
30 725 106
31 344 102
32 425 304
33 455 924
34 983 753
35 984 790
36 357 552
DEMAND_SECTION
1 0
2 5
3 5
4 3
5 6
6 6
7 6
8 4
9 5
10 1
11 5
12 3
13 5
14 6
15 1
16 5
17 3
18 6
19 6
20 4
21 5
22 5
23 3
24 4
25 5
26 5
27 1
28 1
29 1
30 5
31 5
32 6
33 1
34 6
35 3
36 2
DEPOT_SECTION
 1
 -1
 EOF 