NAME: I23600-n82-k9
COMMENT : (Fake et al, No of trucks: 9, Optimal value: )
TYPE : CVRP
DIMENSION : 82
EDGE_WEIGHT_TYPE : EUC_2D
CAPACITY : 35
NODE_COORD_SECTION
1 323 653
2 908 565
3 459 315
4 677 379
5 308 486
6 656 990
7 781 902
8 935 8
9 364 171
10 668 462
11 755 35
12 418 54
13 206 864
14 15 103
15 285 8
16 968 40
17 668 586
18 605 463
19 203 241
20 343 158
21 716 162
22 97 730
23 118 602
24 165 7
25 72 236
26 411 872
27 121 663
28 886 840
29 562 465
30 177 122
31 585 825
32 925 27
33 956 646
34 889 279
35 54 254
36 957 536
37 131 68
38 159 22
39 309 221
40 928 5
41 687 548
42 178 109
43 24 775
44 727 968
45 161 775
46 173 913
47 683 217
48 640 162
49 848 298
50 911 939
51 101 147
52 317 672
53 403 271
54 521 767
55 721 402
56 186 737
57 38 51
58 655 389
59 925 315
60 300 604
61 854 788
62 758 753
63 660 861
64 201 715
65 850 905
66 901 618
67 771 65
68 962 129
69 847 917
70 839 160
71 217 984
72 654 136
73 505 739
74 45 397
75 449 427
76 131 532
77 643 378
78 1 574
79 607 720
80 178 869
81 439 736
82 391 584
DEMAND_SECTION
1 0
2 5
3 5
4 3
5 4
6 1
7 5
8 2
9 2
10 1
11 5
12 1
13 2
14 6
15 4
16 2
17 5
18 5
19 6
20 2
21 6
22 2
23 3
24 2
25 6
26 2
27 6
28 3
29 4
30 4
31 2
32 4
33 2
34 5
35 1
36 2
37 1
38 6
39 2
40 5
41 5
42 1
43 3
44 3
45 5
46 2
47 2
48 6
49 6
50 2
51 6
52 4
53 4
54 5
55 3
56 2
57 4
58 3
59 4
60 4
61 3
62 6
63 5
64 3
65 5
66 1
67 2
68 3
69 5
70 3
71 5
72 6
73 6
74 1
75 1
76 1
77 1
78 4
79 2
80 1
81 6
82 5
DEPOT_SECTION
 1
 -1
 EOF 