NAME: I23719-n93-k7
COMMENT : (Fake et al, No of trucks: 7, Optimal value: )
TYPE : CVRP
DIMENSION : 93
EDGE_WEIGHT_TYPE : EUC_2D
CAPACITY : 38
NODE_COORD_SECTION
1 775 868
2 508 38
3 966 365
4 504 640
5 263 796
6 296 288
7 285 829
8 830 372
9 954 329
10 239 253
11 588 868
12 579 536
13 822 513
14 829 459
15 750 208
16 388 887
17 296 832
18 497 807
19 915 540
20 240 64
21 262 931
22 142 451
23 751 133
24 44 478
25 389 15
26 770 749
27 998 407
28 55 102
29 107 345
30 873 909
31 102 948
32 461 584
33 265 843
34 445 348
35 581 656
36 287 772
37 517 918
38 216 242
39 730 216
40 601 457
41 653 707
42 624 619
43 59 998
44 299 337
45 609 517
46 995 356
47 399 802
48 293 579
49 616 374
50 379 179
51 834 674
52 543 164
53 330 666
54 69 668
55 868 245
56 572 926
57 592 780
58 765 544
59 733 67
60 293 774
61 537 292
62 836 703
63 191 796
64 264 616
65 678 623
66 732 60
67 560 67
68 850 162
69 287 171
70 270 482
71 368 613
72 417 226
73 813 927
74 93 948
75 795 158
76 651 632
77 245 950
78 472 135
79 288 113
80 952 856
81 278 782
82 608 892
83 477 879
84 331 354
85 849 232
86 14 857
87 294 814
88 699 295
89 948 825
90 755 870
91 830 2
92 579 250
93 253 894
DEMAND_SECTION
1 0
2 1
3 4
4 4
5 3
6 4
7 4
8 1
9 5
10 2
11 5
12 3
13 2
14 2
15 3
16 2
17 1
18 3
19 5
20 3
21 4
22 2
23 1
24 4
25 1
26 4
27 2
28 1
29 1
30 4
31 3
32 1
33 3
34 1
35 5
36 2
37 5
38 1
39 4
40 1
41 4
42 2
43 1
44 4
45 3
46 3
47 1
48 1
49 1
50 1
51 2
52 5
53 5
54 5
55 1
56 2
57 4
58 2
59 2
60 5
61 2
62 2
63 1
64 2
65 1
66 4
67 2
68 1
69 1
70 3
71 2
72 4
73 2
74 4
75 1
76 5
77 4
78 3
79 3
80 1
81 1
82 5
83 2
84 3
85 4
86 1
87 3
88 3
89 2
90 4
91 1
92 4
93 1
DEPOT_SECTION
 1
 -1
 EOF 