NAME: I23706-n96-k10
COMMENT : (Fake et al, No of trucks: 10, Optimal value: )
TYPE : CVRP
DIMENSION : 96
EDGE_WEIGHT_TYPE : EUC_2D
CAPACITY : 32
NODE_COORD_SECTION
1 897 880
2 301 13
3 473 928
4 637 951
5 657 623
6 550 940
7 790 463
8 327 167
9 77 648
10 299 742
11 504 386
12 471 366
13 998 764
14 253 428
15 492 339
16 152 432
17 510 557
18 395 569
19 696 67
20 435 147
21 127 838
22 441 556
23 947 545
24 260 642
25 209 351
26 636 300
27 718 205
28 382 910
29 751 612
30 166 930
31 804 394
32 852 804
33 956 370
34 29 276
35 468 568
36 344 521
37 6 25
38 835 384
39 467 280
40 929 268
41 382 133
42 433 869
43 142 693
44 888 740
45 893 81
46 167 109
47 947 882
48 616 447
49 698 976
50 909 145
51 12 87
52 893 524
53 355 205
54 793 715
55 620 320
56 783 98
57 8 138
58 302 122
59 888 378
60 268 347
61 903 694
62 630 599
63 33 279
64 305 668
65 929 987
66 305 156
67 211 487
68 62 566
69 469 400
70 367 541
71 721 656
72 799 1000
73 894 736
74 427 173
75 909 239
76 275 124
77 755 213
78 741 194
79 807 376
80 698 387
81 700 366
82 601 251
83 518 471
84 144 655
85 443 340
86 590 276
87 538 658
88 282 748
89 192 187
90 36 260
91 847 582
92 831 151
93 151 129
94 784 978
95 886 887
96 320 101
DEMAND_SECTION
1 0
2 4
3 1
4 2
5 5
6 4
7 3
8 2
9 2
10 4
11 3
12 3
13 5
14 3
15 5
16 3
17 3
18 3
19 2
20 2
21 3
22 1
23 1
24 1
25 2
26 4
27 5
28 5
29 5
30 2
31 1
32 5
33 5
34 1
35 3
36 1
37 4
38 1
39 3
40 1
41 4
42 5
43 3
44 4
45 3
46 5
47 2
48 4
49 1
50 1
51 3
52 5
53 5
54 4
55 4
56 3
57 1
58 2
59 1
60 1
61 1
62 2
63 1
64 1
65 4
66 4
67 1
68 1
69 5
70 3
71 5
72 1
73 2
74 3
75 3
76 4
77 2
78 1
79 1
80 4
81 4
82 1
83 3
84 4
85 1
86 1
87 2
88 4
89 5
90 5
91 4
92 4
93 4
94 4
95 1
96 3
DEPOT_SECTION
 1
 -1
 EOF 