NAME: I23798-n82-k8
COMMENT : (Fake et al, No of trucks: 8, Optimal value: )
TYPE : CVRP
DIMENSION : 82
EDGE_WEIGHT_TYPE : EUC_2D
CAPACITY : 27
NODE_COORD_SECTION
1 599 130
2 63 380
3 398 692
4 618 642
5 806 494
6 201 424
7 237 653
8 140 550
9 824 580
10 900 73
11 216 910
12 82 660
13 243 607
14 735 154
15 98 989
16 767 420
17 591 332
18 126 584
19 439 461
20 91 157
21 748 187
22 387 253
23 993 709
24 205 130
25 8 864
26 498 999
27 346 122
28 582 306
29 27 999
30 878 270
31 911 294
32 600 207
33 339 373
34 701 414
35 160 99
36 845 732
37 306 191
38 157 737
39 107 119
40 979 503
41 68 439
42 576 693
43 935 121
44 740 828
45 69 686
46 329 716
47 3 573
48 283 106
49 3 271
50 937 838
51 189 461
52 112 442
53 474 265
54 715 509
55 286 487
56 116 810
57 730 198
58 913 696
59 727 187
60 60 399
61 305 233
62 284 255
63 90 358
64 261 378
65 718 744
66 467 393
67 182 872
68 238 615
69 529 668
70 386 813
71 61 572
72 70 39
73 769 39
74 490 755
75 76 660
76 707 427
77 703 79
78 445 627
79 577 827
80 323 230
81 978 199
82 967 621
DEMAND_SECTION
1 0
2 1
3 4
4 3
5 1
6 1
7 2
8 1
9 3
10 4
11 1
12 4
13 4
14 4
15 2
16 3
17 3
18 2
19 3
20 2
21 4
22 1
23 4
24 4
25 1
26 1
27 2
28 3
29 4
30 1
31 4
32 4
33 1
34 1
35 4
36 4
37 2
38 2
39 1
40 1
41 4
42 1
43 3
44 1
45 1
46 2
47 1
48 3
49 2
50 3
51 4
52 2
53 3
54 4
55 1
56 4
57 4
58 2
59 1
60 3
61 4
62 1
63 1
64 4
65 4
66 2
67 3
68 3
69 1
70 1
71 1
72 3
73 2
74 1
75 1
76 2
77 4
78 2
79 1
80 1
81 1
82 2
DEPOT_SECTION
 1
 -1
 EOF 