NAME: I23730-n87-k10
COMMENT : (Fake et al, No of trucks: 10, Optimal value: )
TYPE : CVRP
DIMENSION : 87
EDGE_WEIGHT_TYPE : EUC_2D
CAPACITY : 28
NODE_COORD_SECTION
1 426 17
2 806 131
3 670 244
4 162 498
5 2 108
6 690 590
7 214 166
8 194 54
9 502 322
10 158 339
11 300 911
12 955 846
13 552 769
14 146 587
15 743 927
16 436 685
17 911 904
18 745 815
19 499 460
20 349 582
21 651 274
22 898 477
23 689 246
24 97 40
25 999 841
26 571 683
27 621 357
28 313 640
29 265 118
30 550 556
31 472 30
32 726 238
33 421 968
34 159 806
35 605 955
36 841 483
37 803 394
38 601 51
39 952 984
40 829 106
41 790 381
42 691 866
43 38 635
44 907 708
45 837 81
46 161 593
47 668 919
48 702 152
49 660 526
50 279 842
51 283 513
52 816 235
53 154 338
54 902 650
55 807 291
56 600 232
57 981 288
58 760 122
59 73 584
60 160 326
61 100 509
62 237 105
63 771 383
64 774 722
65 369 331
66 800 238
67 205 165
68 626 105
69 73 845
70 1000 521
71 140 139
72 986 362
73 427 28
74 987 660
75 665 451
76 236 971
77 375 829
78 140 984
79 416 214
80 995 145
81 488 405
82 316 449
83 303 253
84 224 814
85 113 317
86 160 429
87 226 770
DEMAND_SECTION
1 0
2 2
3 3
4 3
5 4
6 2
7 4
8 3
9 1
10 2
11 3
12 1
13 1
14 4
15 3
16 1
17 1
18 3
19 3
20 4
21 4
22 2
23 4
24 2
25 3
26 3
27 3
28 1
29 1
30 1
31 3
32 1
33 1
34 3
35 4
36 1
37 4
38 4
39 4
40 4
41 4
42 3
43 1
44 3
45 1
46 4
47 1
48 2
49 3
50 3
51 4
52 4
53 2
54 2
55 4
56 3
57 1
58 3
59 1
60 3
61 3
62 2
63 4
64 4
65 4
66 3
67 3
68 1
69 4
70 1
71 2
72 2
73 4
74 4
75 2
76 3
77 3
78 3
79 4
80 3
81 2
82 3
83 3
84 2
85 4
86 3
87 1
DEPOT_SECTION
 1
 -1
 EOF 