NAME: I23751-n89-k8
COMMENT : (Fake et al, No of trucks: 8, Optimal value: )
TYPE : CVRP
DIMENSION : 89
EDGE_WEIGHT_TYPE : EUC_2D
CAPACITY : 56
NODE_COORD_SECTION
1 167 262
2 995 875
3 699 140
4 838 974
5 197 679
6 940 89
7 557 240
8 795 353
9 130 66
10 409 376
11 291 903
12 85 629
13 798 29
14 898 424
15 772 603
16 449 757
17 38 760
18 516 125
19 169 20
20 625 533
21 436 903
22 480 744
23 468 631
24 747 988
25 807 939
26 464 729
27 356 243
28 502 816
29 707 90
30 180 502
31 37 567
32 297 852
33 227 135
34 670 807
35 556 228
36 477 779
37 22 698
38 426 777
39 842 120
40 24 336
41 971 820
42 309 762
43 158 700
44 881 684
45 293 262
46 311 751
47 73 690
48 501 310
49 910 238
50 531 455
51 18 760
52 689 889
53 241 852
54 974 720
55 173 630
56 307 838
57 450 721
58 753 234
59 674 305
60 988 941
61 875 273
62 207 418
63 481 684
64 243 907
65 646 981
66 150 893
67 260 254
68 937 155
69 691 261
70 182 951
71 54 999
72 472 770
73 458 686
74 393 113
75 206 770
76 184 195
77 60 75
78 147 386
79 479 849
80 790 698
81 416 981
82 187 223
83 548 907
84 880 69
85 407 395
86 7 792
87 835 705
88 475 496
89 629 920
DEMAND_SECTION
1 0
2 7
3 3
4 6
5 5
6 1
7 4
8 4
9 3
10 2
11 4
12 1
13 6
14 6
15 7
16 3
17 5
18 7
19 1
20 1
21 2
22 8
23 2
24 7
25 1
26 1
27 6
28 4
29 1
30 5
31 7
32 2
33 2
34 7
35 5
36 8
37 4
38 8
39 2
40 7
41 8
42 1
43 3
44 1
45 7
46 1
47 6
48 8
49 5
50 2
51 1
52 3
53 6
54 5
55 6
56 8
57 2
58 8
59 6
60 1
61 2
62 5
63 8
64 6
65 2
66 6
67 2
68 5
69 4
70 2
71 8
72 3
73 8
74 1
75 5
76 8
77 7
78 1
79 1
80 1
81 6
82 8
83 2
84 3
85 4
86 8
87 1
88 4
89 2
DEPOT_SECTION
 1
 -1
 EOF 