NAME: I23774-n84-k6
COMMENT : (Fake et al, No of trucks: 6, Optimal value: )
TYPE : CVRP
DIMENSION : 84
EDGE_WEIGHT_TYPE : EUC_2D
CAPACITY : 52
NODE_COORD_SECTION
1 547 756
2 8 223
3 94 3
4 867 362
5 501 410
6 766 251
7 250 513
8 583 67
9 823 906
10 505 640
11 759 239
12 627 938
13 781 939
14 879 475
15 924 308
16 566 780
17 689 422
18 999 726
19 685 566
20 878 181
21 398 804
22 731 262
23 68 284
24 180 28
25 589 111
26 282 2
27 925 942
28 65 435
29 674 860
30 659 352
31 216 792
32 582 736
33 827 370
34 387 827
35 271 268
36 126 64
37 944 483
38 290 576
39 796 273
40 712 16
41 413 502
42 660 333
43 491 936
44 424 638
45 38 467
46 354 136
47 89 920
48 443 890
49 770 262
50 616 966
51 338 325
52 744 856
53 30 676
54 240 980
55 20 671
56 240 134
57 18 383
58 569 484
59 53 816
60 208 59
61 530 507
62 185 462
63 614 739
64 689 349
65 468 758
66 72 360
67 572 214
68 435 518
69 175 645
70 860 812
71 917 608
72 527 572
73 614 329
74 921 531
75 867 70
76 10 87
77 656 320
78 879 384
79 401 327
80 302 350
81 197 654
82 300 640
83 70 886
84 471 214
DEMAND_SECTION
1 0
2 4
3 4
4 2
5 3
6 5
7 2
8 2
9 5
10 4
11 4
12 1
13 3
14 1
15 4
16 5
17 5
18 3
19 2
20 2
21 3
22 2
23 1
24 4
25 5
26 3
27 4
28 3
29 3
30 1
31 2
32 5
33 2
34 1
35 3
36 5
37 4
38 3
39 4
40 5
41 5
42 3
43 1
44 3
45 3
46 5
47 2
48 3
49 3
50 5
51 2
52 1
53 2
54 4
55 1
56 5
57 1
58 5
59 4
60 3
61 1
62 1
63 4
64 3
65 3
66 4
67 2
68 2
69 5
70 2
71 1
72 1
73 3
74 2
75 1
76 4
77 5
78 5
79 1
80 2
81 2
82 5
83 5
84 4
DEPOT_SECTION
 1
 -1
 EOF 