NAME: I23742-n95-k9
COMMENT : (Fake et al, No of trucks: 9, Optimal value: )
TYPE : CVRP
DIMENSION : 95
EDGE_WEIGHT_TYPE : EUC_2D
CAPACITY : 34
NODE_COORD_SECTION
1 687 7
2 769 695
3 630 40
4 1 1000
5 471 830
6 26 707
7 709 316
8 416 719
9 847 454
10 641 277
11 620 354
12 838 452
13 149 944
14 829 333
15 816 561
16 882 477
17 501 664
18 189 867
19 863 624
20 303 384
21 670 323
22 237 212
23 847 951
24 371 418
25 65 585
26 59 148
27 476 560
28 204 136
29 419 14
30 498 486
31 643 543
32 582 169
33 443 948
34 802 232
35 271 61
36 76 123
37 348 172
38 135 169
39 473 758
40 50 461
41 481 269
42 59 556
43 726 659
44 717 351
45 426 112
46 279 343
47 836 751
48 118 416
49 379 471
50 610 351
51 211 983
52 97 466
53 72 754
54 664 394
55 965 1000
56 427 219
57 23 317
58 142 770
59 684 984
60 790 492
61 288 297
62 542 597
63 287 906
64 65 615
65 597 475
66 908 669
67 974 784
68 535 462
69 978 879
70 281 738
71 428 12
72 634 118
73 278 72
74 556 797
75 395 791
76 767 222
77 241 713
78 499 147
79 798 455
80 200 237
81 413 6
82 725 571
83 423 841
84 938 901
85 786 422
86 618 723
87 180 958
88 826 92
89 275 786
90 464 938
91 599 409
92 999 544
93 67 154
94 224 539
95 409 206
DEMAND_SECTION
1 0
2 4
3 1
4 3
5 1
6 4
7 3
8 3
9 2
10 2
11 3
12 5
13 5
14 3
15 2
16 1
17 3
18 1
19 1
20 3
21 3
22 3
23 3
24 4
25 2
26 5
27 2
28 1
29 2
30 2
31 2
32 2
33 5
34 3
35 4
36 3
37 1
38 2
39 5
40 1
41 3
42 4
43 3
44 4
45 4
46 5
47 5
48 2
49 3
50 5
51 4
52 2
53 4
54 3
55 3
56 3
57 3
58 1
59 2
60 4
61 1
62 5
63 1
64 2
65 5
66 1
67 5
68 5
69 2
70 4
71 1
72 1
73 1
74 3
75 3
76 4
77 4
78 4
79 4
80 4
81 2
82 3
83 3
84 2
85 2
86 5
87 5
88 2
89 3
90 5
91 3
92 1
93 4
94 4
95 2
DEPOT_SECTION
 1
 -1
 EOF 