NAME: I23847-n75-k8
COMMENT : (Fake et al, No of trucks: 8, Optimal value: )
TYPE : CVRP
DIMENSION : 75
EDGE_WEIGHT_TYPE : EUC_2D
CAPACITY : 27
NODE_COORD_SECTION
1 669 217
2 64 357
3 499 713
4 125 679
5 346 537
6 439 357
7 948 614
8 558 226
9 433 251
10 355 93
11 134 526
12 598 438
13 758 120
14 722 416
15 978 412
16 812 699
17 183 382
18 337 101
19 916 119
20 947 741
21 616 145
22 676 632
23 208 862
24 45 0
25 344 423
26 442 661
27 894 692
28 790 878
29 206 378
30 173 494
31 841 851
32 143 743
33 334 517
34 222 927
35 317 65
36 0 358
37 783 741
38 260 514
39 241 596
40 328 226
41 690 685
42 317 121
43 343 246
44 843 932
45 812 637
46 641 490
47 51 518
48 269 348
49 90 414
50 75 16
51 311 171
52 151 635
53 688 610
54 854 477
55 260 502
56 949 964
57 224 77
58 999 731
59 617 327
60 449 548
61 786 157
62 844 601
63 34 539
64 852 243
65 300 850
66 625 612
67 794 734
68 435 978
69 417 636
70 130 621
71 829 766
72 888 789
73 207 544
74 506 672
75 157 699
DEMAND_SECTION
1 0
2 2
3 4
4 1
5 3
6 3
7 3
8 4
9 3
10 4
11 4
12 2
13 4
14 2
15 4
16 1
17 1
18 1
19 2
20 1
21 4
22 4
23 1
24 3
25 1
26 4
27 1
28 4
29 3
30 2
31 4
32 3
33 4
34 1
35 4
36 3
37 3
38 4
39 1
40 2
41 4
42 1
43 2
44 4
45 3
46 1
47 3
48 3
49 3
50 4
51 4
52 1
53 3
54 3
55 3
56 4
57 2
58 3
59 3
60 3
61 2
62 2
63 1
64 2
65 1
66 3
67 2
68 3
69 4
70 3
71 1
72 1
73 3
74 1
75 3
DEPOT_SECTION
 1
 -1
 EOF 