NAME: I23864-n99-k6
COMMENT : (Fake et al, No of trucks: 6, Optimal value: )
TYPE : CVRP
DIMENSION : 99
EDGE_WEIGHT_TYPE : EUC_2D
CAPACITY : 62
NODE_COORD_SECTION
1 989 83
2 177 945
3 145 739
4 373 793
5 240 374
6 835 212
7 439 700
8 619 679
9 780 976
10 348 603
11 959 9
12 959 116
13 946 677
14 512 565
15 878 751
16 241 460
17 1 704
18 906 93
19 428 697
20 215 309
21 144 263
22 423 199
23 749 545
24 272 713
25 438 529
26 750 411
27 80 269
28 271 416
29 396 640
30 775 602
31 615 487
32 288 734
33 552 401
34 52 127
35 93 155
36 66 426
37 47 154
38 987 958
39 571 958
40 121 252
41 730 373
42 851 268
43 944 5
44 789 244
45 376 246
46 239 347
47 275 503
48 53 926
49 662 310
50 36 558
51 431 251
52 485 322
53 8 86
54 677 283
55 829 31
56 553 61
57 605 638
58 68 482
59 205 221
60 909 206
61 739 535
62 128 222
63 339 797
64 626 539
65 868 469
66 478 416
67 243 292
68 187 206
69 30 896
70 889 568
71 534 71
72 202 30
73 507 935
74 917 475
75 51 592
76 897 850
77 848 300
78 830 115
79 240 203
80 975 430
81 125 445
82 233 888
83 535 797
84 646 449
85 542 967
86 958 419
87 267 298
88 658 667
89 99 638
90 3 318
91 522 439
92 160 561
93 284 703
94 500 964
95 681 696
96 400 504
97 659 206
98 255 166
99 404 220
DEMAND_SECTION
1 0
2 3
3 1
4 5
5 4
6 1
7 5
8 2
9 3
10 2
11 4
12 2
13 4
14 3
15 3
16 2
17 2
18 5
19 1
20 5
21 5
22 1
23 4
24 5
25 1
26 1
27 3
28 2
29 2
30 1
31 5
32 3
33 2
34 5
35 4
36 2
37 5
38 1
39 4
40 5
41 4
42 4
43 5
44 5
45 1
46 1
47 5
48 5
49 3
50 4
51 4
52 2
53 1
54 4
55 2
56 2
57 3
58 5
59 4
60 4
61 5
62 1
63 4
64 3
65 3
66 2
67 4
68 3
69 3
70 5
71 5
72 4
73 4
74 1
75 5
76 2
77 5
78 3
79 4
80 1
81 5
82 3
83 2
84 2
85 5
86 5
87 2
88 5
89 2
90 2
91 2
92 2
93 5
94 1
95 3
96 1
97 4
98 2
99 1
DEPOT_SECTION
 1
 -1
 EOF 