NAME: I23875-n88-k9
COMMENT : (Fake et al, No of trucks: 9, Optimal value: )
TYPE : CVRP
DIMENSION : 88
EDGE_WEIGHT_TYPE : EUC_2D
CAPACITY : 25
NODE_COORD_SECTION
1 968 9
2 462 151
3 512 580
4 922 337
5 714 384
6 963 458
7 523 3
8 8 45
9 791 759
10 284 685
11 314 611
12 7 663
13 44 824
14 192 760
15 940 681
16 141 47
17 295 59
18 238 274
19 443 263
20 773 556
21 55 135
22 687 224
23 567 48
24 951 18
25 364 914
26 414 980
27 255 305
28 931 207
29 394 437
30 173 624
31 584 768
32 260 955
33 81 143
34 806 762
35 893 897
36 950 248
37 548 144
38 87 187
39 907 597
40 751 771
41 611 780
42 224 137
43 598 790
44 773 388
45 319 482
46 911 285
47 620 407
48 255 305
49 700 549
50 348 984
51 723 636
52 17 182
53 862 251
54 638 349
55 366 380
56 732 959
57 955 297
58 339 829
59 678 651
60 340 412
61 812 195
62 518 630
63 324 27
64 56 348
65 666 901
66 466 877
67 557 152
68 66 800
69 633 804
70 677 704
71 824 137
72 403 221
73 893 7
74 880 853
75 773 728
76 251 526
77 439 64
78 877 601
79 202 151
80 641 452
81 447 639
82 372 493
83 995 594
84 660 682
85 626 674
86 662 305
87 963 19
88 604 390
DEMAND_SECTION
1 0
2 3
3 2
4 3
5 2
6 1
7 1
8 1
9 3
10 2
11 1
12 2
13 2
14 2
15 1
16 3
17 1
18 2
19 2
20 3
21 1
22 2
23 3
24 3
25 2
26 3
27 3
28 3
29 3
30 3
31 3
32 1
33 3
34 3
35 3
36 1
37 3
38 1
39 2
40 3
41 3
42 3
43 3
44 2
45 2
46 1
47 1
48 3
49 1
50 3
51 1
52 3
53 2
54 2
55 1
56 3
57 2
58 2
59 1
60 2
61 3
62 1
63 3
64 1
65 3
66 1
67 3
68 1
69 1
70 1
71 3
72 2
73 1
74 3
75 3
76 1
77 3
78 1
79 1
80 1
81 3
82 1
83 2
84 3
85 2
86 2
87 2
88 3
DEPOT_SECTION
 1
 -1
 EOF 