NAME: I23976-n84-k8
COMMENT : (Fake et al, No of trucks: 8, Optimal value: )
TYPE : CVRP
DIMENSION : 84
EDGE_WEIGHT_TYPE : EUC_2D
CAPACITY : 76
NODE_COORD_SECTION
1 654 968
2 83 964
3 857 4
4 172 962
5 766 147
6 652 185
7 977 787
8 391 246
9 119 526
10 851 672
11 604 568
12 432 462
13 844 900
14 354 961
15 983 842
16 422 818
17 358 465
18 396 1000
19 237 896
20 53 727
21 706 250
22 498 629
23 670 65
24 645 54
25 514 101
26 264 268
27 471 90
28 634 952
29 911 157
30 591 472
31 804 790
32 947 19
33 667 708
34 783 965
35 293 379
36 486 325
37 770 556
38 606 514
39 963 211
40 825 660
41 399 42
42 294 956
43 490 642
44 921 473
45 60 465
46 466 305
47 679 452
48 586 312
49 741 191
50 51 185
51 900 375
52 701 916
53 790 244
54 826 143
55 498 43
56 808 702
57 239 127
58 412 955
59 252 100
60 905 152
61 95 661
62 763 835
63 928 534
64 535 654
65 949 140
66 381 680
67 841 156
68 967 969
69 703 361
70 696 332
71 338 115
72 807 338
73 878 211
74 434 464
75 696 475
76 512 768
77 478 826
78 734 628
79 934 236
80 320 625
81 486 566
82 72 575
83 463 983
84 178 792
DEMAND_SECTION
1 0
2 9
3 5
4 3
5 2
6 7
7 10
8 8
9 1
10 11
11 7
12 8
13 1
14 7
15 7
16 4
17 3
18 2
19 1
20 9
21 3
22 7
23 9
24 8
25 3
26 1
27 10
28 11
29 4
30 11
31 9
32 1
33 6
34 3
35 7
36 6
37 9
38 3
39 6
40 9
41 7
42 5
43 5
44 8
45 5
46 9
47 11
48 11
49 1
50 9
51 7
52 3
53 11
54 6
55 9
56 11
57 3
58 7
59 6
60 10
61 3
62 3
63 1
64 7
65 7
66 7
67 4
68 9
69 6
70 9
71 9
72 3
73 7
74 9
75 6
76 10
77 5
78 11
79 6
80 6
81 4
82 11
83 10
84 9
DEPOT_SECTION
 1
 -1
 EOF 