NAME: I23968-n97-k8
COMMENT : (Fake et al, No of trucks: 8, Optimal value: )
TYPE : CVRP
DIMENSION : 97
EDGE_WEIGHT_TYPE : EUC_2D
CAPACITY : 33
NODE_COORD_SECTION
1 669 802
2 625 605
3 899 961
4 183 579
5 225 707
6 449 138
7 837 26
8 912 251
9 179 43
10 46 481
11 314 103
12 291 48
13 732 490
14 392 619
15 269 352
16 6 223
17 269 129
18 636 580
19 291 402
20 347 718
21 379 295
22 819 208
23 333 342
24 685 388
25 14 484
26 402 203
27 90 15
28 796 540
29 567 456
30 401 579
31 882 433
32 170 385
33 783 729
34 221 925
35 535 764
36 847 591
37 323 134
38 241 54
39 473 375
40 988 70
41 79 647
42 301 650
43 676 973
44 127 688
45 941 430
46 941 323
47 802 759
48 401 423
49 97 438
50 935 9
51 534 930
52 766 522
53 353 991
54 775 48
55 189 426
56 907 581
57 673 987
58 261 512
59 29 457
60 550 349
61 958 4
62 947 325
63 456 800
64 369 377
65 133 404
66 870 183
67 275 218
68 454 935
69 609 395
70 946 760
71 270 947
72 911 15
73 243 42
74 391 979
75 637 552
76 436 417
77 367 109
78 272 864
79 537 893
80 253 720
81 223 217
82 951 523
83 497 59
84 220 576
85 154 40
86 234 338
87 541 565
88 936 17
89 105 211
90 339 42
91 484 570
92 30 915
93 997 614
94 808 339
95 967 190
96 877 385
97 230 529
DEMAND_SECTION
1 0
2 4
3 1
4 1
5 4
6 3
7 4
8 1
9 3
10 3
11 4
12 1
13 1
14 2
15 1
16 4
17 4
18 3
19 2
20 4
21 2
22 3
23 4
24 1
25 2
26 4
27 2
28 2
29 3
30 1
31 2
32 2
33 4
34 4
35 2
36 2
37 2
38 3
39 3
40 2
41 2
42 2
43 2
44 2
45 1
46 1
47 4
48 3
49 2
50 4
51 4
52 2
53 1
54 1
55 1
56 4
57 3
58 1
59 3
60 1
61 4
62 3
63 3
64 2
65 1
66 2
67 2
68 4
69 2
70 3
71 1
72 1
73 3
74 1
75 3
76 3
77 2
78 3
79 2
80 1
81 2
82 4
83 4
84 3
85 3
86 1
87 1
88 1
89 4
90 2
91 4
92 3
93 1
94 3
95 2
96 3
97 4
DEPOT_SECTION
 1
 -1
 EOF 