NAME: I23919-n94-k8
COMMENT : (Fake et al, No of trucks: 8, Optimal value: )
TYPE : CVRP
DIMENSION : 94
EDGE_WEIGHT_TYPE : EUC_2D
CAPACITY : 58
NODE_COORD_SECTION
1 814 926
2 694 88
3 894 45
4 382 526
5 776 156
6 229 592
7 518 185
8 570 216
9 932 76
10 904 85
11 333 58
12 767 957
13 411 356
14 796 714
15 330 595
16 95 336
17 724 160
18 268 851
19 917 647
20 145 40
21 398 354
22 255 578
23 4 720
24 276 927
25 530 68
26 652 315
27 406 113
28 244 943
29 992 866
30 881 902
31 652 192
32 0 49
33 368 952
34 162 805
35 750 20
36 575 548
37 508 165
38 512 542
39 606 8
40 335 802
41 237 214
42 750 367
43 43 527
44 443 321
45 6 654
46 971 639
47 720 369
48 282 332
49 28 755
50 292 681
51 582 437
52 461 7
53 755 278
54 767 376
55 764 219
56 520 360
57 381 825
58 652 785
59 236 633
60 632 116
61 813 69
62 905 505
63 892 902
64 7 660
65 25 75
66 159 908
67 695 406
68 240 562
69 726 994
70 734 468
71 920 265
72 110 180
73 305 947
74 603 453
75 335 73
76 369 696
77 410 409
78 899 797
79 608 839
80 986 370
81 778 1
82 345 531
83 155 812
84 24 38
85 367 292
86 106 985
87 645 853
88 740 680
89 440 157
90 860 375
91 327 336
92 205 174
93 766 554
94 286 983
DEMAND_SECTION
1 0
2 4
3 3
4 4
5 7
6 7
7 6
8 1
9 7
10 3
11 2
12 3
13 1
14 2
15 6
16 5
17 2
18 2
19 1
20 6
21 7
22 4
23 5
24 2
25 3
26 3
27 5
28 7
29 5
30 2
31 5
32 4
33 3
34 6
35 2
36 5
37 4
38 7
39 6
40 7
41 6
42 7
43 4
44 6
45 5
46 7
47 7
48 2
49 1
50 4
51 3
52 6
53 6
54 4
55 7
56 6
57 3
58 2
59 4
60 1
61 4
62 4
63 6
64 2
65 7
66 6
67 1
68 4
69 4
70 3
71 2
72 3
73 3
74 7
75 1
76 3
77 4
78 2
79 5
80 3
81 5
82 3
83 5
84 6
85 3
86 7
87 3
88 3
89 3
90 2
91 7
92 2
93 5
94 6
DEPOT_SECTION
 1
 -1
 EOF 