NAME: I24055-n90-k8
COMMENT : (Fake et al, No of trucks: 8, Optimal value: )
TYPE : CVRP
DIMENSION : 90
EDGE_WEIGHT_TYPE : EUC_2D
CAPACITY : 34
NODE_COORD_SECTION
1 188 262
2 604 66
3 981 91
4 356 175
5 943 31
6 220 602
7 70 313
8 429 955
9 37 658
10 326 813
11 347 528
12 319 446
13 846 70
14 674 755
15 353 126
16 211 997
17 643 798
18 662 652
19 885 492
20 703 428
21 645 927
22 953 20
23 338 384
24 297 756
25 412 745
26 750 844
27 527 628
28 257 630
29 720 458
30 862 888
31 233 914
32 747 924
33 145 458
34 215 770
35 538 454
36 152 148
37 541 386
38 401 565
39 737 769
40 664 786
41 664 685
42 584 471
43 316 289
44 100 828
45 898 714
46 376 828
47 274 262
48 396 105
49 877 66
50 658 574
51 240 197
52 720 605
53 746 755
54 679 203
55 977 657
56 250 562
57 839 963
58 706 822
59 82 215
60 618 69
61 753 299
62 28 107
63 329 282
64 53 241
65 463 863
66 924 914
67 209 928
68 752 647
69 896 125
70 151 299
71 129 85
72 851 155
73 73 757
74 422 647
75 769 970
76 757 724
77 543 700
78 648 739
79 549 388
80 742 146
81 860 49
82 829 618
83 689 272
84 885 101
85 25 216
86 840 977
87 481 899
88 4 819
89 677 3
90 560 96
DEMAND_SECTION
1 0
2 2
3 2
4 1
5 1
6 2
7 3
8 1
9 1
10 1
11 1
12 3
13 4
14 3
15 3
16 3
17 4
18 4
19 4
20 4
21 4
22 3
23 4
24 1
25 2
26 3
27 3
28 3
29 1
30 4
31 4
32 3
33 1
34 1
35 1
36 3
37 3
38 2
39 4
40 3
41 3
42 1
43 2
44 4
45 3
46 3
47 2
48 4
49 4
50 4
51 2
52 2
53 1
54 2
55 4
56 3
57 1
58 3
59 3
60 1
61 4
62 3
63 4
64 3
65 1
66 4
67 3
68 3
69 3
70 2
71 3
72 3
73 3
74 1
75 4
76 4
77 3
78 2
79 2
80 2
81 2
82 4
83 4
84 3
85 3
86 2
87 4
88 3
89 4
90 1
DEPOT_SECTION
 1
 -1
 EOF 