NAME: I2408-n26-k5
COMMENT : (Fake et al, No of trucks: 5, Optimal value: )
TYPE : CVRP
DIMENSION : 26
EDGE_WEIGHT_TYPE : EUC_2D
CAPACITY : 8
NODE_COORD_SECTION
1 48 572
2 330 462
3 650 151
4 892 3
5 28 699
6 243 531
7 924 7
8 394 814
9 2 146
10 467 124
11 773 93
12 54 374
13 239 291
14 731 263
15 362 970
16 305 943
17 653 206
18 844 73
19 650 795
20 128 987
21 449 902
22 625 630
23 438 674
24 471 349
25 927 383
26 42 72
DEMAND_SECTION
1 0
2 1
3 1
4 2
5 1
6 2
7 2
8 1
9 1
10 1
11 2
12 2
13 2
14 1
15 2
16 1
17 1
18 1
19 1
20 2
21 1
22 2
23 2
24 1
25 1
26 2
DEPOT_SECTION
 1
 -1
 EOF 