NAME: I24044-n81-k9
COMMENT : (Fake et al, No of trucks: 9, Optimal value: )
TYPE : CVRP
DIMENSION : 81
EDGE_WEIGHT_TYPE : EUC_2D
CAPACITY : 28
NODE_COORD_SECTION
1 692 294
2 148 569
3 384 701
4 14 997
5 854 52
6 466 459
7 642 188
8 275 337
9 57 594
10 187 417
11 113 159
12 576 545
13 38 387
14 161 553
15 928 589
16 650 764
17 588 587
18 974 929
19 770 444
20 840 637
21 393 756
22 472 618
23 256 519
24 883 588
25 174 662
26 858 862
27 625 107
28 475 815
29 185 963
30 897 29
31 410 790
32 113 757
33 770 544
34 494 699
35 458 983
36 594 76
37 729 921
38 322 228
39 923 211
40 20 987
41 113 769
42 343 723
43 501 33
44 348 213
45 19 987
46 822 467
47 617 944
48 956 918
49 208 783
50 750 467
51 569 19
52 690 177
53 389 593
54 323 782
55 901 392
56 883 424
57 467 772
58 3 367
59 357 660
60 426 525
61 435 483
62 324 629
63 435 170
64 546 198
65 493 226
66 630 610
67 389 712
68 636 652
69 739 894
70 853 15
71 25 481
72 321 127
73 665 739
74 16 687
75 369 650
76 416 737
77 520 956
78 443 978
79 736 476
80 792 314
81 152 211
DEMAND_SECTION
1 0
2 1
3 4
4 5
5 2
6 2
7 1
8 1
9 1
10 4
11 4
12 5
13 5
14 4
15 1
16 2
17 1
18 3
19 4
20 1
21 1
22 4
23 3
24 5
25 5
26 4
27 5
28 2
29 1
30 1
31 5
32 1
33 3
34 2
35 2
36 2
37 4
38 5
39 2
40 1
41 5
42 4
43 1
44 3
45 1
46 1
47 1
48 5
49 2
50 1
51 2
52 5
53 1
54 3
55 5
56 4
57 1
58 5
59 3
60 4
61 3
62 1
63 1
64 5
65 1
66 1
67 3
68 2
69 2
70 5
71 1
72 1
73 5
74 3
75 1
76 3
77 2
78 3
79 2
80 4
81 3
DEPOT_SECTION
 1
 -1
 EOF 