NAME: I24071-n98-k9
COMMENT : (Fake et al, No of trucks: 9, Optimal value: )
TYPE : CVRP
DIMENSION : 98
EDGE_WEIGHT_TYPE : EUC_2D
CAPACITY : 25
NODE_COORD_SECTION
1 165 183
2 468 771
3 529 453
4 598 503
5 155 511
6 345 134
7 239 418
8 849 965
9 743 292
10 122 417
11 405 395
12 936 527
13 217 46
14 515 530
15 362 597
16 405 251
17 359 410
18 510 854
19 207 921
20 691 949
21 515 760
22 726 201
23 710 23
24 730 381
25 437 410
26 640 377
27 397 669
28 695 249
29 775 547
30 830 970
31 857 392
32 710 432
33 587 565
34 222 273
35 357 843
36 684 277
37 456 463
38 776 358
39 837 544
40 857 40
41 591 72
42 502 545
43 843 296
44 332 235
45 465 435
46 758 11
47 875 467
48 442 116
49 991 859
50 609 80
51 813 556
52 133 626
53 103 101
54 973 400
55 627 532
56 871 957
57 437 765
58 687 336
59 961 51
60 631 356
61 243 232
62 161 449
63 741 442
64 292 859
65 451 149
66 268 539
67 757 165
68 347 52
69 900 993
70 756 251
71 462 800
72 113 310
73 277 635
74 176 238
75 444 442
76 474 925
77 1 540
78 928 279
79 556 987
80 234 323
81 279 893
82 255 100
83 389 821
84 889 304
85 418 738
86 602 283
87 306 176
88 556 998
89 390 610
90 732 319
91 824 289
92 773 298
93 413 183
94 557 840
95 83 506
96 263 56
97 176 499
98 562 88
DEMAND_SECTION
1 0
2 1
3 1
4 1
5 2
6 3
7 2
8 2
9 2
10 1
11 2
12 2
13 3
14 3
15 3
16 3
17 1
18 1
19 1
20 1
21 3
22 1
23 2
24 1
25 3
26 3
27 1
28 3
29 1
30 2
31 2
32 2
33 2
34 2
35 2
36 2
37 2
38 1
39 1
40 1
41 3
42 3
43 2
44 3
45 1
46 2
47 2
48 2
49 2
50 2
51 1
52 3
53 3
54 3
55 3
56 2
57 3
58 3
59 2
60 1
61 1
62 3
63 1
64 3
65 1
66 1
67 1
68 1
69 1
70 2
71 1
72 2
73 3
74 1
75 1
76 3
77 2
78 1
79 2
80 2
81 1
82 3
83 2
84 3
85 1
86 1
87 3
88 3
89 1
90 2
91 3
92 2
93 2
94 2
95 2
96 1
97 3
98 3
DEPOT_SECTION
 1
 -1
 EOF 