NAME: I24107-n95-k6
COMMENT : (Fake et al, No of trucks: 6, Optimal value: )
TYPE : CVRP
DIMENSION : 95
EDGE_WEIGHT_TYPE : EUC_2D
CAPACITY : 49
NODE_COORD_SECTION
1 911 174
2 526 406
3 484 984
4 170 838
5 242 157
6 729 19
7 702 161
8 403 822
9 258 314
10 209 690
11 562 736
12 995 181
13 570 539
14 861 929
15 19 339
16 835 47
17 709 907
18 412 650
19 850 859
20 480 855
21 6 44
22 843 678
23 858 797
24 599 608
25 259 916
26 912 356
27 392 910
28 534 395
29 929 514
30 232 537
31 787 302
32 935 305
33 931 761
34 872 513
35 144 892
36 37 534
37 272 739
38 131 234
39 603 468
40 129 923
41 310 754
42 265 731
43 394 68
44 39 513
45 838 168
46 534 992
47 423 278
48 796 207
49 377 841
50 144 118
51 697 95
52 282 221
53 872 969
54 365 887
55 897 535
56 108 961
57 137 796
58 134 890
59 338 963
60 230 25
61 700 174
62 359 38
63 148 361
64 163 849
65 478 56
66 712 289
67 896 333
68 84 125
69 31 332
70 303 649
71 803 543
72 356 169
73 982 295
74 442 11
75 794 34
76 670 618
77 409 546
78 410 899
79 302 113
80 716 74
81 500 786
82 107 752
83 161 186
84 450 174
85 50 623
86 681 105
87 558 117
88 97 510
89 67 677
90 190 609
91 537 914
92 759 218
93 39 670
94 164 121
95 875 282
DEMAND_SECTION
1 0
2 5
3 3
4 5
5 2
6 3
7 2
8 1
9 4
10 3
11 2
12 2
13 5
14 1
15 5
16 4
17 5
18 4
19 3
20 2
21 5
22 2
23 1
24 3
25 1
26 2
27 2
28 2
29 4
30 4
31 1
32 5
33 5
34 5
35 3
36 1
37 2
38 4
39 3
40 4
41 2
42 2
43 5
44 3
45 2
46 1
47 1
48 3
49 2
50 4
51 3
52 3
53 3
54 2
55 3
56 4
57 5
58 3
59 2
60 5
61 5
62 2
63 2
64 1
65 2
66 3
67 1
68 2
69 2
70 2
71 3
72 1
73 2
74 1
75 3
76 1
77 2
78 2
79 1
80 3
81 2
82 3
83 1
84 1
85 5
86 1
87 5
88 5
89 5
90 3
91 1
92 5
93 2
94 5
95 3
DEPOT_SECTION
 1
 -1
 EOF 