NAME: I24179-n75-k10
COMMENT : (Fake et al, No of trucks: 10, Optimal value: )
TYPE : CVRP
DIMENSION : 75
EDGE_WEIGHT_TYPE : EUC_2D
CAPACITY : 27
NODE_COORD_SECTION
1 683 863
2 38 757
3 67 406
4 759 262
5 861 385
6 300 922
7 463 502
8 136 421
9 276 182
10 560 862
11 280 200
12 360 114
13 108 591
14 939 192
15 474 324
16 564 473
17 124 29
18 208 628
19 914 599
20 707 767
21 737 340
22 396 744
23 465 795
24 806 77
25 354 352
26 946 895
27 897 563
28 680 877
29 343 792
30 388 610
31 905 175
32 577 918
33 63 336
34 591 747
35 241 973
36 734 248
37 403 434
38 564 895
39 706 125
40 882 952
41 677 438
42 288 718
43 267 935
44 347 604
45 62 496
46 487 101
47 223 347
48 16 296
49 929 213
50 723 265
51 510 793
52 37 780
53 730 157
54 48 917
55 502 659
56 586 386
57 987 616
58 752 882
59 230 480
60 431 580
61 555 817
62 258 750
63 550 34
64 162 770
65 540 59
66 829 899
67 222 807
68 707 183
69 699 467
70 196 94
71 567 497
72 954 765
73 810 900
74 898 687
75 111 858
DEMAND_SECTION
1 0
2 3
3 4
4 5
5 2
6 1
7 5
8 1
9 2
10 3
11 4
12 1
13 4
14 3
15 4
16 4
17 2
18 3
19 1
20 2
21 4
22 5
23 5
24 1
25 1
26 3
27 5
28 1
29 3
30 4
31 3
32 3
33 1
34 3
35 4
36 3
37 1
38 3
39 3
40 4
41 3
42 4
43 2
44 5
45 1
46 3
47 5
48 2
49 5
50 3
51 5
52 1
53 2
54 2
55 3
56 5
57 3
58 3
59 5
60 5
61 5
62 3
63 1
64 4
65 2
66 3
67 1
68 2
69 5
70 5
71 2
72 5
73 5
74 3
75 4
DEPOT_SECTION
 1
 -1
 EOF 