NAME: I24129-n85-k7
COMMENT : (Fake et al, No of trucks: 7, Optimal value: )
TYPE : CVRP
DIMENSION : 85
EDGE_WEIGHT_TYPE : EUC_2D
CAPACITY : 77
NODE_COORD_SECTION
1 461 272
2 909 313
3 728 237
4 855 760
5 654 644
6 263 370
7 972 506
8 363 531
9 804 551
10 662 232
11 117 655
12 788 748
13 817 803
14 292 180
15 948 135
16 429 687
17 748 559
18 428 641
19 612 859
20 491 646
21 198 939
22 512 247
23 919 860
24 527 360
25 61 415
26 441 709
27 78 376
28 452 315
29 331 33
30 982 782
31 938 199
32 265 814
33 92 586
34 340 847
35 121 63
36 70 619
37 159 575
38 303 884
39 94 661
40 756 283
41 0 998
42 454 79
43 191 509
44 431 468
45 120 429
46 651 757
47 629 910
48 338 717
49 214 926
50 306 38
51 188 782
52 92 334
53 223 875
54 801 982
55 912 909
56 280 363
57 957 589
58 658 98
59 73 309
60 138 994
61 651 914
62 568 883
63 798 803
64 563 58
65 756 728
66 55 742
67 634 8
68 588 790
69 233 675
70 271 184
71 150 834
72 80 333
73 741 654
74 872 823
75 534 853
76 390 35
77 912 129
78 235 932
79 101 970
80 902 460
81 930 746
82 610 795
83 566 392
84 367 925
85 395 406
DEMAND_SECTION
1 0
2 2
3 2
4 2
5 5
6 3
7 10
8 8
9 2
10 1
11 10
12 4
13 3
14 10
15 2
16 1
17 8
18 2
19 8
20 5
21 4
22 9
23 4
24 10
25 4
26 6
27 6
28 3
29 7
30 7
31 10
32 4
33 8
34 10
35 1
36 9
37 8
38 7
39 6
40 4
41 5
42 4
43 1
44 6
45 3
46 7
47 9
48 10
49 6
50 7
51 8
52 8
53 9
54 1
55 4
56 2
57 1
58 9
59 4
60 9
61 10
62 7
63 9
64 10
65 2
66 9
67 6
68 10
69 7
70 6
71 9
72 5
73 9
74 8
75 1
76 2
77 9
78 9
79 1
80 3
81 1
82 2
83 7
84 3
85 6
DEPOT_SECTION
 1
 -1
 EOF 