NAME: I24230-n79-k7
COMMENT : (Fake et al, No of trucks: 7, Optimal value: )
TYPE : CVRP
DIMENSION : 79
EDGE_WEIGHT_TYPE : EUC_2D
CAPACITY : 58
NODE_COORD_SECTION
1 608 306
2 189 144
3 10 508
4 858 878
5 257 800
6 506 538
7 592 198
8 39 415
9 56 959
10 329 141
11 753 747
12 436 52
13 132 560
14 13 469
15 182 842
16 551 511
17 805 12
18 164 573
19 158 92
20 792 703
21 952 208
22 872 887
23 454 753
24 748 407
25 374 764
26 817 939
27 947 495
28 872 976
29 557 833
30 892 745
31 50 406
32 233 437
33 723 428
34 208 168
35 272 289
36 606 626
37 542 802
38 830 618
39 153 139
40 516 475
41 88 177
42 429 1
43 543 378
44 92 944
45 277 945
46 688 363
47 38 542
48 885 714
49 476 869
50 88 967
51 185 654
52 586 824
53 1000 22
54 354 201
55 309 139
56 231 54
57 24 876
58 934 278
59 105 628
60 275 608
61 628 151
62 319 231
63 777 649
64 340 724
65 40 530
66 37 563
67 985 943
68 434 185
69 141 373
70 817 717
71 169 187
72 979 288
73 125 823
74 947 208
75 593 769
76 510 987
77 42 226
78 445 20
79 666 530
DEMAND_SECTION
1 0
2 8
3 4
4 2
5 4
6 6
7 5
8 1
9 8
10 6
11 2
12 4
13 7
14 7
15 4
16 5
17 4
18 4
19 8
20 1
21 6
22 6
23 5
24 8
25 3
26 5
27 4
28 2
29 5
30 3
31 8
32 5
33 4
34 1
35 6
36 5
37 7
38 1
39 5
40 1
41 8
42 7
43 5
44 8
45 7
46 4
47 5
48 5
49 3
50 5
51 2
52 3
53 4
54 4
55 3
56 6
57 2
58 6
59 3
60 2
61 4
62 7
63 1
64 5
65 3
66 6
67 7
68 3
69 1
70 6
71 8
72 5
73 4
74 4
75 6
76 6
77 7
78 3
79 1
DEPOT_SECTION
 1
 -1
 EOF 