NAME: I24285-n70-k10
COMMENT : (Fake et al, No of trucks: 10, Optimal value: )
TYPE : CVRP
DIMENSION : 70
EDGE_WEIGHT_TYPE : EUC_2D
CAPACITY : 32
NODE_COORD_SECTION
1 796 778
2 630 851
3 144 1
4 282 869
5 736 291
6 380 816
7 392 976
8 212 69
9 677 71
10 139 588
11 962 478
12 471 8
13 697 101
14 882 603
15 924 795
16 804 48
17 48 380
18 268 778
19 841 177
20 575 483
21 481 976
22 375 890
23 597 725
24 950 598
25 158 32
26 765 678
27 513 521
28 716 753
29 45 649
30 340 279
31 441 863
32 464 862
33 772 820
34 552 765
35 188 290
36 115 198
37 954 940
38 560 505
39 698 650
40 177 223
41 231 854
42 709 835
43 84 939
44 671 118
45 718 12
46 786 679
47 809 983
48 118 915
49 623 131
50 581 43
51 900 877
52 721 802
53 651 121
54 281 732
55 304 840
56 441 941
57 627 387
58 534 881
59 863 80
60 546 438
61 462 727
62 103 880
63 136 897
64 121 2
65 613 19
66 892 378
67 310 217
68 260 757
69 792 836
70 321 939
DEMAND_SECTION
1 0
2 5
3 1
4 4
5 2
6 4
7 2
8 6
9 3
10 6
11 3
12 6
13 3
14 2
15 5
16 2
17 3
18 5
19 6
20 5
21 1
22 2
23 1
24 5
25 1
26 6
27 4
28 3
29 5
30 4
31 5
32 6
33 6
34 3
35 6
36 5
37 1
38 6
39 2
40 3
41 4
42 3
43 2
44 5
45 2
46 6
47 3
48 1
49 6
50 6
51 2
52 6
53 4
54 2
55 6
56 1
57 3
58 6
59 1
60 3
61 6
62 6
63 1
64 6
65 4
66 3
67 5
68 2
69 4
70 2
DEPOT_SECTION
 1
 -1
 EOF 