NAME: I2429-n44-k3
COMMENT : (Fake et al, No of trucks: 3, Optimal value: )
TYPE : CVRP
DIMENSION : 44
EDGE_WEIGHT_TYPE : EUC_2D
CAPACITY : 38
NODE_COORD_SECTION
1 671 277
2 577 957
3 87 164
4 848 827
5 123 583
6 322 94
7 337 13
8 680 532
9 575 302
10 381 647
11 165 477
12 638 745
13 545 650
14 581 873
15 611 36
16 357 565
17 143 495
18 804 797
19 417 812
20 261 117
21 18 997
22 644 944
23 768 359
24 812 783
25 832 138
26 998 580
27 215 660
28 412 198
29 393 567
30 41 609
31 121 661
32 597 52
33 761 884
34 45 581
35 9 309
36 793 9
37 837 955
38 301 246
39 551 555
40 919 377
41 418 982
42 167 246
43 699 141
44 594 279
DEMAND_SECTION
1 0
2 1
3 4
4 4
5 1
6 3
7 3
8 2
9 1
10 3
11 1
12 4
13 2
14 1
15 1
16 3
17 1
18 2
19 1
20 4
21 3
22 1
23 1
24 3
25 2
26 1
27 2
28 1
29 4
30 1
31 4
32 2
33 2
34 4
35 3
36 1
37 1
38 3
39 2
40 1
41 1
42 3
43 4
44 4
DEPOT_SECTION
 1
 -1
 EOF 