NAME: I24313-n85-k9
COMMENT : (Fake et al, No of trucks: 9, Optimal value: )
TYPE : CVRP
DIMENSION : 85
EDGE_WEIGHT_TYPE : EUC_2D
CAPACITY : 68
NODE_COORD_SECTION
1 580 948
2 321 757
3 376 967
4 50 147
5 798 517
6 272 835
7 194 151
8 619 434
9 682 56
10 528 767
11 964 112
12 983 81
13 538 867
14 130 750
15 911 435
16 938 484
17 672 608
18 815 352
19 439 845
20 2 289
21 132 401
22 340 71
23 589 703
24 370 491
25 191 345
26 919 417
27 586 573
28 957 811
29 610 256
30 600 635
31 126 836
32 533 718
33 138 979
34 249 680
35 819 555
36 620 545
37 535 457
38 865 455
39 258 109
40 421 259
41 208 460
42 571 679
43 401 487
44 17 291
45 324 639
46 841 533
47 218 315
48 665 632
49 458 353
50 425 708
51 62 742
52 150 955
53 500 270
54 813 72
55 222 93
56 289 791
57 648 978
58 269 327
59 886 798
60 680 814
61 495 16
62 735 757
63 839 417
64 74 869
65 805 125
66 321 999
67 206 488
68 207 616
69 352 553
70 334 365
71 322 209
72 30 197
73 941 904
74 746 51
75 469 335
76 917 381
77 411 55
78 116 109
79 816 50
80 476 151
81 871 378
82 103 96
83 538 472
84 284 485
85 278 937
DEMAND_SECTION
1 0
2 10
3 9
4 8
5 2
6 4
7 7
8 8
9 6
10 9
11 4
12 10
13 7
14 8
15 9
16 6
17 6
18 4
19 9
20 1
21 6
22 7
23 3
24 11
25 11
26 1
27 9
28 6
29 10
30 2
31 10
32 4
33 3
34 4
35 10
36 4
37 8
38 7
39 6
40 11
41 2
42 8
43 9
44 9
45 3
46 9
47 4
48 9
49 6
50 4
51 1
52 7
53 4
54 2
55 3
56 4
57 11
58 7
59 5
60 5
61 9
62 7
63 5
64 10
65 7
66 6
67 9
68 10
69 6
70 1
71 9
72 7
73 11
74 4
75 2
76 2
77 5
78 5
79 6
80 11
81 7
82 7
83 1
84 6
85 2
DEPOT_SECTION
 1
 -1
 EOF 