NAME: I24301-n78-k10
COMMENT : (Fake et al, No of trucks: 10, Optimal value: )
TYPE : CVRP
DIMENSION : 78
EDGE_WEIGHT_TYPE : EUC_2D
CAPACITY : 47
NODE_COORD_SECTION
1 659 811
2 905 906
3 508 636
4 10 368
5 541 182
6 890 851
7 181 340
8 513 810
9 267 515
10 915 824
11 724 639
12 6 157
13 673 590
14 79 632
15 125 739
16 653 266
17 907 828
18 605 776
19 165 315
20 758 397
21 72 163
22 313 268
23 949 38
24 792 746
25 747 732
26 221 186
27 268 399
28 202 241
29 88 979
30 840 768
31 714 489
32 280 332
33 379 674
34 926 234
35 149 499
36 36 606
37 393 670
38 254 308
39 657 35
40 942 561
41 651 20
42 948 543
43 524 61
44 51 609
45 221 251
46 203 783
47 863 210
48 967 811
49 671 771
50 799 451
51 251 448
52 518 385
53 938 325
54 576 115
55 690 482
56 280 475
57 719 611
58 336 593
59 67 965
60 925 407
61 317 576
62 840 634
63 214 451
64 85 926
65 819 58
66 831 270
67 235 895
68 505 839
69 96 119
70 502 31
71 723 309
72 627 175
73 222 872
74 411 282
75 775 421
76 778 749
77 194 791
78 410 689
DEMAND_SECTION
1 0
2 4
3 9
4 4
5 5
6 4
7 7
8 7
9 8
10 1
11 3
12 3
13 4
14 7
15 7
16 5
17 6
18 9
19 3
20 1
21 4
22 9
23 1
24 8
25 8
26 6
27 5
28 8
29 6
30 4
31 1
32 5
33 5
34 8
35 5
36 1
37 8
38 6
39 5
40 9
41 2
42 2
43 8
44 5
45 2
46 5
47 5
48 3
49 3
50 9
51 8
52 9
53 4
54 4
55 9
56 3
57 8
58 6
59 3
60 6
61 6
62 8
63 5
64 9
65 7
66 5
67 3
68 4
69 5
70 2
71 3
72 9
73 7
74 3
75 8
76 5
77 9
78 6
DEPOT_SECTION
 1
 -1
 EOF 