NAME: I24305-n72-k9
COMMENT : (Fake et al, No of trucks: 9, Optimal value: )
TYPE : CVRP
DIMENSION : 72
EDGE_WEIGHT_TYPE : EUC_2D
CAPACITY : 47
NODE_COORD_SECTION
1 907 974
2 655 292
3 583 521
4 232 740
5 486 466
6 614 643
7 493 775
8 424 293
9 884 38
10 702 675
11 65 497
12 173 869
13 927 799
14 140 571
15 474 140
16 510 812
17 505 221
18 38 714
19 876 853
20 222 632
21 346 890
22 749 364
23 634 15
24 518 491
25 655 182
26 630 486
27 689 841
28 906 739
29 568 763
30 875 591
31 533 518
32 200 569
33 113 79
34 364 984
35 165 611
36 42 81
37 634 523
38 422 927
39 10 203
40 903 38
41 473 600
42 850 459
43 450 830
44 590 39
45 598 197
46 970 519
47 370 189
48 633 947
49 956 858
50 539 589
51 434 678
52 290 936
53 466 452
54 572 385
55 788 306
56 413 408
57 647 602
58 144 951
59 416 678
60 647 577
61 624 145
62 381 231
63 439 356
64 607 289
65 405 564
66 807 666
67 770 621
68 576 308
69 635 835
70 847 150
71 271 185
72 588 870
DEMAND_SECTION
1 0
2 7
3 3
4 5
5 10
6 1
7 3
8 5
9 1
10 9
11 10
12 7
13 10
14 7
15 2
16 6
17 9
18 1
19 7
20 8
21 1
22 10
23 9
24 9
25 2
26 7
27 5
28 9
29 9
30 6
31 6
32 5
33 4
34 2
35 6
36 2
37 5
38 6
39 6
40 5
41 10
42 4
43 4
44 6
45 3
46 9
47 7
48 4
49 2
50 2
51 5
52 5
53 5
54 10
55 4
56 8
57 10
58 7
59 9
60 2
61 3
62 3
63 5
64 2
65 6
66 2
67 5
68 2
69 2
70 1
71 10
72 7
DEPOT_SECTION
 1
 -1
 EOF 