NAME: I24333-n82-k9
COMMENT : (Fake et al, No of trucks: 9, Optimal value: )
TYPE : CVRP
DIMENSION : 82
EDGE_WEIGHT_TYPE : EUC_2D
CAPACITY : 56
NODE_COORD_SECTION
1 916 801
2 519 219
3 902 558
4 89 299
5 366 121
6 628 763
7 738 440
8 792 931
9 214 466
10 769 365
11 551 786
12 408 431
13 8 243
14 747 609
15 937 460
16 160 139
17 420 727
18 974 351
19 930 986
20 358 770
21 6 331
22 400 96
23 774 557
24 155 313
25 889 186
26 687 555
27 223 546
28 592 81
29 249 582
30 566 960
31 142 216
32 818 415
33 459 262
34 67 368
35 602 868
36 278 778
37 371 976
38 530 88
39 824 435
40 942 610
41 161 275
42 209 31
43 889 10
44 673 960
45 69 388
46 971 145
47 486 582
48 966 358
49 678 567
50 480 234
51 976 778
52 187 895
53 939 527
54 509 536
55 686 12
56 480 371
57 514 40
58 828 167
59 826 859
60 228 345
61 105 157
62 772 937
63 80 838
64 351 886
65 257 344
66 154 144
67 26 916
68 324 406
69 604 364
70 680 637
71 595 950
72 484 995
73 487 275
74 972 859
75 543 146
76 97 1000
77 403 686
78 436 463
79 267 199
80 300 163
81 476 699
82 604 775
DEMAND_SECTION
1 0
2 5
3 4
4 1
5 10
6 1
7 2
8 9
9 9
10 1
11 1
12 10
13 5
14 7
15 8
16 1
17 6
18 8
19 4
20 3
21 3
22 1
23 3
24 4
25 4
26 5
27 10
28 10
29 10
30 7
31 2
32 8
33 2
34 7
35 3
36 1
37 8
38 10
39 3
40 2
41 2
42 10
43 5
44 10
45 3
46 3
47 2
48 5
49 1
50 9
51 10
52 1
53 9
54 5
55 10
56 8
57 3
58 3
59 1
60 2
61 8
62 9
63 1
64 6
65 9
66 6
67 6
68 6
69 5
70 1
71 9
72 7
73 5
74 4
75 4
76 2
77 8
78 9
79 8
80 5
81 6
82 1
DEPOT_SECTION
 1
 -1
 EOF 