NAME: I24350-n70-k7
COMMENT : (Fake et al, No of trucks: 7, Optimal value: )
TYPE : CVRP
DIMENSION : 70
EDGE_WEIGHT_TYPE : EUC_2D
CAPACITY : 37
NODE_COORD_SECTION
1 108 526
2 16 248
3 810 888
4 760 715
5 20 589
6 472 755
7 136 24
8 896 916
9 459 818
10 654 855
11 209 957
12 237 882
13 205 857
14 379 842
15 835 192
16 427 928
17 630 71
18 119 525
19 433 4
20 505 397
21 39 948
22 826 506
23 604 207
24 679 484
25 431 278
26 454 493
27 875 473
28 836 176
29 113 531
30 859 511
31 705 290
32 763 46
33 326 28
34 918 757
35 786 127
36 574 406
37 44 530
38 348 842
39 308 511
40 741 781
41 29 351
42 298 332
43 781 131
44 748 790
45 408 655
46 120 65
47 139 786
48 247 388
49 834 824
50 340 581
51 227 49
52 955 678
53 459 500
54 474 330
55 2 305
56 888 794
57 445 618
58 104 214
59 247 8
60 647 587
61 502 255
62 921 123
63 334 691
64 25 433
65 83 800
66 847 223
67 600 303
68 416 340
69 919 898
70 554 285
DEMAND_SECTION
1 0
2 6
3 4
4 4
5 1
6 1
7 1
8 1
9 1
10 2
11 2
12 5
13 5
14 2
15 4
16 3
17 5
18 3
19 5
20 5
21 3
22 1
23 4
24 3
25 5
26 3
27 1
28 6
29 3
30 2
31 6
32 3
33 1
34 6
35 5
36 3
37 2
38 1
39 6
40 1
41 6
42 3
43 2
44 4
45 3
46 2
47 5
48 1
49 5
50 5
51 4
52 6
53 6
54 1
55 5
56 6
57 1
58 5
59 3
60 5
61 2
62 3
63 2
64 4
65 5
66 1
67 1
68 6
69 6
70 3
DEPOT_SECTION
 1
 -1
 EOF 