NAME: I24419-n75-k10
COMMENT : (Fake et al, No of trucks: 10, Optimal value: )
TYPE : CVRP
DIMENSION : 75
EDGE_WEIGHT_TYPE : EUC_2D
CAPACITY : 34
NODE_COORD_SECTION
1 681 947
2 365 513
3 741 898
4 537 602
5 202 672
6 997 438
7 882 953
8 32 914
9 968 54
10 918 117
11 830 56
12 871 209
13 753 345
14 234 306
15 444 91
16 326 660
17 230 811
18 662 182
19 543 405
20 72 65
21 408 733
22 423 895
23 955 253
24 129 302
25 48 216
26 358 32
27 960 255
28 514 190
29 554 208
30 779 70
31 794 476
32 742 171
33 177 444
34 177 658
35 536 65
36 815 201
37 257 635
38 139 605
39 413 977
40 560 123
41 450 260
42 824 679
43 733 449
44 716 744
45 969 552
46 536 111
47 201 327
48 42 88
49 383 493
50 116 405
51 868 126
52 196 646
53 39 638
54 651 142
55 550 849
56 333 912
57 186 289
58 861 985
59 8 621
60 140 949
61 165 48
62 792 786
63 340 361
64 293 617
65 240 140
66 444 43
67 366 437
68 319 88
69 533 370
70 171 503
71 708 621
72 620 937
73 962 484
74 740 676
75 785 425
DEMAND_SECTION
1 0
2 5
3 4
4 4
5 4
6 4
7 2
8 5
9 2
10 1
11 5
12 1
13 3
14 1
15 7
16 6
17 3
18 5
19 3
20 1
21 3
22 5
23 4
24 2
25 4
26 5
27 3
28 2
29 7
30 3
31 6
32 6
33 5
34 5
35 6
36 1
37 4
38 7
39 1
40 2
41 4
42 5
43 5
44 6
45 4
46 2
47 4
48 7
49 6
50 2
51 6
52 5
53 5
54 5
55 6
56 6
57 2
58 1
59 4
60 1
61 5
62 7
63 6
64 4
65 7
66 6
67 5
68 4
69 4
70 2
71 7
72 5
73 1
74 3
75 6
DEPOT_SECTION
 1
 -1
 EOF 