NAME: I24468-n92-k8
COMMENT : (Fake et al, No of trucks: 8, Optimal value: )
TYPE : CVRP
DIMENSION : 92
EDGE_WEIGHT_TYPE : EUC_2D
CAPACITY : 71
NODE_COORD_SECTION
1 64 552
2 689 585
3 447 538
4 816 299
5 280 831
6 808 357
7 889 477
8 351 731
9 517 286
10 457 724
11 864 51
12 956 173
13 652 472
14 51 73
15 132 781
16 348 972
17 979 720
18 466 559
19 68 52
20 708 816
21 826 282
22 225 364
23 618 653
24 131 394
25 880 937
26 233 384
27 568 888
28 769 135
29 513 575
30 168 294
31 232 443
32 943 298
33 470 182
34 633 328
35 471 99
36 465 901
37 103 73
38 639 683
39 159 49
40 940 459
41 188 876
42 47 517
43 91 857
44 82 688
45 714 721
46 141 771
47 686 627
48 575 30
49 249 50
50 825 303
51 747 512
52 801 421
53 120 696
54 237 95
55 592 847
56 704 601
57 762 709
58 648 844
59 448 992
60 154 471
61 114 834
62 576 583
63 109 755
64 700 661
65 973 610
66 301 332
67 63 918
68 377 570
69 221 365
70 394 22
71 700 3
72 252 668
73 344 10
74 893 403
75 207 60
76 338 460
77 881 43
78 397 103
79 194 85
80 530 970
81 40 838
82 790 3
83 907 998
84 451 805
85 482 323
86 348 721
87 164 863
88 590 572
89 440 130
90 707 719
91 91 400
92 519 245
DEMAND_SECTION
1 0
2 6
3 8
4 9
5 7
6 7
7 8
8 5
9 7
10 1
11 6
12 5
13 3
14 8
15 8
16 6
17 4
18 8
19 2
20 9
21 5
22 2
23 2
24 8
25 8
26 7
27 3
28 10
29 8
30 6
31 6
32 6
33 10
34 2
35 9
36 7
37 9
38 7
39 1
40 3
41 3
42 7
43 5
44 2
45 1
46 4
47 8
48 2
49 3
50 5
51 5
52 7
53 3
54 6
55 4
56 7
57 5
58 10
59 6
60 6
61 5
62 7
63 5
64 8
65 9
66 2
67 10
68 6
69 6
70 5
71 2
72 7
73 9
74 1
75 7
76 7
77 5
78 6
79 10
80 6
81 4
82 8
83 4
84 5
85 3
86 1
87 5
88 3
89 1
90 7
91 8
92 5
DEPOT_SECTION
 1
 -1
 EOF 