NAME: I24449-n75-k8
COMMENT : (Fake et al, No of trucks: 8, Optimal value: )
TYPE : CVRP
DIMENSION : 75
EDGE_WEIGHT_TYPE : EUC_2D
CAPACITY : 45
NODE_COORD_SECTION
1 72 816
2 699 630
3 256 537
4 743 730
5 78 693
6 36 302
7 438 147
8 18 914
9 236 119
10 211 655
11 745 798
12 114 457
13 519 336
14 938 509
15 401 225
16 84 334
17 580 158
18 608 33
19 864 384
20 583 946
21 992 191
22 903 685
23 523 529
24 531 469
25 18 78
26 940 919
27 703 305
28 945 454
29 616 907
30 937 769
31 12 742
32 675 768
33 708 375
34 489 465
35 736 684
36 652 946
37 341 19
38 807 263
39 767 180
40 637 168
41 993 70
42 73 636
43 367 112
44 582 650
45 323 222
46 367 262
47 711 548
48 311 973
49 721 580
50 366 77
51 605 746
52 119 938
53 746 738
54 784 221
55 162 171
56 452 942
57 579 280
58 476 559
59 536 992
60 658 147
61 773 658
62 73 536
63 857 219
64 317 404
65 171 236
66 566 639
67 968 472
68 145 805
69 87 373
70 21 837
71 203 362
72 204 127
73 572 51
74 994 452
75 210 62
DEMAND_SECTION
1 0
2 5
3 1
4 4
5 6
6 4
7 3
8 6
9 4
10 6
11 7
12 5
13 1
14 7
15 7
16 7
17 6
18 3
19 1
20 4
21 4
22 7
23 7
24 6
25 4
26 1
27 4
28 5
29 7
30 5
31 4
32 6
33 6
34 4
35 3
36 7
37 5
38 3
39 3
40 1
41 3
42 6
43 3
44 6
45 7
46 4
47 7
48 6
49 1
50 6
51 4
52 7
53 1
54 4
55 3
56 7
57 4
58 1
59 2
60 5
61 1
62 1
63 1
64 2
65 2
66 5
67 1
68 2
69 4
70 3
71 7
72 4
73 2
74 1
75 7
DEPOT_SECTION
 1
 -1
 EOF 