NAME: I24518-n78-k7
COMMENT : (Fake et al, No of trucks: 7, Optimal value: )
TYPE : CVRP
DIMENSION : 78
EDGE_WEIGHT_TYPE : EUC_2D
CAPACITY : 51
NODE_COORD_SECTION
1 437 373
2 412 653
3 677 853
4 563 375
5 507 737
6 181 996
7 161 708
8 896 366
9 91 206
10 513 968
11 802 24
12 631 363
13 323 768
14 764 763
15 431 945
16 944 296
17 637 314
18 199 927
19 529 175
20 582 823
21 116 692
22 528 978
23 546 583
24 878 198
25 236 991
26 751 649
27 976 105
28 131 142
29 847 251
30 775 208
31 348 606
32 265 100
33 831 44
34 239 472
35 588 679
36 229 535
37 35 787
38 625 856
39 55 428
40 266 38
41 972 686
42 9 279
43 750 707
44 827 368
45 521 855
46 713 350
47 699 894
48 748 751
49 706 122
50 445 493
51 312 98
52 976 78
53 277 331
54 520 907
55 860 766
56 349 36
57 397 477
58 612 971
59 8 769
60 460 723
61 444 808
62 805 702
63 426 576
64 441 577
65 822 369
66 732 392
67 930 901
68 410 56
69 411 88
70 276 208
71 168 366
72 183 159
73 513 894
74 640 139
75 27 900
76 476 175
77 261 600
78 36 59
DEMAND_SECTION
1 0
2 1
3 1
4 3
5 4
6 5
7 1
8 1
9 5
10 3
11 3
12 5
13 1
14 3
15 1
16 3
17 2
18 4
19 3
20 7
21 7
22 4
23 7
24 4
25 1
26 4
27 6
28 6
29 4
30 7
31 7
32 2
33 6
34 6
35 7
36 4
37 6
38 6
39 7
40 5
41 7
42 5
43 2
44 4
45 4
46 2
47 5
48 6
49 6
50 1
51 4
52 3
53 5
54 3
55 7
56 2
57 5
58 2
59 1
60 1
61 5
62 1
63 7
64 2
65 7
66 1
67 6
68 3
69 6
70 7
71 7
72 3
73 1
74 5
75 1
76 6
77 1
78 1
DEPOT_SECTION
 1
 -1
 EOF 