NAME: I24560-n86-k7
COMMENT : (Fake et al, No of trucks: 7, Optimal value: )
TYPE : CVRP
DIMENSION : 86
EDGE_WEIGHT_TYPE : EUC_2D
CAPACITY : 27
NODE_COORD_SECTION
1 109 797
2 484 98
3 186 584
4 575 32
5 455 791
6 233 523
7 820 422
8 639 598
9 166 323
10 798 71
11 132 989
12 543 369
13 45 344
14 787 372
15 831 304
16 513 265
17 198 658
18 575 321
19 30 832
20 42 865
21 884 909
22 54 313
23 219 569
24 213 516
25 140 26
26 67 301
27 211 591
28 556 245
29 805 810
30 530 227
31 429 583
32 160 740
33 968 695
34 983 768
35 673 266
36 621 559
37 968 507
38 910 374
39 217 282
40 140 876
41 587 608
42 569 483
43 199 302
44 485 476
45 856 685
46 2 124
47 619 136
48 422 320
49 445 177
50 988 472
51 662 860
52 436 503
53 875 681
54 780 864
55 775 316
56 684 468
57 35 690
58 111 395
59 984 685
60 143 322
61 424 925
62 560 520
63 492 229
64 376 230
65 392 714
66 727 865
67 357 501
68 879 502
69 640 70
70 521 569
71 448 812
72 17 925
73 657 880
74 728 254
75 19 430
76 718 10
77 851 440
78 69 976
79 453 84
80 425 213
81 19 224
82 566 204
83 914 475
84 390 122
85 590 363
86 682 890
DEMAND_SECTION
1 0
2 1
3 2
4 3
5 2
6 2
7 2
8 1
9 3
10 1
11 2
12 1
13 3
14 3
15 3
16 3
17 3
18 3
19 2
20 3
21 1
22 1
23 2
24 3
25 3
26 3
27 2
28 1
29 1
30 3
31 2
32 2
33 3
34 1
35 2
36 2
37 3
38 3
39 1
40 1
41 1
42 1
43 3
44 1
45 3
46 3
47 3
48 1
49 1
50 2
51 2
52 2
53 2
54 1
55 2
56 3
57 1
58 1
59 1
60 3
61 3
62 1
63 1
64 3
65 1
66 3
67 3
68 2
69 2
70 2
71 3
72 1
73 1
74 3
75 1
76 2
77 3
78 2
79 3
80 1
81 2
82 1
83 1
84 3
85 2
86 3
DEPOT_SECTION
 1
 -1
 EOF 