NAME: I24555-n76-k6
COMMENT : (Fake et al, No of trucks: 6, Optimal value: )
TYPE : CVRP
DIMENSION : 76
EDGE_WEIGHT_TYPE : EUC_2D
CAPACITY : 41
NODE_COORD_SECTION
1 592 530
2 388 230
3 32 891
4 226 460
5 862 827
6 21 933
7 915 382
8 368 791
9 655 525
10 265 5
11 481 170
12 498 950
13 282 270
14 88 286
15 676 182
16 377 19
17 918 655
18 881 635
19 3 42
20 113 441
21 1000 462
22 843 107
23 358 964
24 307 237
25 852 725
26 925 921
27 832 429
28 159 414
29 41 963
30 659 827
31 607 261
32 70 461
33 141 282
34 458 544
35 504 599
36 124 474
37 735 993
38 121 206
39 957 229
40 77 198
41 764 817
42 476 532
43 231 507
44 505 599
45 618 283
46 329 343
47 773 316
48 350 660
49 618 382
50 257 594
51 861 202
52 12 186
53 45 921
54 268 894
55 536 194
56 336 593
57 805 402
58 891 266
59 974 718
60 676 735
61 322 872
62 719 801
63 118 188
64 3 583
65 641 515
66 152 4
67 971 593
68 390 251
69 417 13
70 395 864
71 442 778
72 897 205
73 305 180
74 58 599
75 677 807
76 978 138
DEMAND_SECTION
1 0
2 4
3 2
4 1
5 1
6 2
7 1
8 2
9 4
10 5
11 1
12 4
13 5
14 3
15 3
16 4
17 1
18 1
19 2
20 3
21 1
22 4
23 2
24 5
25 4
26 3
27 5
28 3
29 4
30 1
31 2
32 4
33 4
34 3
35 1
36 2
37 3
38 3
39 4
40 2
41 3
42 2
43 2
44 5
45 5
46 2
47 4
48 3
49 2
50 4
51 3
52 3
53 4
54 2
55 2
56 1
57 4
58 3
59 5
60 2
61 1
62 1
63 3
64 1
65 3
66 1
67 2
68 3
69 4
70 4
71 3
72 3
73 3
74 3
75 1
76 2
DEPOT_SECTION
 1
 -1
 EOF 