NAME: I24632-n76-k10
COMMENT : (Fake et al, No of trucks: 10, Optimal value: )
TYPE : CVRP
DIMENSION : 76
EDGE_WEIGHT_TYPE : EUC_2D
CAPACITY : 25
NODE_COORD_SECTION
1 975 987
2 696 625
3 441 524
4 868 810
5 700 298
6 877 962
7 985 31
8 645 769
9 337 5
10 853 783
11 305 847
12 283 839
13 560 590
14 618 624
15 176 974
16 934 980
17 939 453
18 314 493
19 90 77
20 723 939
21 754 614
22 312 399
23 774 56
24 546 456
25 999 17
26 524 937
27 844 621
28 600 47
29 717 841
30 545 209
31 85 67
32 868 408
33 233 434
34 655 769
35 476 177
36 60 132
37 431 889
38 754 881
39 102 983
40 370 421
41 397 235
42 393 53
43 145 593
44 612 826
45 341 735
46 244 544
47 552 157
48 186 920
49 685 214
50 569 451
51 996 583
52 270 94
53 154 114
54 161 514
55 180 737
56 831 463
57 855 921
58 524 379
59 144 545
60 509 528
61 909 987
62 542 755
63 32 355
64 88 749
65 229 363
66 77 493
67 565 543
68 335 153
69 579 36
70 333 299
71 319 600
72 971 780
73 642 295
74 586 100
75 295 587
76 385 265
DEMAND_SECTION
1 0
2 4
3 3
4 5
5 2
6 2
7 1
8 3
9 5
10 4
11 3
12 1
13 4
14 5
15 5
16 2
17 3
18 1
19 4
20 3
21 5
22 4
23 2
24 1
25 3
26 3
27 4
28 3
29 4
30 1
31 1
32 5
33 5
34 3
35 1
36 1
37 4
38 1
39 3
40 1
41 1
42 2
43 5
44 1
45 2
46 2
47 2
48 5
49 3
50 3
51 4
52 1
53 3
54 4
55 1
56 3
57 2
58 2
59 4
60 2
61 1
62 5
63 4
64 2
65 1
66 4
67 5
68 3
69 5
70 4
71 3
72 4
73 4
74 3
75 3
76 2
DEPOT_SECTION
 1
 -1
 EOF 