NAME: I24605-n71-k8
COMMENT : (Fake et al, No of trucks: 8, Optimal value: )
TYPE : CVRP
DIMENSION : 71
EDGE_WEIGHT_TYPE : EUC_2D
CAPACITY : 40
NODE_COORD_SECTION
1 678 937
2 273 68
3 227 35
4 565 554
5 725 937
6 789 714
7 429 717
8 899 874
9 480 877
10 912 669
11 648 295
12 302 130
13 862 171
14 794 927
15 371 40
16 894 549
17 758 650
18 906 167
19 632 181
20 295 916
21 681 614
22 430 567
23 721 91
24 441 296
25 337 931
26 516 991
27 619 632
28 605 282
29 477 923
30 493 421
31 352 776
32 17 170
33 581 84
34 919 814
35 811 980
36 589 404
37 770 956
38 498 106
39 291 738
40 86 693
41 520 273
42 388 656
43 627 932
44 18 495
45 887 251
46 337 619
47 357 847
48 935 163
49 482 271
50 274 837
51 851 269
52 348 175
53 869 790
54 718 230
55 102 10
56 983 187
57 609 742
58 759 199
59 876 6
60 966 681
61 796 760
62 786 558
63 365 864
64 647 814
65 763 687
66 621 572
67 967 838
68 965 710
69 955 265
70 605 38
71 543 514
DEMAND_SECTION
1 0
2 4
3 2
4 5
5 6
6 6
7 5
8 4
9 2
10 5
11 6
12 4
13 5
14 3
15 1
16 5
17 3
18 3
19 6
20 5
21 6
22 4
23 6
24 6
25 4
26 3
27 1
28 6
29 6
30 5
31 5
32 1
33 2
34 1
35 4
36 4
37 6
38 6
39 6
40 1
41 6
42 4
43 1
44 6
45 4
46 4
47 2
48 6
49 5
50 6
51 2
52 4
53 3
54 2
55 5
56 2
57 2
58 6
59 2
60 5
61 3
62 3
63 5
64 5
65 1
66 1
67 6
68 2
69 2
70 5
71 6
DEPOT_SECTION
 1
 -1
 EOF 