NAME: I2462-n35-k4
COMMENT : (Fake et al, No of trucks: 4, Optimal value: )
TYPE : CVRP
DIMENSION : 35
EDGE_WEIGHT_TYPE : EUC_2D
CAPACITY : 24
NODE_COORD_SECTION
1 97 423
2 634 974
3 111 548
4 659 996
5 96 385
6 431 185
7 828 431
8 48 863
9 727 564
10 60 723
11 800 112
12 699 462
13 171 822
14 70 974
15 45 77
16 790 89
17 785 848
18 50 126
19 647 8
20 717 624
21 101 862
22 465 284
23 314 781
24 695 375
25 119 100
26 126 36
27 253 821
28 66 186
29 355 115
30 936 782
31 205 531
32 10 569
33 794 764
34 311 480
35 707 424
DEMAND_SECTION
1 0
2 2
3 2
4 4
5 3
6 3
7 3
8 1
9 3
10 2
11 1
12 1
13 1
14 3
15 1
16 2
17 2
18 4
19 5
20 4
21 1
22 3
23 2
24 5
25 1
26 3
27 5
28 3
29 1
30 2
31 1
32 3
33 2
34 5
35 3
DEPOT_SECTION
 1
 -1
 EOF 