NAME: I24636-n93-k9
COMMENT : (Fake et al, No of trucks: 9, Optimal value: )
TYPE : CVRP
DIMENSION : 93
EDGE_WEIGHT_TYPE : EUC_2D
CAPACITY : 23
NODE_COORD_SECTION
1 29 349
2 22 600
3 785 766
4 972 172
5 417 960
6 768 357
7 975 954
8 918 607
9 629 742
10 841 479
11 928 571
12 887 328
13 111 82
14 194 323
15 342 899
16 166 694
17 946 200
18 429 319
19 24 717
20 950 183
21 818 67
22 233 753
23 370 647
24 829 439
25 723 795
26 335 578
27 344 404
28 280 702
29 763 122
30 791 888
31 832 242
32 478 288
33 767 113
34 282 790
35 599 232
36 410 847
37 862 780
38 220 380
39 493 569
40 244 917
41 33 872
42 471 395
43 582 861
44 694 781
45 529 63
46 424 385
47 975 420
48 60 485
49 980 138
50 712 672
51 607 641
52 944 764
53 52 484
54 490 551
55 484 280
56 315 859
57 280 211
58 287 802
59 197 517
60 999 522
61 772 769
62 197 860
63 433 950
64 315 19
65 65 343
66 692 834
67 643 277
68 352 734
69 701 531
70 695 624
71 84 639
72 450 436
73 633 809
74 120 63
75 687 792
76 174 5
77 137 861
78 314 7
79 440 752
80 656 649
81 754 701
82 531 388
83 313 535
84 3 255
85 890 104
86 122 315
87 709 577
88 947 642
89 220 77
90 385 714
91 341 386
92 888 70
93 996 919
DEMAND_SECTION
1 0
2 3
3 3
4 1
5 1
6 3
7 1
8 1
9 3
10 1
11 1
12 3
13 3
14 3
15 3
16 1
17 2
18 1
19 3
20 2
21 3
22 2
23 3
24 1
25 2
26 3
27 1
28 1
29 2
30 3
31 2
32 3
33 3
34 3
35 2
36 3
37 1
38 3
39 3
40 1
41 3
42 3
43 2
44 1
45 2
46 3
47 3
48 1
49 2
50 1
51 1
52 1
53 3
54 2
55 3
56 2
57 1
58 3
59 3
60 1
61 3
62 2
63 1
64 3
65 1
66 3
67 3
68 1
69 1
70 1
71 2
72 2
73 3
74 1
75 3
76 2
77 1
78 1
79 3
80 1
81 1
82 2
83 2
84 3
85 3
86 2
87 1
88 1
89 2
90 1
91 2
92 1
93 2
DEPOT_SECTION
 1
 -1
 EOF 