NAME: I24743-n73-k7
COMMENT : (Fake et al, No of trucks: 7, Optimal value: )
TYPE : CVRP
DIMENSION : 73
EDGE_WEIGHT_TYPE : EUC_2D
CAPACITY : 57
NODE_COORD_SECTION
1 172 790
2 769 449
3 84 500
4 145 77
5 439 930
6 519 29
7 859 733
8 898 698
9 212 493
10 316 655
11 146 397
12 563 271
13 234 488
14 653 796
15 767 885
16 765 430
17 69 642
18 750 574
19 441 704
20 467 923
21 315 922
22 359 638
23 770 142
24 573 579
25 314 648
26 99 541
27 655 135
28 604 698
29 410 14
30 821 451
31 542 721
32 960 64
33 694 667
34 238 450
35 673 415
36 92 226
37 372 357
38 336 106
39 464 907
40 953 169
41 673 965
42 580 73
43 57 340
44 676 337
45 683 728
46 589 216
47 133 593
48 679 966
49 493 179
50 718 571
51 338 384
52 987 95
53 549 35
54 260 694
55 646 645
56 516 637
57 786 740
58 682 623
59 905 584
60 344 894
61 954 533
62 344 942
63 141 269
64 206 1
65 20 279
66 35 186
67 740 814
68 659 671
69 47 7
70 744 372
71 675 841
72 550 104
73 218 982
DEMAND_SECTION
1 0
2 6
3 6
4 7
5 9
6 7
7 2
8 9
9 4
10 6
11 1
12 6
13 7
14 1
15 2
16 5
17 3
18 6
19 4
20 8
21 7
22 8
23 7
24 3
25 3
26 1
27 1
28 3
29 8
30 4
31 9
32 6
33 6
34 7
35 7
36 7
37 8
38 2
39 1
40 4
41 1
42 9
43 6
44 3
45 8
46 3
47 6
48 6
49 3
50 4
51 1
52 2
53 8
54 6
55 5
56 7
57 8
58 6
59 1
60 9
61 3
62 3
63 5
64 1
65 2
66 7
67 6
68 8
69 7
70 9
71 4
72 2
73 4
DEPOT_SECTION
 1
 -1
 EOF 