NAME: I24707-n77-k10
COMMENT : (Fake et al, No of trucks: 10, Optimal value: )
TYPE : CVRP
DIMENSION : 77
EDGE_WEIGHT_TYPE : EUC_2D
CAPACITY : 61
NODE_COORD_SECTION
1 747 473
2 945 154
3 599 610
4 953 515
5 777 985
6 41 385
7 384 919
8 564 379
9 154 534
10 485 202
11 966 407
12 878 488
13 292 255
14 747 293
15 456 349
16 425 766
17 54 168
18 287 471
19 124 450
20 740 331
21 400 505
22 516 501
23 141 887
24 510 713
25 400 602
26 587 83
27 626 370
28 333 422
29 276 402
30 709 522
31 908 134
32 178 139
33 63 859
34 749 112
35 828 624
36 669 765
37 980 156
38 278 607
39 946 407
40 126 861
41 908 914
42 362 373
43 214 913
44 944 440
45 583 459
46 281 447
47 117 618
48 95 573
49 880 45
50 603 260
51 572 493
52 453 559
53 763 770
54 134 538
55 626 746
56 833 995
57 775 371
58 516 222
59 822 390
60 969 912
61 429 877
62 152 219
63 403 105
64 949 606
65 702 343
66 461 137
67 366 136
68 698 801
69 178 634
70 238 369
71 20 136
72 822 884
73 958 43
74 55 978
75 359 837
76 797 273
77 971 766
DEMAND_SECTION
1 0
2 2
3 8
4 9
5 11
6 11
7 5
8 10
9 4
10 5
11 11
12 8
13 9
14 4
15 5
16 8
17 9
18 11
19 9
20 11
21 2
22 1
23 4
24 6
25 10
26 4
27 2
28 1
29 9
30 9
31 4
32 1
33 6
34 7
35 6
36 8
37 3
38 5
39 5
40 4
41 11
42 1
43 5
44 8
45 10
46 2
47 8
48 6
49 5
50 5
51 11
52 11
53 2
54 11
55 4
56 10
57 3
58 10
59 8
60 10
61 9
62 9
63 10
64 2
65 9
66 7
67 7
68 10
69 5
70 8
71 2
72 3
73 4
74 6
75 5
76 6
77 11
DEPOT_SECTION
 1
 -1
 EOF 