NAME: I24714-n76-k9
COMMENT : (Fake et al, No of trucks: 9, Optimal value: )
TYPE : CVRP
DIMENSION : 76
EDGE_WEIGHT_TYPE : EUC_2D
CAPACITY : 20
NODE_COORD_SECTION
1 584 621
2 938 804
3 598 113
4 581 813
5 671 274
6 986 481
7 359 21
8 861 234
9 272 337
10 165 947
11 561 174
12 782 885
13 155 166
14 54 536
15 627 927
16 677 667
17 534 876
18 630 930
19 629 134
20 554 10
21 169 555
22 728 899
23 19 367
24 531 809
25 603 38
26 225 476
27 916 295
28 761 325
29 627 279
30 831 200
31 655 871
32 552 610
33 971 971
34 103 683
35 642 834
36 269 736
37 461 478
38 577 423
39 34 783
40 735 93
41 814 241
42 891 165
43 10 773
44 228 752
45 327 198
46 252 332
47 548 360
48 856 745
49 373 980
50 920 803
51 491 566
52 582 118
53 597 811
54 131 629
55 744 430
56 385 846
57 538 232
58 933 437
59 667 277
60 695 165
61 249 897
62 531 861
63 8 48
64 316 536
65 950 374
66 811 682
67 692 604
68 256 435
69 570 239
70 363 86
71 622 985
72 769 16
73 607 773
74 770 91
75 41 425
76 419 131
DEMAND_SECTION
1 0
2 2
3 2
4 2
5 1
6 2
7 3
8 3
9 1
10 1
11 1
12 3
13 3
14 1
15 1
16 2
17 2
18 2
19 2
20 1
21 1
22 1
23 1
24 3
25 1
26 3
27 3
28 3
29 2
30 2
31 1
32 3
33 1
34 3
35 1
36 1
37 2
38 3
39 1
40 1
41 3
42 3
43 1
44 2
45 2
46 1
47 3
48 3
49 1
50 3
51 1
52 1
53 3
54 2
55 3
56 1
57 1
58 3
59 2
60 2
61 2
62 3
63 2
64 2
65 1
66 1
67 3
68 3
69 3
70 2
71 2
72 1
73 3
74 3
75 3
76 1
DEPOT_SECTION
 1
 -1
 EOF 