NAME: I24703-n76-k6
COMMENT : (Fake et al, No of trucks: 6, Optimal value: )
TYPE : CVRP
DIMENSION : 76
EDGE_WEIGHT_TYPE : EUC_2D
CAPACITY : 38
NODE_COORD_SECTION
1 161 843
2 172 378
3 935 486
4 338 790
5 154 396
6 935 701
7 256 300
8 904 999
9 889 278
10 147 108
11 953 916
12 27 319
13 971 444
14 77 990
15 156 159
16 705 255
17 223 257
18 838 749
19 223 667
20 202 943
21 152 167
22 242 845
23 165 90
24 606 129
25 380 669
26 976 615
27 397 344
28 316 524
29 638 468
30 860 87
31 725 304
32 743 653
33 137 81
34 293 701
35 120 423
36 640 48
37 219 432
38 814 494
39 370 891
40 96 680
41 489 219
42 333 635
43 184 175
44 572 718
45 188 735
46 796 402
47 725 753
48 576 708
49 733 897
50 130 857
51 110 293
52 699 34
53 935 796
54 940 964
55 865 366
56 845 302
57 785 641
58 802 941
59 953 422
60 72 853
61 323 978
62 545 910
63 275 319
64 890 758
65 424 745
66 429 710
67 981 301
68 885 101
69 872 200
70 52 749
71 823 889
72 117 162
73 989 971
74 625 584
75 121 206
76 608 214
DEMAND_SECTION
1 0
2 4
3 3
4 3
5 2
6 1
7 4
8 4
9 1
10 4
11 1
12 3
13 2
14 4
15 4
16 2
17 1
18 1
19 2
20 3
21 1
22 4
23 4
24 3
25 2
26 4
27 2
28 2
29 3
30 1
31 4
32 3
33 3
34 4
35 2
36 3
37 2
38 3
39 3
40 1
41 1
42 4
43 1
44 3
45 1
46 3
47 4
48 4
49 4
50 2
51 1
52 2
53 2
54 2
55 3
56 2
57 3
58 4
59 4
60 1
61 2
62 2
63 1
64 4
65 3
66 2
67 2
68 2
69 2
70 2
71 4
72 3
73 3
74 2
75 1
76 4
DEPOT_SECTION
 1
 -1
 EOF 