NAME: I24721-n72-k7
COMMENT : (Fake et al, No of trucks: 7, Optimal value: )
TYPE : CVRP
DIMENSION : 72
EDGE_WEIGHT_TYPE : EUC_2D
CAPACITY : 44
NODE_COORD_SECTION
1 694 888
2 749 725
3 446 927
4 220 329
5 496 410
6 619 367
7 16 134
8 64 908
9 896 702
10 893 451
11 411 831
12 44 935
13 502 669
14 165 563
15 938 353
16 885 114
17 54 727
18 433 844
19 887 670
20 208 379
21 154 833
22 243 740
23 519 892
24 513 653
25 731 923
26 637 480
27 637 89
28 432 455
29 97 623
30 989 873
31 142 381
32 573 335
33 545 401
34 724 280
35 910 811
36 930 571
37 232 675
38 338 232
39 332 210
40 539 383
41 762 212
42 100 774
43 702 558
44 383 627
45 402 791
46 692 239
47 425 61
48 681 310
49 869 778
50 248 257
51 908 33
52 822 841
53 84 97
54 681 938
55 546 507
56 604 494
57 268 379
58 496 89
59 91 118
60 715 370
61 591 450
62 458 72
63 349 782
64 531 837
65 163 521
66 40 74
67 757 403
68 679 628
69 965 556
70 738 663
71 793 683
72 995 820
DEMAND_SECTION
1 0
2 1
3 4
4 2
5 4
6 4
7 3
8 6
9 1
10 5
11 6
12 3
13 5
14 6
15 2
16 1
17 4
18 5
19 1
20 2
21 6
22 3
23 2
24 5
25 6
26 6
27 1
28 2
29 1
30 1
31 1
32 2
33 5
34 4
35 3
36 6
37 6
38 2
39 5
40 3
41 4
42 2
43 3
44 5
45 1
46 4
47 6
48 4
49 6
50 1
51 3
52 4
53 3
54 4
55 3
56 6
57 4
58 5
59 5
60 3
61 3
62 1
63 4
64 1
65 4
66 5
67 2
68 6
69 6
70 1
71 4
72 4
DEPOT_SECTION
 1
 -1
 EOF 