NAME: I24851-n96-k9
COMMENT : (Fake et al, No of trucks: 9, Optimal value: )
TYPE : CVRP
DIMENSION : 96
EDGE_WEIGHT_TYPE : EUC_2D
CAPACITY : 25
NODE_COORD_SECTION
1 312 155
2 47 478
3 466 946
4 733 415
5 752 515
6 362 999
7 980 785
8 533 312
9 424 926
10 432 478
11 886 359
12 684 269
13 885 240
14 801 819
15 76 314
16 732 848
17 936 247
18 185 851
19 124 215
20 64 416
21 225 630
22 774 605
23 794 323
24 909 478
25 405 866
26 632 854
27 952 273
28 659 817
29 921 431
30 172 122
31 812 122
32 562 492
33 197 340
34 469 619
35 606 292
36 830 578
37 603 515
38 903 807
39 158 87
40 927 678
41 330 832
42 726 139
43 674 787
44 128 394
45 993 216
46 50 539
47 188 518
48 776 976
49 805 880
50 49 182
51 501 972
52 924 960
53 756 839
54 731 370
55 400 544
56 42 635
57 634 34
58 147 40
59 439 909
60 563 984
61 344 804
62 809 345
63 456 489
64 791 943
65 625 427
66 545 531
67 889 686
68 92 158
69 525 72
70 83 914
71 783 302
72 687 274
73 508 98
74 234 836
75 304 266
76 59 790
77 862 582
78 696 613
79 513 393
80 452 626
81 352 947
82 59 930
83 319 915
84 48 364
85 898 932
86 835 368
87 572 866
88 206 897
89 511 795
90 660 233
91 6 490
92 115 262
93 270 838
94 417 994
95 497 213
96 570 126
DEMAND_SECTION
1 0
2 3
3 1
4 1
5 1
6 1
7 1
8 3
9 3
10 3
11 3
12 2
13 2
14 3
15 3
16 3
17 3
18 1
19 3
20 1
21 1
22 2
23 1
24 1
25 3
26 1
27 1
28 3
29 1
30 1
31 1
32 3
33 2
34 3
35 3
36 1
37 2
38 1
39 3
40 3
41 2
42 2
43 1
44 3
45 2
46 2
47 2
48 1
49 1
50 1
51 2
52 1
53 2
54 3
55 2
56 3
57 2
58 2
59 3
60 1
61 1
62 2
63 3
64 2
65 3
66 3
67 1
68 1
69 3
70 3
71 3
72 3
73 2
74 3
75 2
76 2
77 1
78 3
79 1
80 1
81 1
82 3
83 1
84 2
85 2
86 1
87 3
88 2
89 2
90 2
91 3
92 1
93 1
94 3
95 3
96 1
DEPOT_SECTION
 1
 -1
 EOF 