NAME: I24880-n85-k9
COMMENT : (Fake et al, No of trucks: 9, Optimal value: )
TYPE : CVRP
DIMENSION : 85
EDGE_WEIGHT_TYPE : EUC_2D
CAPACITY : 38
NODE_COORD_SECTION
1 429 840
2 591 650
3 164 74
4 594 966
5 46 986
6 95 843
7 651 182
8 965 635
9 124 497
10 273 652
11 364 478
12 356 359
13 376 696
14 101 284
15 925 478
16 771 925
17 886 202
18 737 331
19 980 35
20 743 46
21 19 368
22 725 251
23 306 190
24 715 588
25 768 855
26 961 52
27 498 140
28 264 717
29 227 190
30 170 571
31 146 270
32 977 358
33 655 29
34 666 505
35 789 635
36 905 993
37 645 537
38 791 757
39 178 53
40 415 9
41 825 820
42 513 5
43 103 631
44 114 125
45 821 837
46 503 243
47 686 878
48 757 55
49 819 687
50 889 744
51 414 191
52 115 790
53 715 629
54 818 24
55 456 588
56 1000 962
57 480 980
58 245 713
59 478 35
60 392 437
61 485 783
62 252 22
63 820 673
64 381 581
65 782 200
66 772 258
67 480 602
68 173 493
69 567 775
70 342 925
71 761 391
72 5 441
73 994 629
74 711 816
75 62 359
76 902 681
77 815 29
78 261 22
79 553 198
80 206 554
81 772 198
82 81 891
83 786 751
84 487 678
85 435 304
DEMAND_SECTION
1 0
2 5
3 3
4 3
5 1
6 1
7 4
8 5
9 5
10 1
11 1
12 5
13 1
14 2
15 2
16 4
17 4
18 1
19 6
20 1
21 2
22 6
23 4
24 3
25 6
26 4
27 3
28 5
29 1
30 6
31 1
32 5
33 6
34 2
35 5
36 6
37 1
38 2
39 2
40 2
41 5
42 3
43 1
44 4
45 2
46 6
47 3
48 6
49 3
50 5
51 5
52 4
53 4
54 4
55 3
56 2
57 5
58 2
59 3
60 2
61 6
62 2
63 4
64 4
65 2
66 3
67 5
68 6
69 1
70 1
71 2
72 2
73 6
74 6
75 5
76 6
77 6
78 4
79 5
80 5
81 3
82 2
83 5
84 3
85 3
DEPOT_SECTION
 1
 -1
 EOF 