NAME: I24863-n71-k9
COMMENT : (Fake et al, No of trucks: 9, Optimal value: )
TYPE : CVRP
DIMENSION : 71
EDGE_WEIGHT_TYPE : EUC_2D
CAPACITY : 45
NODE_COORD_SECTION
1 235 293
2 754 987
3 26 6
4 557 622
5 596 526
6 797 622
7 262 813
8 142 520
9 495 583
10 592 279
11 86 667
12 127 21
13 409 581
14 665 150
15 712 588
16 592 256
17 77 664
18 859 760
19 745 434
20 971 937
21 801 724
22 856 746
23 791 213
24 731 412
25 1 993
26 905 378
27 484 938
28 432 90
29 606 42
30 956 268
31 600 748
32 716 576
33 271 439
34 158 222
35 946 716
36 17 898
37 86 246
38 888 648
39 105 720
40 784 964
41 182 20
42 369 805
43 940 778
44 483 753
45 988 974
46 519 750
47 330 175
48 575 957
49 20 865
50 769 126
51 590 126
52 795 167
53 39 666
54 569 565
55 504 786
56 535 73
57 916 436
58 998 702
59 250 739
60 991 186
61 910 812
62 996 62
63 814 111
64 325 421
65 403 130
66 132 174
67 704 947
68 531 563
69 489 356
70 23 303
71 700 307
DEMAND_SECTION
1 0
2 1
3 3
4 3
5 5
6 2
7 6
8 5
9 2
10 9
11 2
12 3
13 4
14 2
15 8
16 9
17 7
18 7
19 7
20 8
21 3
22 2
23 6
24 5
25 7
26 9
27 8
28 3
29 8
30 4
31 8
32 4
33 1
34 8
35 2
36 2
37 1
38 5
39 9
40 7
41 5
42 1
43 3
44 6
45 6
46 7
47 4
48 2
49 2
50 7
51 2
52 1
53 3
54 6
55 8
56 7
57 9
58 7
59 9
60 4
61 2
62 5
63 9
64 6
65 2
66 4
67 5
68 2
69 5
70 3
71 5
DEPOT_SECTION
 1
 -1
 EOF 