NAME: I24809-n88-k10
COMMENT : (Fake et al, No of trucks: 10, Optimal value: )
TYPE : CVRP
DIMENSION : 88
EDGE_WEIGHT_TYPE : EUC_2D
CAPACITY : 21
NODE_COORD_SECTION
1 711 537
2 703 259
3 650 360
4 393 762
5 502 523
6 703 404
7 289 159
8 980 599
9 873 519
10 63 687
11 457 448
12 575 587
13 482 328
14 959 368
15 130 782
16 823 563
17 80 700
18 326 481
19 670 354
20 215 711
21 484 723
22 300 326
23 974 159
24 242 943
25 329 609
26 71 31
27 244 157
28 373 43
29 541 505
30 160 866
31 51 820
32 154 832
33 138 37
34 431 660
35 158 944
36 774 933
37 519 508
38 807 724
39 558 171
40 27 1000
41 808 239
42 882 281
43 99 960
44 9 447
45 734 361
46 78 703
47 472 934
48 712 938
49 265 866
50 716 994
51 453 447
52 652 682
53 5 178
54 462 747
55 876 642
56 372 834
57 580 626
58 924 624
59 708 204
60 230 355
61 435 740
62 842 853
63 585 418
64 461 866
65 397 867
66 187 842
67 896 79
68 919 926
69 489 113
70 426 606
71 64 983
72 906 358
73 93 649
74 791 246
75 208 841
76 742 87
77 609 526
78 656 133
79 594 760
80 100 344
81 413 196
82 438 833
83 189 723
84 663 281
85 395 257
86 471 523
87 548 29
88 959 435
DEMAND_SECTION
1 0
2 3
3 1
4 3
5 2
6 1
7 2
8 2
9 3
10 1
11 1
12 1
13 1
14 3
15 1
16 2
17 1
18 2
19 3
20 1
21 1
22 2
23 1
24 3
25 2
26 2
27 3
28 1
29 3
30 3
31 1
32 1
33 2
34 1
35 1
36 2
37 2
38 3
39 2
40 1
41 1
42 3
43 1
44 2
45 3
46 2
47 1
48 3
49 3
50 2
51 2
52 2
53 2
54 3
55 2
56 1
57 3
58 2
59 1
60 1
61 3
62 3
63 3
64 3
65 1
66 2
67 1
68 3
69 2
70 2
71 1
72 1
73 3
74 3
75 2
76 2
77 3
78 2
79 2
80 1
81 1
82 3
83 2
84 1
85 1
86 3
87 1
88 3
DEPOT_SECTION
 1
 -1
 EOF 