NAME: I24874-n81-k6
COMMENT : (Fake et al, No of trucks: 6, Optimal value: )
TYPE : CVRP
DIMENSION : 81
EDGE_WEIGHT_TYPE : EUC_2D
CAPACITY : 36
NODE_COORD_SECTION
1 130 523
2 827 506
3 418 823
4 196 426
5 425 461
6 513 187
7 804 354
8 451 80
9 632 393
10 186 275
11 674 944
12 123 345
13 55 280
14 563 449
15 207 258
16 567 988
17 489 894
18 254 435
19 1000 304
20 896 554
21 119 729
22 373 126
23 238 941
24 156 948
25 288 499
26 808 684
27 714 24
28 624 828
29 100 360
30 495 892
31 286 748
32 494 591
33 379 68
34 769 779
35 13 370
36 199 357
37 203 96
38 634 369
39 796 502
40 373 280
41 743 904
42 709 512
43 433 154
44 159 987
45 588 400
46 593 78
47 795 450
48 590 255
49 646 393
50 992 760
51 199 470
52 301 124
53 27 447
54 949 38
55 286 589
56 61 531
57 213 486
58 50 468
59 564 88
60 512 217
61 471 116
62 983 735
63 806 782
64 178 44
65 504 730
66 821 733
67 149 716
68 951 655
69 828 53
70 420 336
71 76 824
72 448 495
73 270 743
74 583 535
75 674 73
76 790 368
77 714 823
78 791 614
79 30 376
80 46 187
81 251 356
DEMAND_SECTION
1 0
2 2
3 2
4 4
5 3
6 4
7 1
8 1
9 3
10 4
11 3
12 3
13 1
14 4
15 4
16 4
17 1
18 3
19 2
20 1
21 2
22 1
23 2
24 3
25 1
26 3
27 4
28 3
29 2
30 3
31 3
32 2
33 2
34 3
35 3
36 3
37 3
38 4
39 2
40 2
41 3
42 3
43 2
44 1
45 4
46 3
47 4
48 1
49 4
50 4
51 3
52 2
53 4
54 3
55 2
56 3
57 2
58 1
59 3
60 1
61 3
62 2
63 1
64 2
65 1
66 1
67 3
68 1
69 1
70 4
71 3
72 1
73 1
74 4
75 4
76 2
77 2
78 3
79 4
80 3
81 2
DEPOT_SECTION
 1
 -1
 EOF 