NAME: I24989-n81-k6
COMMENT : (Fake et al, No of trucks: 6, Optimal value: )
TYPE : CVRP
DIMENSION : 81
EDGE_WEIGHT_TYPE : EUC_2D
CAPACITY : 61
NODE_COORD_SECTION
1 918 75
2 448 493
3 620 220
4 771 368
5 630 919
6 1 954
7 708 666
8 881 984
9 527 980
10 335 292
11 393 745
12 580 60
13 975 770
14 175 922
15 327 412
16 909 196
17 702 948
18 474 563
19 659 922
20 963 123
21 753 888
22 308 733
23 477 466
24 14 64
25 993 6
26 555 480
27 155 137
28 367 119
29 3 286
30 879 496
31 940 721
32 387 596
33 479 28
34 617 641
35 727 15
36 24 749
37 13 394
38 950 329
39 434 618
40 443 95
41 543 317
42 916 377
43 714 454
44 965 336
45 184 815
46 882 504
47 722 683
48 96 344
49 650 784
50 488 365
51 38 1
52 322 483
53 750 209
54 369 927
55 98 521
56 880 429
57 494 386
58 682 126
59 407 490
60 310 111
61 987 514
62 959 310
63 302 420
64 36 488
65 591 396
66 606 708
67 197 620
68 912 375
69 320 626
70 181 552
71 497 783
72 187 322
73 174 359
74 485 104
75 510 615
76 755 513
77 600 535
78 39 720
79 236 295
80 783 402
81 468 476
DEMAND_SECTION
1 0
2 2
3 4
4 1
5 6
6 3
7 6
8 7
9 3
10 1
11 3
12 3
13 3
14 2
15 2
16 3
17 7
18 2
19 3
20 3
21 2
22 7
23 2
24 5
25 5
26 5
27 6
28 6
29 5
30 5
31 2
32 4
33 3
34 1
35 7
36 3
37 7
38 1
39 4
40 7
41 6
42 2
43 5
44 6
45 6
46 7
47 5
48 2
49 1
50 3
51 6
52 7
53 3
54 5
55 6
56 5
57 5
58 4
59 2
60 7
61 1
62 6
63 7
64 2
65 4
66 1
67 7
68 3
69 1
70 5
71 1
72 2
73 3
74 3
75 7
76 4
77 4
78 2
79 7
80 6
81 6
DEPOT_SECTION
 1
 -1
 EOF 