NAME: I25051-n74-k7
COMMENT : (Fake et al, No of trucks: 7, Optimal value: )
TYPE : CVRP
DIMENSION : 74
EDGE_WEIGHT_TYPE : EUC_2D
CAPACITY : 37
NODE_COORD_SECTION
1 331 166
2 762 537
3 416 839
4 513 129
5 63 935
6 577 227
7 141 951
8 479 118
9 776 860
10 7 504
11 195 733
12 695 94
13 475 817
14 468 581
15 102 83
16 986 197
17 209 951
18 842 922
19 455 824
20 137 270
21 232 224
22 802 624
23 432 150
24 253 75
25 38 125
26 719 297
27 230 430
28 777 539
29 391 201
30 456 897
31 956 393
32 481 214
33 170 50
34 757 494
35 667 514
36 922 109
37 555 199
38 823 585
39 64 723
40 555 611
41 367 453
42 59 981
43 628 55
44 907 769
45 287 366
46 394 111
47 36 756
48 387 818
49 888 931
50 681 306
51 442 937
52 49 576
53 306 327
54 958 204
55 554 25
56 931 820
57 17 54
58 314 442
59 450 647
60 735 820
61 28 264
62 264 647
63 220 317
64 217 348
65 792 256
66 160 600
67 580 476
68 283 994
69 430 624
70 642 980
71 863 146
72 311 491
73 844 785
74 236 856
DEMAND_SECTION
1 0
2 3
3 1
4 4
5 3
6 5
7 5
8 2
9 5
10 1
11 5
12 3
13 5
14 1
15 3
16 5
17 4
18 5
19 3
20 1
21 2
22 3
23 2
24 5
25 5
26 4
27 4
28 4
29 3
30 5
31 3
32 5
33 4
34 1
35 4
36 3
37 4
38 4
39 5
40 4
41 3
42 1
43 1
44 2
45 3
46 1
47 3
48 4
49 2
50 1
51 1
52 1
53 5
54 3
55 1
56 4
57 4
58 1
59 5
60 4
61 5
62 3
63 3
64 1
65 4
66 4
67 3
68 3
69 1
70 3
71 1
72 1
73 4
74 3
DEPOT_SECTION
 1
 -1
 EOF 