NAME: I2513-n39-k5
COMMENT : (Fake et al, No of trucks: 5, Optimal value: )
TYPE : CVRP
DIMENSION : 39
EDGE_WEIGHT_TYPE : EUC_2D
CAPACITY : 50
NODE_COORD_SECTION
1 523 470
2 688 116
3 860 125
4 960 331
5 273 449
6 454 669
7 647 318
8 25 129
9 991 52
10 913 338
11 628 81
12 571 12
13 531 815
14 414 816
15 267 76
16 970 964
17 453 368
18 833 910
19 698 17
20 269 155
21 483 607
22 757 236
23 876 89
24 663 724
25 180 538
26 702 965
27 585 356
28 483 490
29 333 905
30 613 782
31 633 26
32 806 162
33 327 926
34 938 794
35 249 4
36 294 431
37 311 64
38 927 683
39 166 169
DEMAND_SECTION
1 0
2 7
3 2
4 6
5 7
6 8
7 2
8 7
9 8
10 8
11 6
12 1
13 5
14 5
15 1
16 2
17 3
18 5
19 9
20 9
21 4
22 4
23 8
24 8
25 4
26 8
27 8
28 6
29 6
30 7
31 7
32 2
33 3
34 4
35 3
36 3
37 9
38 8
39 5
DEPOT_SECTION
 1
 -1
 EOF 