NAME: I25158-n78-k8
COMMENT : (Fake et al, No of trucks: 8, Optimal value: )
TYPE : CVRP
DIMENSION : 78
EDGE_WEIGHT_TYPE : EUC_2D
CAPACITY : 54
NODE_COORD_SECTION
1 590 24
2 40 74
3 35 744
4 922 185
5 955 748
6 119 272
7 377 405
8 114 943
9 43 676
10 991 452
11 362 573
12 352 317
13 725 557
14 546 827
15 165 331
16 465 448
17 792 16
18 483 255
19 117 3
20 18 235
21 221 259
22 569 520
23 382 996
24 226 416
25 113 953
26 552 454
27 92 410
28 480 824
29 157 506
30 576 930
31 141 631
32 626 817
33 735 124
34 984 570
35 571 974
36 203 491
37 175 693
38 291 280
39 874 484
40 906 312
41 414 698
42 809 925
43 924 347
44 718 505
45 818 248
46 469 367
47 834 610
48 436 621
49 658 776
50 401 617
51 703 958
52 821 739
53 864 666
54 858 952
55 571 908
56 378 101
57 525 914
58 997 87
59 178 294
60 348 457
61 565 420
62 593 454
63 76 152
64 447 165
65 1 550
66 936 100
67 145 636
68 807 76
69 371 917
70 737 754
71 708 125
72 402 272
73 946 564
74 630 699
75 628 789
76 315 132
77 338 1000
78 111 846
DEMAND_SECTION
1 0
2 8
3 3
4 4
5 4
6 2
7 8
8 2
9 7
10 8
11 8
12 6
13 5
14 4
15 3
16 1
17 9
18 2
19 2
20 4
21 5
22 9
23 5
24 6
25 6
26 1
27 2
28 7
29 6
30 2
31 1
32 3
33 4
34 6
35 5
36 7
37 5
38 1
39 9
40 2
41 2
42 3
43 5
44 8
45 6
46 3
47 4
48 8
49 5
50 5
51 4
52 4
53 8
54 5
55 1
56 9
57 7
58 1
59 8
60 9
61 6
62 4
63 3
64 6
65 9
66 8
67 7
68 6
69 2
70 6
71 6
72 6
73 4
74 4
75 3
76 2
77 8
78 9
DEPOT_SECTION
 1
 -1
 EOF 