NAME: I25140-n90-k7
COMMENT : (Fake et al, No of trucks: 7, Optimal value: )
TYPE : CVRP
DIMENSION : 90
EDGE_WEIGHT_TYPE : EUC_2D
CAPACITY : 53
NODE_COORD_SECTION
1 522 13
2 4 202
3 103 87
4 872 732
5 979 117
6 169 60
7 448 513
8 401 757
9 709 19
10 802 161
11 734 603
12 346 742
13 633 178
14 358 189
15 506 257
16 0 880
17 173 510
18 164 306
19 330 667
20 105 339
21 436 529
22 754 955
23 450 684
24 795 914
25 940 203
26 824 188
27 674 542
28 738 531
29 393 479
30 271 372
31 496 914
32 751 829
33 200 627
34 540 354
35 191 279
36 925 503
37 287 999
38 479 32
39 589 171
40 997 669
41 987 834
42 133 302
43 101 635
44 289 378
45 304 565
46 827 521
47 6 298
48 780 389
49 782 929
50 294 264
51 94 477
52 520 343
53 244 617
54 606 790
55 651 54
56 426 391
57 587 477
58 346 308
59 701 761
60 206 387
61 369 868
62 656 708
63 198 66
64 850 951
65 800 518
66 900 512
67 887 303
68 786 976
69 71 686
70 863 318
71 713 43
72 727 237
73 355 322
74 42 341
75 895 646
76 714 893
77 757 297
78 214 6
79 254 996
80 656 744
81 614 414
82 623 159
83 258 367
84 34 395
85 888 252
86 27 391
87 70 383
88 173 51
89 736 520
90 69 700
DEMAND_SECTION
1 0
2 1
3 3
4 1
5 4
6 6
7 6
8 3
9 2
10 5
11 5
12 7
13 4
14 4
15 5
16 4
17 6
18 4
19 4
20 3
21 7
22 7
23 2
24 6
25 5
26 3
27 5
28 5
29 2
30 2
31 3
32 5
33 2
34 7
35 4
36 4
37 2
38 7
39 6
40 7
41 1
42 2
43 6
44 5
45 1
46 4
47 2
48 4
49 1
50 3
51 1
52 7
53 3
54 5
55 5
56 5
57 4
58 2
59 4
60 4
61 2
62 3
63 2
64 4
65 7
66 6
67 2
68 6
69 4
70 6
71 2
72 1
73 1
74 3
75 1
76 2
77 7
78 7
79 1
80 1
81 3
82 7
83 3
84 6
85 4
86 5
87 4
88 7
89 2
90 1
DEPOT_SECTION
 1
 -1
 EOF 