NAME: I25126-n79-k8
COMMENT : (Fake et al, No of trucks: 8, Optimal value: )
TYPE : CVRP
DIMENSION : 79
EDGE_WEIGHT_TYPE : EUC_2D
CAPACITY : 18
NODE_COORD_SECTION
1 390 983
2 847 146
3 556 673
4 593 601
5 30 497
6 397 194
7 901 128
8 961 946
9 458 204
10 246 852
11 695 725
12 262 304
13 35 921
14 382 493
15 558 864
16 687 148
17 360 992
18 994 751
19 441 120
20 890 25
21 434 466
22 393 111
23 43 636
24 712 223
25 537 283
26 388 874
27 272 480
28 919 672
29 103 860
30 659 214
31 116 730
32 950 337
33 597 551
34 915 923
35 994 358
36 785 696
37 98 458
38 95 113
39 974 733
40 286 551
41 712 753
42 584 390
43 571 601
44 610 776
45 402 829
46 337 374
47 360 438
48 526 881
49 887 76
50 64 303
51 736 845
52 9 48
53 64 370
54 486 378
55 835 909
56 813 473
57 888 270
58 193 532
59 913 104
60 281 628
61 15 828
62 811 875
63 701 99
64 42 899
65 534 781
66 930 37
67 875 891
68 361 263
69 478 270
70 918 741
71 190 328
72 691 233
73 925 669
74 373 116
75 712 752
76 828 913
77 250 103
78 110 560
79 474 519
DEMAND_SECTION
1 0
2 1
3 1
4 1
5 2
6 2
7 2
8 1
9 2
10 2
11 1
12 2
13 2
14 1
15 2
16 1
17 2
18 2
19 1
20 1
21 1
22 2
23 2
24 2
25 1
26 1
27 1
28 1
29 1
30 1
31 1
32 1
33 2
34 1
35 2
36 2
37 1
38 1
39 2
40 2
41 2
42 1
43 2
44 1
45 1
46 2
47 1
48 2
49 1
50 2
51 2
52 1
53 2
54 2
55 1
56 1
57 1
58 1
59 1
60 1
61 1
62 1
63 2
64 2
65 2
66 1
67 1
68 1
69 1
70 2
71 1
72 1
73 2
74 1
75 2
76 2
77 1
78 1
79 2
DEPOT_SECTION
 1
 -1
 EOF 