NAME: I25235-n81-k9
COMMENT : (Fake et al, No of trucks: 9, Optimal value: )
TYPE : CVRP
DIMENSION : 81
EDGE_WEIGHT_TYPE : EUC_2D
CAPACITY : 21
NODE_COORD_SECTION
1 437 905
2 51 1
3 184 728
4 628 980
5 32 303
6 322 204
7 37 151
8 731 745
9 787 71
10 494 323
11 738 36
12 378 272
13 193 339
14 790 37
15 753 227
16 865 426
17 645 973
18 902 272
19 427 465
20 462 884
21 930 538
22 104 53
23 122 237
24 703 132
25 761 482
26 755 890
27 737 673
28 731 359
29 286 869
30 300 885
31 206 58
32 540 585
33 791 533
34 878 422
35 695 496
36 850 806
37 559 260
38 395 628
39 9 843
40 359 955
41 714 112
42 101 523
43 187 736
44 561 854
45 219 123
46 236 298
47 766 728
48 370 276
49 563 673
50 911 73
51 46 461
52 228 58
53 553 191
54 831 344
55 389 758
56 529 369
57 109 255
58 691 494
59 923 551
60 474 79
61 9 645
62 680 227
63 468 60
64 524 191
65 178 232
66 479 454
67 39 317
68 274 708
69 699 764
70 253 580
71 962 996
72 882 386
73 181 299
74 59 767
75 728 446
76 664 237
77 573 811
78 211 716
79 192 596
80 937 978
81 734 522
DEMAND_SECTION
1 0
2 2
3 1
4 1
5 1
6 2
7 2
8 1
9 3
10 2
11 2
12 2
13 2
14 3
15 3
16 2
17 3
18 3
19 1
20 3
21 3
22 3
23 2
24 3
25 2
26 2
27 2
28 3
29 2
30 3
31 3
32 1
33 3
34 3
35 1
36 1
37 2
38 2
39 3
40 3
41 1
42 3
43 3
44 3
45 1
46 3
47 1
48 3
49 1
50 2
51 1
52 2
53 3
54 1
55 2
56 2
57 3
58 2
59 1
60 3
61 3
62 2
63 1
64 1
65 2
66 1
67 2
68 3
69 2
70 3
71 3
72 2
73 3
74 2
75 1
76 2
77 1
78 1
79 2
80 1
81 2
DEPOT_SECTION
 1
 -1
 EOF 