NAME: I25263-n93-k7
COMMENT : (Fake et al, No of trucks: 7, Optimal value: )
TYPE : CVRP
DIMENSION : 93
EDGE_WEIGHT_TYPE : EUC_2D
CAPACITY : 71
NODE_COORD_SECTION
1 452 601
2 192 895
3 396 501
4 991 616
5 454 442
6 904 978
7 243 978
8 813 203
9 110 46
10 725 819
11 654 393
12 486 493
13 48 404
14 787 438
15 191 883
16 800 196
17 313 389
18 128 930
19 645 361
20 963 399
21 690 841
22 522 555
23 662 616
24 903 215
25 462 760
26 769 758
27 65 818
28 198 541
29 874 446
30 514 687
31 886 715
32 320 807
33 108 828
34 591 384
35 949 957
36 800 10
37 757 274
38 631 890
39 204 283
40 547 879
41 58 195
42 56 282
43 44 303
44 262 67
45 643 887
46 674 724
47 481 886
48 853 64
49 558 841
50 747 622
51 675 803
52 230 223
53 508 954
54 872 982
55 469 827
56 289 990
57 620 960
58 381 58
59 360 914
60 114 622
61 508 495
62 179 140
63 777 466
64 19 552
65 82 847
66 136 193
67 484 779
68 209 148
69 892 869
70 716 916
71 57 58
72 752 863
73 218 562
74 4 270
75 398 815
76 11 449
77 529 939
78 563 893
79 374 812
80 644 211
81 270 930
82 718 482
83 191 789
84 433 237
85 162 21
86 50 70
87 179 541
88 991 627
89 932 952
90 173 780
91 932 506
92 823 845
93 153 667
DEMAND_SECTION
1 0
2 2
3 2
4 5
5 2
6 3
7 8
8 6
9 4
10 8
11 3
12 2
13 8
14 8
15 8
16 2
17 6
18 9
19 2
20 2
21 1
22 6
23 8
24 9
25 7
26 1
27 6
28 6
29 8
30 4
31 5
32 6
33 6
34 4
35 3
36 3
37 3
38 4
39 9
40 2
41 7
42 3
43 2
44 8
45 8
46 5
47 9
48 1
49 9
50 3
51 2
52 7
53 9
54 4
55 2
56 7
57 2
58 1
59 5
60 5
61 6
62 5
63 9
64 5
65 7
66 6
67 6
68 8
69 5
70 1
71 4
72 4
73 1
74 2
75 7
76 6
77 6
78 1
79 8
80 2
81 5
82 2
83 6
84 3
85 5
86 1
87 4
88 7
89 9
90 8
91 9
92 5
93 4
DEPOT_SECTION
 1
 -1
 EOF 