NAME: I25205-n97-k8
COMMENT : (Fake et al, No of trucks: 8, Optimal value: )
TYPE : CVRP
DIMENSION : 97
EDGE_WEIGHT_TYPE : EUC_2D
CAPACITY : 94
NODE_COORD_SECTION
1 103 718
2 777 513
3 412 930
4 169 887
5 122 515
6 279 862
7 448 227
8 46 410
9 713 354
10 689 247
11 849 10
12 965 325
13 239 701
14 760 2
15 237 855
16 112 935
17 522 592
18 445 580
19 307 920
20 853 750
21 90 742
22 968 1
23 103 274
24 106 143
25 693 945
26 176 950
27 861 129
28 14 288
29 554 490
30 705 165
31 95 967
32 804 167
33 731 143
34 238 101
35 580 692
36 267 204
37 882 290
38 63 670
39 491 362
40 409 942
41 987 742
42 754 0
43 682 606
44 521 643
45 559 205
46 163 795
47 651 277
48 515 912
49 947 840
50 775 272
51 311 357
52 404 155
53 319 706
54 602 934
55 301 531
56 775 969
57 459 460
58 275 913
59 71 835
60 391 300
61 976 38
62 368 750
63 924 271
64 290 396
65 45 627
66 314 150
67 904 210
68 944 756
69 339 550
70 368 286
71 758 615
72 667 491
73 349 721
74 102 127
75 202 173
76 224 59
77 503 726
78 517 403
79 637 366
80 490 101
81 351 614
82 591 749
83 658 927
84 746 655
85 460 883
86 263 438
87 781 289
88 484 375
89 136 524
90 887 889
91 325 969
92 351 400
93 866 457
94 466 214
95 671 240
96 156 784
97 780 727
DEMAND_SECTION
1 0
2 7
3 6
4 10
5 8
6 3
7 11
8 10
9 10
10 2
11 5
12 2
13 10
14 1
15 2
16 9
17 8
18 5
19 4
20 10
21 6
22 2
23 11
24 11
25 8
26 9
27 10
28 7
29 10
30 11
31 2
32 5
33 8
34 8
35 11
36 3
37 5
38 11
39 11
40 1
41 9
42 3
43 10
44 2
45 9
46 4
47 6
48 5
49 6
50 5
51 7
52 9
53 9
54 3
55 5
56 4
57 2
58 9
59 11
60 6
61 3
62 8
63 2
64 2
65 6
66 3
67 2
68 2
69 9
70 10
71 9
72 10
73 10
74 4
75 5
76 1
77 7
78 11
79 11
80 1
81 2
82 6
83 6
84 11
85 6
86 2
87 1
88 10
89 9
90 10
91 11
92 8
93 10
94 8
95 1
96 8
97 6
DEPOT_SECTION
 1
 -1
 EOF 