NAME: I25262-n70-k9
COMMENT : (Fake et al, No of trucks: 9, Optimal value: )
TYPE : CVRP
DIMENSION : 70
EDGE_WEIGHT_TYPE : EUC_2D
CAPACITY : 49
NODE_COORD_SECTION
1 169 849
2 243 548
3 950 520
4 889 792
5 991 842
6 424 632
7 435 464
8 40 387
9 453 460
10 685 712
11 51 456
12 195 389
13 650 291
14 422 299
15 129 923
16 29 314
17 938 942
18 603 517
19 238 441
20 316 966
21 618 94
22 517 522
23 208 198
24 146 46
25 277 310
26 663 158
27 733 428
28 742 105
29 501 439
30 625 231
31 176 190
32 781 860
33 50 56
34 440 187
35 778 327
36 409 323
37 827 135
38 551 620
39 741 243
40 521 695
41 425 509
42 166 191
43 563 350
44 670 243
45 551 678
46 448 500
47 597 191
48 151 328
49 476 918
50 255 121
51 106 523
52 87 490
53 104 933
54 118 611
55 887 176
56 916 516
57 461 285
58 782 891
59 893 336
60 908 823
61 39 12
62 212 340
63 9 699
64 856 159
65 829 353
66 296 420
67 280 165
68 11 719
69 738 796
70 37 394
DEMAND_SECTION
1 0
2 10
3 1
4 1
5 2
6 9
7 10
8 5
9 6
10 4
11 9
12 10
13 1
14 1
15 8
16 4
17 2
18 1
19 2
20 2
21 6
22 8
23 5
24 5
25 7
26 4
27 10
28 4
29 4
30 10
31 8
32 4
33 5
34 1
35 8
36 5
37 4
38 7
39 4
40 1
41 3
42 9
43 5
44 3
45 3
46 10
47 10
48 4
49 7
50 9
51 6
52 1
53 5
54 4
55 10
56 2
57 4
58 8
59 2
60 6
61 8
62 10
63 1
64 10
65 9
66 6
67 1
68 8
69 3
70 7
DEPOT_SECTION
 1
 -1
 EOF 