NAME: I25238-n92-k7
COMMENT : (Fake et al, No of trucks: 7, Optimal value: )
TYPE : CVRP
DIMENSION : 92
EDGE_WEIGHT_TYPE : EUC_2D
CAPACITY : 15
NODE_COORD_SECTION
1 789 953
2 566 779
3 108 380
4 889 400
5 760 829
6 941 196
7 1000 447
8 7 555
9 196 698
10 460 401
11 641 43
12 200 683
13 58 245
14 124 209
15 711 596
16 835 990
17 91 487
18 191 825
19 563 442
20 783 758
21 396 470
22 217 65
23 115 275
24 805 418
25 153 33
26 5 609
27 637 831
28 512 806
29 361 206
30 827 636
31 363 484
32 328 269
33 136 27
34 389 95
35 431 242
36 74 115
37 410 493
38 763 827
39 869 29
40 621 538
41 684 609
42 646 740
43 716 429
44 486 830
45 922 629
46 457 94
47 659 556
48 138 111
49 969 713
50 847 137
51 934 772
52 664 823
53 874 320
54 671 752
55 39 25
56 716 26
57 852 15
58 703 715
59 686 465
60 575 758
61 504 730
62 993 283
63 294 438
64 448 429
65 689 686
66 513 945
67 365 175
68 365 835
69 843 680
70 315 740
71 3 450
72 397 23
73 557 715
74 669 28
75 201 437
76 268 371
77 278 442
78 823 319
79 435 38
80 577 617
81 572 363
82 179 519
83 387 494
84 854 324
85 698 4
86 156 214
87 206 180
88 973 875
89 103 790
90 537 114
91 657 824
92 477 983
DEMAND_SECTION
1 0
2 1
3 1
4 1
5 1
6 1
7 1
8 1
9 1
10 1
11 1
12 1
13 1
14 1
15 1
16 1
17 1
18 1
19 1
20 1
21 1
22 1
23 1
24 1
25 1
26 1
27 1
28 1
29 1
30 1
31 1
32 1
33 1
34 1
35 1
36 1
37 1
38 1
39 1
40 1
41 1
42 1
43 1
44 1
45 1
46 1
47 1
48 1
49 1
50 1
51 1
52 1
53 1
54 1
55 1
56 1
57 1
58 1
59 1
60 1
61 1
62 1
63 1
64 1
65 1
66 1
67 1
68 1
69 1
70 1
71 1
72 1
73 1
74 1
75 1
76 1
77 1
78 1
79 1
80 1
81 1
82 1
83 1
84 1
85 1
86 1
87 1
88 1
89 1
90 1
91 1
92 1
DEPOT_SECTION
 1
 -1
 EOF 