NAME: I25320-n82-k10
COMMENT : (Fake et al, No of trucks: 10, Optimal value: )
TYPE : CVRP
DIMENSION : 82
EDGE_WEIGHT_TYPE : EUC_2D
CAPACITY : 43
NODE_COORD_SECTION
1 267 647
2 212 898
3 691 782
4 381 418
5 642 599
6 610 526
7 948 109
8 382 901
9 374 36
10 195 242
11 882 668
12 858 784
13 986 521
14 101 461
15 696 319
16 566 158
17 588 566
18 773 99
19 649 779
20 573 144
21 584 921
22 92 605
23 248 766
24 647 910
25 164 779
26 914 40
27 694 621
28 276 371
29 607 74
30 129 204
31 626 635
32 617 594
33 682 987
34 668 395
35 253 808
36 491 676
37 24 537
38 871 300
39 804 849
40 997 945
41 696 80
42 486 862
43 613 493
44 247 847
45 505 752
46 421 80
47 638 680
48 377 267
49 827 672
50 661 288
51 644 13
52 580 614
53 146 931
54 546 475
55 760 1
56 918 245
57 716 216
58 15 423
59 55 940
60 341 733
61 297 937
62 736 24
63 890 535
64 425 3
65 207 99
66 725 826
67 287 668
68 402 447
69 632 102
70 248 751
71 794 817
72 99 639
73 308 688
74 71 727
75 144 643
76 446 406
77 606 958
78 169 259
79 790 738
80 103 449
81 308 458
82 826 175
DEMAND_SECTION
1 0
2 6
3 8
4 1
5 8
6 5
7 6
8 7
9 1
10 3
11 1
12 2
13 5
14 6
15 7
16 1
17 3
18 5
19 4
20 7
21 1
22 1
23 1
24 5
25 6
26 1
27 6
28 6
29 6
30 1
31 4
32 6
33 2
34 7
35 3
36 6
37 1
38 6
39 1
40 7
41 8
42 7
43 5
44 2
45 4
46 3
47 4
48 2
49 4
50 4
51 6
52 6
53 8
54 5
55 5
56 8
57 8
58 6
59 1
60 5
61 4
62 7
63 5
64 6
65 4
66 3
67 4
68 3
69 7
70 3
71 6
72 1
73 4
74 3
75 2
76 6
77 3
78 8
79 2
80 7
81 6
82 3
DEPOT_SECTION
 1
 -1
 EOF 