NAME: I25314-n91-k6
COMMENT : (Fake et al, No of trucks: 6, Optimal value: )
TYPE : CVRP
DIMENSION : 91
EDGE_WEIGHT_TYPE : EUC_2D
CAPACITY : 57
NODE_COORD_SECTION
1 344 364
2 383 217
3 335 860
4 106 300
5 170 222
6 322 97
7 478 267
8 506 837
9 442 833
10 534 596
11 802 760
12 930 793
13 568 520
14 677 539
15 303 385
16 379 697
17 934 808
18 671 563
19 164 566
20 44 341
21 795 935
22 218 163
23 636 942
24 976 677
25 395 498
26 751 391
27 164 47
28 0 561
29 499 693
30 133 192
31 196 180
32 317 437
33 922 629
34 967 406
35 202 809
36 861 147
37 884 72
38 135 716
39 904 87
40 215 232
41 347 733
42 408 367
43 657 790
44 424 80
45 909 111
46 320 52
47 763 735
48 865 443
49 7 989
50 635 953
51 695 578
52 709 690
53 153 81
54 184 238
55 611 249
56 174 974
57 489 788
58 891 361
59 24 598
60 758 348
61 506 633
62 59 774
63 255 136
64 753 697
65 348 687
66 243 25
67 200 414
68 643 696
69 701 558
70 610 619
71 362 420
72 59 39
73 652 996
74 704 433
75 915 738
76 760 600
77 880 44
78 62 662
79 140 829
80 703 601
81 412 805
82 650 650
83 413 391
84 667 31
85 883 2
86 70 869
87 403 481
88 731 381
89 250 876
90 186 677
91 687 102
DEMAND_SECTION
1 0
2 1
3 2
4 4
5 3
6 5
7 3
8 6
9 1
10 6
11 6
12 3
13 5
14 2
15 3
16 4
17 2
18 1
19 6
20 2
21 5
22 6
23 5
24 2
25 6
26 6
27 5
28 4
29 4
30 1
31 1
32 1
33 4
34 1
35 3
36 5
37 6
38 3
39 2
40 6
41 2
42 3
43 3
44 2
45 2
46 1
47 6
48 5
49 5
50 4
51 2
52 3
53 4
54 5
55 5
56 4
57 4
58 1
59 2
60 2
61 6
62 4
63 1
64 4
65 6
66 5
67 4
68 4
69 2
70 1
71 6
72 5
73 1
74 6
75 2
76 3
77 4
78 3
79 3
80 3
81 4
82 3
83 4
84 1
85 4
86 1
87 2
88 5
89 6
90 2
91 2
DEPOT_SECTION
 1
 -1
 EOF 