NAME: I25466-n71-k8
COMMENT : (Fake et al, No of trucks: 8, Optimal value: )
TYPE : CVRP
DIMENSION : 71
EDGE_WEIGHT_TYPE : EUC_2D
CAPACITY : 47
NODE_COORD_SECTION
1 344 279
2 657 820
3 62 62
4 431 475
5 804 104
6 976 608
7 349 85
8 429 349
9 594 707
10 187 634
11 952 779
12 619 390
13 67 977
14 491 435
15 264 707
16 188 433
17 992 250
18 342 156
19 606 84
20 566 223
21 90 975
22 539 626
23 788 657
24 446 95
25 5 984
26 421 45
27 392 538
28 948 779
29 103 845
30 861 933
31 377 528
32 9 952
33 372 992
34 455 7
35 628 702
36 319 146
37 964 411
38 480 578
39 474 935
40 686 166
41 917 992
42 306 329
43 531 554
44 144 385
45 677 67
46 408 514
47 804 544
48 333 523
49 761 915
50 430 680
51 827 557
52 99 573
53 709 25
54 688 272
55 179 412
56 473 112
57 898 4
58 951 826
59 757 104
60 96 207
61 84 325
62 420 855
63 770 759
64 136 748
65 437 221
66 510 775
67 525 841
68 525 794
69 854 952
70 191 665
71 486 409
DEMAND_SECTION
1 0
2 4
3 3
4 4
5 9
6 6
7 1
8 4
9 1
10 1
11 3
12 6
13 7
14 6
15 8
16 9
17 9
18 1
19 3
20 5
21 3
22 1
23 1
24 9
25 5
26 3
27 8
28 2
29 5
30 3
31 5
32 9
33 3
34 3
35 1
36 2
37 7
38 7
39 5
40 3
41 1
42 2
43 1
44 1
45 9
46 8
47 7
48 7
49 9
50 5
51 8
52 4
53 9
54 8
55 2
56 3
57 8
58 2
59 3
60 4
61 8
62 5
63 3
64 7
65 4
66 9
67 5
68 9
69 7
70 1
71 2
DEPOT_SECTION
 1
 -1
 EOF 