NAME: I25426-n95-k8
COMMENT : (Fake et al, No of trucks: 8, Optimal value: )
TYPE : CVRP
DIMENSION : 95
EDGE_WEIGHT_TYPE : EUC_2D
CAPACITY : 38
NODE_COORD_SECTION
1 740 336
2 321 43
3 610 449
4 743 267
5 219 168
6 437 636
7 854 976
8 340 368
9 298 758
10 56 617
11 126 750
12 713 347
13 443 283
14 245 979
15 915 988
16 395 196
17 639 526
18 179 693
19 763 598
20 142 659
21 29 111
22 557 813
23 384 897
24 660 449
25 677 224
26 144 297
27 172 924
28 527 68
29 326 172
30 403 352
31 127 429
32 392 690
33 624 663
34 22 334
35 745 126
36 254 146
37 51 875
38 444 998
39 800 973
40 632 831
41 0 545
42 119 545
43 512 178
44 862 435
45 757 308
46 159 99
47 718 581
48 813 997
49 826 920
50 2 666
51 976 932
52 952 566
53 360 238
54 218 86
55 205 457
56 932 310
57 478 170
58 92 41
59 363 59
60 443 721
61 713 152
62 176 386
63 236 720
64 569 500
65 181 404
66 416 797
67 859 321
68 430 452
69 404 395
70 177 960
71 244 465
72 405 565
73 729 590
74 500 638
75 741 755
76 443 10
77 949 283
78 922 135
79 891 126
80 715 422
81 600 422
82 818 291
83 794 144
84 613 230
85 365 763
86 759 636
87 938 899
88 836 423
89 819 259
90 13 601
91 424 606
92 221 995
93 647 811
94 677 890
95 906 634
DEMAND_SECTION
1 0
2 2
3 2
4 4
5 3
6 4
7 4
8 2
9 4
10 4
11 1
12 4
13 3
14 1
15 4
16 4
17 2
18 3
19 4
20 2
21 3
22 2
23 4
24 1
25 3
26 4
27 4
28 4
29 2
30 1
31 1
32 4
33 2
34 4
35 4
36 2
37 3
38 3
39 1
40 3
41 4
42 2
43 1
44 2
45 2
46 4
47 4
48 2
49 3
50 4
51 1
52 1
53 2
54 2
55 1
56 4
57 3
58 4
59 2
60 3
61 2
62 3
63 1
64 1
65 1
66 3
67 4
68 3
69 4
70 2
71 3
72 3
73 3
74 4
75 4
76 3
77 1
78 4
79 2
80 3
81 4
82 2
83 4
84 1
85 3
86 4
87 1
88 1
89 2
90 4
91 1
92 2
93 3
94 1
95 4
DEPOT_SECTION
 1
 -1
 EOF 