NAME: I2542-n37-k4
COMMENT : (Fake et al, No of trucks: 4, Optimal value: )
TYPE : CVRP
DIMENSION : 37
EDGE_WEIGHT_TYPE : EUC_2D
CAPACITY : 60
NODE_COORD_SECTION
1 874 251
2 760 469
3 47 447
4 844 545
5 256 400
6 786 949
7 104 942
8 172 25
9 196 351
10 561 564
11 840 331
12 886 214
13 496 969
14 839 489
15 227 891
16 619 379
17 645 436
18 213 752
19 418 524
20 711 418
21 895 741
22 313 838
23 180 822
24 13 287
25 451 443
26 410 114
27 898 113
28 729 755
29 899 580
30 913 838
31 327 303
32 596 616
33 668 998
34 259 368
35 711 497
36 410 448
37 341 878
DEMAND_SECTION
1 0
2 3
3 9
4 10
5 10
6 2
7 9
8 6
9 6
10 10
11 6
12 5
13 9
14 1
15 2
16 8
17 3
18 9
19 2
20 7
21 5
22 4
23 10
24 4
25 6
26 9
27 5
28 10
29 1
30 8
31 2
32 8
33 4
34 1
35 2
36 3
37 5
DEPOT_SECTION
 1
 -1
 EOF 