NAME: I25499-n100-k9
COMMENT : (Fake et al, No of trucks: 9, Optimal value: )
TYPE : CVRP
DIMENSION : 100
EDGE_WEIGHT_TYPE : EUC_2D
CAPACITY : 58
NODE_COORD_SECTION
1 932 240
2 985 45
3 178 847
4 397 25
5 619 928
6 874 837
7 77 957
8 347 348
9 971 617
10 530 959
11 59 984
12 580 45
13 968 700
14 994 268
15 906 744
16 898 57
17 289 461
18 539 96
19 554 651
20 90 220
21 316 881
22 300 703
23 68 659
24 205 228
25 367 584
26 855 951
27 625 758
28 987 221
29 764 100
30 517 323
31 923 200
32 132 886
33 114 875
34 699 339
35 82 143
36 471 498
37 415 726
38 130 529
39 450 34
40 183 277
41 668 577
42 117 673
43 394 94
44 149 255
45 682 462
46 793 846
47 827 163
48 348 661
49 89 690
50 824 318
51 68 37
52 356 80
53 853 922
54 885 187
55 564 362
56 739 633
57 133 189
58 134 266
59 747 781
60 95 175
61 305 7
62 461 583
63 830 758
64 260 442
65 619 811
66 544 168
67 645 994
68 315 248
69 731 737
70 179 432
71 834 164
72 495 880
73 570 123
74 896 135
75 134 304
76 110 553
77 286 140
78 405 582
79 365 713
80 102 754
81 681 361
82 309 265
83 842 94
84 460 314
85 166 251
86 988 571
87 616 202
88 322 334
89 932 674
90 690 13
91 979 881
92 819 511
93 325 255
94 201 274
95 930 420
96 193 630
97 782 918
98 914 320
99 496 887
100 24 289
DEMAND_SECTION
1 0
2 1
3 2
4 1
5 3
6 2
7 8
8 1
9 5
10 5
11 3
12 7
13 6
14 8
15 8
16 5
17 5
18 4
19 8
20 4
21 3
22 8
23 1
24 3
25 4
26 5
27 4
28 4
29 8
30 2
31 8
32 1
33 4
34 6
35 8
36 4
37 3
38 8
39 8
40 6
41 1
42 1
43 1
44 8
45 7
46 8
47 6
48 6
49 4
50 5
51 2
52 6
53 2
54 5
55 6
56 8
57 8
58 4
59 8
60 4
61 3
62 8
63 5
64 5
65 4
66 1
67 1
68 8
69 7
70 1
71 1
72 7
73 7
74 6
75 2
76 5
77 3
78 3
79 3
80 8
81 2
82 3
83 5
84 1
85 1
86 3
87 5
88 1
89 8
90 2
91 3
92 7
93 5
94 3
95 8
96 7
97 6
98 2
99 1
100 2
DEPOT_SECTION
 1
 -1
 EOF 