NAME: I25420-n87-k9
COMMENT : (Fake et al, No of trucks: 9, Optimal value: )
TYPE : CVRP
DIMENSION : 87
EDGE_WEIGHT_TYPE : EUC_2D
CAPACITY : 57
NODE_COORD_SECTION
1 970 79
2 84 533
3 891 293
4 119 593
5 500 578
6 877 880
7 733 916
8 367 324
9 773 978
10 759 232
11 805 992
12 887 575
13 467 578
14 432 263
15 405 686
16 998 971
17 293 695
18 375 273
19 718 656
20 319 270
21 818 883
22 91 827
23 633 646
24 146 737
25 935 776
26 614 451
27 899 506
28 212 0
29 307 883
30 666 306
31 911 896
32 864 176
33 854 243
34 807 691
35 852 894
36 854 79
37 10 675
38 735 33
39 374 434
40 973 284
41 861 178
42 820 1
43 173 516
44 29 195
45 429 206
46 166 753
47 111 393
48 400 128
49 480 262
50 543 944
51 794 46
52 341 54
53 57 274
54 659 343
55 36 223
56 659 990
57 58 387
58 658 918
59 801 293
60 642 495
61 365 944
62 346 516
63 551 741
64 836 114
65 140 620
66 301 183
67 59 869
68 31 848
69 734 705
70 272 414
71 29 611
72 268 856
73 315 49
74 766 498
75 878 296
76 250 489
77 384 579
78 504 373
79 974 85
80 414 404
81 112 254
82 538 171
83 542 646
84 884 37
85 522 838
86 822 390
87 191 288
DEMAND_SECTION
1 0
2 5
3 5
4 10
5 3
6 7
7 6
8 4
9 1
10 10
11 2
12 3
13 6
14 3
15 5
16 6
17 10
18 2
19 10
20 10
21 11
22 2
23 9
24 9
25 8
26 1
27 7
28 4
29 2
30 3
31 4
32 1
33 1
34 5
35 6
36 11
37 6
38 8
39 11
40 6
41 4
42 3
43 11
44 2
45 2
46 8
47 11
48 3
49 3
50 4
51 9
52 7
53 11
54 6
55 6
56 2
57 5
58 7
59 3
60 11
61 4
62 3
63 2
64 5
65 9
66 1
67 2
68 5
69 2
70 7
71 6
72 4
73 1
74 2
75 9
76 5
77 8
78 11
79 11
80 4
81 4
82 7
83 8
84 1
85 2
86 2
87 8
DEPOT_SECTION
 1
 -1
 EOF 