NAME: I25470-n98-k6
COMMENT : (Fake et al, No of trucks: 6, Optimal value: )
TYPE : CVRP
DIMENSION : 98
EDGE_WEIGHT_TYPE : EUC_2D
CAPACITY : 104
NODE_COORD_SECTION
1 538 654
2 577 963
3 214 845
4 57 925
5 283 15
6 145 803
7 406 151
8 228 469
9 647 597
10 91 166
11 772 979
12 227 503
13 461 403
14 338 865
15 87 16
16 976 354
17 740 347
18 147 723
19 173 840
20 767 946
21 302 561
22 737 845
23 458 604
24 251 205
25 435 663
26 560 266
27 42 914
28 598 503
29 605 219
30 544 115
31 973 474
32 447 251
33 850 427
34 829 361
35 186 829
36 255 364
37 726 852
38 315 811
39 608 400
40 880 909
41 917 790
42 298 859
43 312 878
44 235 619
45 857 990
46 256 796
47 482 729
48 513 256
49 3 761
50 862 945
51 846 574
52 840 122
53 326 913
54 511 532
55 234 840
56 859 306
57 414 534
58 552 652
59 977 95
60 870 157
61 221 270
62 222 497
63 192 994
64 483 806
65 197 777
66 820 761
67 260 567
68 992 718
69 784 333
70 148 502
71 371 263
72 685 30
73 832 657
74 225 182
75 277 345
76 537 691
77 748 387
78 717 832
79 134 402
80 659 598
81 381 91
82 413 513
83 295 17
84 924 887
85 843 327
86 747 202
87 551 646
88 475 903
89 746 840
90 284 62
91 522 560
92 170 94
93 67 348
94 215 34
95 48 722
96 827 686
97 316 36
98 131 271
DEMAND_SECTION
1 0
2 9
3 1
4 8
5 5
6 2
7 11
8 3
9 5
10 6
11 3
12 2
13 3
14 1
15 9
16 10
17 3
18 7
19 8
20 3
21 6
22 11
23 11
24 5
25 9
26 4
27 3
28 1
29 1
30 4
31 11
32 6
33 6
34 2
35 1
36 5
37 5
38 3
39 8
40 6
41 5
42 3
43 11
44 6
45 10
46 6
47 10
48 9
49 2
50 1
51 7
52 8
53 3
54 4
55 10
56 3
57 7
58 10
59 11
60 6
61 10
62 3
63 9
64 3
65 11
66 1
67 5
68 3
69 4
70 7
71 5
72 11
73 6
74 7
75 2
76 11
77 4
78 7
79 3
80 3
81 5
82 6
83 6
84 9
85 9
86 5
87 4
88 7
89 7
90 6
91 4
92 4
93 1
94 5
95 1
96 7
97 9
98 10
DEPOT_SECTION
 1
 -1
 EOF 