NAME: I25565-n90-k9
COMMENT : (Fake et al, No of trucks: 9, Optimal value: )
TYPE : CVRP
DIMENSION : 90
EDGE_WEIGHT_TYPE : EUC_2D
CAPACITY : 28
NODE_COORD_SECTION
1 988 725
2 848 175
3 258 587
4 198 38
5 649 856
6 865 925
7 591 232
8 217 525
9 74 877
10 957 683
11 218 142
12 750 723
13 659 291
14 812 417
15 396 62
16 45 654
17 620 439
18 157 820
19 258 408
20 644 967
21 532 917
22 733 453
23 953 64
24 820 464
25 424 214
26 516 646
27 391 611
28 364 474
29 70 749
30 560 346
31 963 358
32 961 557
33 636 887
34 390 406
35 472 3
36 345 781
37 211 599
38 608 381
39 260 97
40 238 868
41 80 935
42 848 53
43 219 535
44 794 398
45 23 377
46 343 896
47 110 183
48 184 168
49 298 422
50 53 386
51 655 910
52 691 215
53 1000 789
54 926 794
55 237 75
56 589 48
57 329 369
58 966 275
59 962 996
60 489 187
61 887 974
62 148 775
63 157 111
64 659 466
65 754 296
66 479 869
67 509 831
68 553 203
69 312 987
70 568 923
71 674 424
72 454 499
73 887 785
74 951 484
75 916 175
76 709 710
77 785 784
78 341 206
79 232 157
80 106 510
81 162 0
82 948 389
83 192 768
84 484 844
85 12 698
86 129 464
87 342 696
88 723 610
89 864 205
90 835 194
DEMAND_SECTION
1 0
2 3
3 3
4 3
5 4
6 1
7 3
8 3
9 1
10 2
11 1
12 2
13 1
14 3
15 3
16 3
17 4
18 1
19 1
20 2
21 1
22 4
23 4
24 2
25 1
26 2
27 1
28 2
29 3
30 1
31 4
32 3
33 1
34 4
35 4
36 4
37 1
38 1
39 1
40 3
41 4
42 4
43 1
44 4
45 4
46 4
47 3
48 4
49 1
50 4
51 2
52 3
53 2
54 1
55 3
56 2
57 2
58 2
59 3
60 4
61 2
62 1
63 2
64 2
65 1
66 4
67 1
68 3
69 2
70 2
71 3
72 4
73 1
74 4
75 2
76 2
77 3
78 3
79 4
80 4
81 2
82 1
83 3
84 1
85 2
86 3
87 3
88 4
89 1
90 3
DEPOT_SECTION
 1
 -1
 EOF 