NAME: I25548-n94-k7
COMMENT : (Fake et al, No of trucks: 7, Optimal value: )
TYPE : CVRP
DIMENSION : 94
EDGE_WEIGHT_TYPE : EUC_2D
CAPACITY : 37
NODE_COORD_SECTION
1 280 462
2 335 59
3 257 930
4 536 207
5 484 808
6 456 161
7 818 28
8 112 654
9 466 849
10 404 279
11 910 642
12 513 842
13 581 439
14 471 257
15 601 965
16 582 383
17 575 202
18 627 906
19 185 697
20 439 227
21 172 133
22 214 798
23 619 376
24 703 969
25 819 782
26 623 616
27 262 354
28 9 162
29 89 187
30 563 769
31 535 956
32 319 370
33 777 951
34 86 527
35 747 594
36 916 132
37 924 700
38 110 851
39 994 910
40 436 731
41 567 924
42 601 897
43 505 582
44 320 87
45 210 700
46 792 863
47 41 890
48 487 146
49 117 871
50 563 801
51 436 375
52 916 710
53 578 440
54 623 753
55 824 124
56 747 281
57 694 135
58 829 285
59 991 163
60 470 190
61 889 600
62 721 195
63 872 640
64 568 217
65 134 419
66 437 314
67 225 434
68 546 508
69 83 925
70 92 227
71 35 283
72 245 391
73 764 178
74 105 664
75 521 811
76 402 453
77 455 641
78 271 924
79 108 427
80 549 542
81 523 448
82 846 130
83 756 656
84 407 383
85 912 428
86 334 528
87 691 167
88 365 154
89 117 974
90 134 365
91 600 245
92 468 962
93 947 249
94 966 664
DEMAND_SECTION
1 0
2 1
3 3
4 4
5 2
6 1
7 2
8 3
9 4
10 1
11 2
12 2
13 3
14 3
15 2
16 3
17 3
18 2
19 2
20 2
21 4
22 3
23 2
24 1
25 1
26 1
27 4
28 4
29 1
30 2
31 1
32 4
33 1
34 4
35 1
36 3
37 3
38 2
39 2
40 2
41 4
42 2
43 1
44 4
45 2
46 4
47 3
48 2
49 3
50 2
51 1
52 2
53 4
54 2
55 4
56 1
57 1
58 3
59 2
60 3
61 2
62 3
63 4
64 2
65 1
66 4
67 1
68 4
69 3
70 3
71 3
72 2
73 3
74 1
75 2
76 2
77 1
78 1
79 2
80 3
81 4
82 2
83 2
84 2
85 1
86 2
87 2
88 3
89 4
90 3
91 3
92 4
93 1
94 1
DEPOT_SECTION
 1
 -1
 EOF 