NAME: I25588-n97-k7
COMMENT : (Fake et al, No of trucks: 7, Optimal value: )
TYPE : CVRP
DIMENSION : 97
EDGE_WEIGHT_TYPE : EUC_2D
CAPACITY : 78
NODE_COORD_SECTION
1 352 394
2 734 899
3 21 341
4 705 907
5 467 517
6 600 707
7 819 873
8 590 187
9 429 470
10 869 703
11 245 391
12 994 471
13 875 534
14 286 402
15 418 299
16 894 524
17 553 853
18 389 820
19 914 507
20 877 557
21 522 418
22 950 876
23 272 820
24 315 411
25 341 242
26 364 238
27 718 226
28 516 712
29 495 928
30 710 190
31 838 349
32 336 367
33 666 906
34 729 83
35 439 29
36 636 993
37 976 797
38 938 176
39 428 116
40 242 635
41 997 981
42 573 635
43 858 171
44 45 820
45 195 123
46 69 746
47 682 974
48 975 493
49 808 383
50 880 301
51 312 762
52 766 523
53 277 513
54 229 817
55 794 468
56 652 804
57 414 534
58 462 183
59 198 148
60 184 349
61 104 731
62 684 822
63 227 223
64 826 697
65 698 459
66 190 490
67 769 294
68 684 286
69 419 165
70 555 922
71 379 237
72 911 881
73 433 950
74 897 699
75 794 255
76 524 821
77 851 123
78 172 343
79 108 378
80 858 382
81 83 537
82 743 590
83 564 343
84 812 623
85 716 600
86 449 457
87 102 711
88 954 219
89 776 252
90 824 821
91 483 294
92 293 486
93 76 303
94 756 359
95 839 598
96 163 194
97 954 887
DEMAND_SECTION
1 0
2 8
3 8
4 3
5 2
6 4
7 2
8 5
9 9
10 4
11 4
12 9
13 6
14 2
15 7
16 2
17 3
18 5
19 3
20 3
21 8
22 4
23 4
24 6
25 8
26 5
27 5
28 8
29 7
30 5
31 1
32 5
33 5
34 7
35 4
36 9
37 8
38 6
39 7
40 8
41 8
42 7
43 7
44 2
45 2
46 2
47 1
48 4
49 6
50 7
51 3
52 6
53 8
54 3
55 7
56 8
57 9
58 2
59 5
60 8
61 8
62 5
63 4
64 3
65 2
66 3
67 3
68 9
69 3
70 8
71 4
72 6
73 2
74 5
75 4
76 4
77 5
78 4
79 5
80 1
81 9
82 5
83 1
84 2
85 9
86 6
87 6
88 2
89 7
90 9
91 6
92 2
93 4
94 3
95 1
96 1
97 8
DEPOT_SECTION
 1
 -1
 EOF 