NAME: I25570-n100-k6
COMMENT : (Fake et al, No of trucks: 6, Optimal value: )
TYPE : CVRP
DIMENSION : 100
EDGE_WEIGHT_TYPE : EUC_2D
CAPACITY : 93
NODE_COORD_SECTION
1 806 505
2 764 623
3 103 552
4 585 570
5 930 349
6 812 640
7 685 524
8 792 99
9 877 892
10 892 375
11 451 697
12 119 691
13 569 503
14 854 574
15 774 974
16 700 87
17 180 54
18 105 261
19 595 501
20 147 81
21 932 189
22 114 961
23 979 940
24 349 689
25 578 875
26 670 812
27 262 450
28 407 561
29 239 781
30 802 401
31 838 370
32 473 481
33 746 979
34 983 584
35 389 634
36 365 502
37 885 262
38 796 137
39 533 301
40 439 170
41 264 854
42 876 976
43 899 178
44 52 669
45 14 349
46 714 711
47 127 364
48 66 543
49 963 788
50 115 899
51 793 637
52 624 299
53 558 847
54 326 42
55 865 490
56 400 289
57 509 499
58 138 642
59 310 901
60 10 199
61 488 997
62 509 747
63 879 876
64 659 684
65 935 259
66 835 832
67 284 83
68 499 916
69 40 619
70 840 563
71 826 58
72 79 797
73 853 142
74 433 220
75 800 533
76 917 75
77 614 957
78 833 492
79 24 218
80 477 38
81 304 722
82 692 871
83 110 907
84 667 457
85 661 584
86 235 662
87 752 91
88 211 544
89 581 932
90 896 541
91 688 47
92 788 388
93 317 278
94 795 97
95 684 382
96 182 614
97 559 773
98 663 776
99 799 886
100 528 644
DEMAND_SECTION
1 0
2 2
3 8
4 9
5 2
6 3
7 8
8 5
9 8
10 8
11 8
12 3
13 4
14 9
15 6
16 8
17 5
18 8
19 2
20 2
21 7
22 2
23 6
24 5
25 3
26 9
27 4
28 7
29 7
30 7
31 3
32 9
33 5
34 7
35 3
36 2
37 4
38 2
39 2
40 5
41 5
42 8
43 3
44 1
45 5
46 4
47 7
48 5
49 7
50 7
51 1
52 1
53 6
54 2
55 8
56 1
57 8
58 2
59 3
60 2
61 9
62 9
63 4
64 3
65 6
66 6
67 5
68 8
69 4
70 7
71 4
72 7
73 6
74 9
75 2
76 9
77 8
78 9
79 1
80 5
81 2
82 8
83 8
84 8
85 6
86 3
87 4
88 3
89 3
90 9
91 4
92 2
93 4
94 2
95 5
96 2
97 8
98 1
99 6
100 5
DEPOT_SECTION
 1
 -1
 EOF 