NAME: I25663-n91-k10
COMMENT : (Fake et al, No of trucks: 10, Optimal value: )
TYPE : CVRP
DIMENSION : 91
EDGE_WEIGHT_TYPE : EUC_2D
CAPACITY : 11
NODE_COORD_SECTION
1 730 23
2 695 673
3 502 626
4 273 42
5 997 68
6 578 15
7 650 414
8 604 957
9 940 963
10 728 354
11 157 780
12 93 470
13 625 618
14 409 768
15 855 918
16 798 964
17 234 527
18 23 19
19 598 866
20 784 79
21 775 933
22 452 603
23 92 556
24 935 967
25 999 919
26 411 37
27 701 683
28 359 450
29 240 998
30 858 202
31 362 312
32 153 409
33 600 387
34 0 542
35 168 24
36 60 82
37 952 23
38 686 192
39 218 775
40 2 661
41 736 601
42 707 186
43 861 114
44 212 23
45 114 62
46 817 771
47 211 83
48 302 286
49 105 499
50 571 485
51 237 624
52 156 341
53 263 835
54 810 927
55 58 920
56 581 582
57 647 24
58 992 76
59 337 476
60 215 603
61 345 17
62 650 668
63 986 454
64 24 117
65 158 152
66 212 568
67 248 15
68 109 176
69 616 396
70 562 779
71 521 820
72 380 846
73 165 733
74 92 67
75 401 569
76 624 1
77 844 552
78 197 304
79 702 60
80 856 376
81 738 997
82 809 348
83 886 801
84 244 463
85 785 107
86 652 245
87 237 441
88 189 310
89 732 602
90 618 28
91 192 909
DEMAND_SECTION
1 0
2 1
3 1
4 1
5 1
6 1
7 1
8 1
9 1
10 1
11 1
12 1
13 1
14 1
15 1
16 1
17 1
18 1
19 1
20 1
21 1
22 1
23 1
24 1
25 1
26 1
27 1
28 1
29 1
30 1
31 1
32 1
33 1
34 1
35 1
36 1
37 1
38 1
39 1
40 1
41 1
42 1
43 1
44 1
45 1
46 1
47 1
48 1
49 1
50 1
51 1
52 1
53 1
54 1
55 1
56 1
57 1
58 1
59 1
60 1
61 1
62 1
63 1
64 1
65 1
66 1
67 1
68 1
69 1
70 1
71 1
72 1
73 1
74 1
75 1
76 1
77 1
78 1
79 1
80 1
81 1
82 1
83 1
84 1
85 1
86 1
87 1
88 1
89 1
90 1
91 1
DEPOT_SECTION
 1
 -1
 EOF 