NAME: I25655-n85-k10
COMMENT : (Fake et al, No of trucks: 10, Optimal value: )
TYPE : CVRP
DIMENSION : 85
EDGE_WEIGHT_TYPE : EUC_2D
CAPACITY : 16
NODE_COORD_SECTION
1 824 681
2 886 640
3 675 769
4 93 449
5 507 518
6 853 328
7 591 458
8 916 419
9 849 683
10 331 590
11 58 5
12 261 169
13 595 481
14 810 69
15 728 984
16 145 963
17 1000 784
18 6 180
19 844 858
20 711 684
21 97 928
22 858 630
23 983 43
24 16 424
25 322 800
26 649 749
27 722 895
28 249 843
29 567 344
30 794 506
31 350 759
32 874 908
33 5 635
34 896 184
35 536 317
36 704 521
37 748 529
38 402 899
39 690 118
40 670 447
41 340 412
42 595 58
43 754 839
44 114 120
45 742 5
46 345 976
47 451 951
48 107 864
49 26 985
50 480 684
51 692 923
52 31 612
53 372 278
54 428 29
55 811 193
56 644 60
57 915 819
58 117 249
59 696 162
60 102 931
61 131 583
62 546 420
63 410 974
64 869 935
65 883 836
66 887 583
67 542 487
68 289 470
69 721 951
70 147 163
71 897 596
72 416 596
73 936 120
74 450 9
75 324 859
76 935 916
77 587 433
78 815 532
79 546 248
80 303 434
81 837 714
82 702 692
83 622 7
84 164 256
85 789 991
DEMAND_SECTION
1 0
2 2
3 1
4 2
5 1
6 2
7 2
8 2
9 1
10 2
11 2
12 1
13 1
14 1
15 2
16 2
17 2
18 1
19 2
20 2
21 2
22 1
23 2
24 2
25 2
26 2
27 1
28 1
29 2
30 2
31 1
32 1
33 2
34 1
35 1
36 2
37 1
38 1
39 1
40 2
41 1
42 1
43 2
44 2
45 1
46 1
47 1
48 2
49 2
50 1
51 2
52 1
53 2
54 1
55 1
56 2
57 2
58 1
59 2
60 1
61 1
62 2
63 1
64 1
65 2
66 2
67 1
68 2
69 2
70 2
71 1
72 2
73 2
74 1
75 2
76 1
77 1
78 2
79 2
80 1
81 2
82 2
83 2
84 1
85 1
DEPOT_SECTION
 1
 -1
 EOF 