NAME: I25700-n97-k8
COMMENT : (Fake et al, No of trucks: 8, Optimal value: )
TYPE : CVRP
DIMENSION : 97
EDGE_WEIGHT_TYPE : EUC_2D
CAPACITY : 59
NODE_COORD_SECTION
1 353 901
2 487 743
3 421 130
4 697 282
5 924 361
6 937 647
7 484 275
8 972 914
9 245 819
10 298 622
11 947 592
12 345 455
13 739 714
14 245 293
15 483 861
16 518 250
17 792 759
18 1000 196
19 392 412
20 249 176
21 705 512
22 60 323
23 222 688
24 186 585
25 575 322
26 363 869
27 325 280
28 495 930
29 993 699
30 856 564
31 531 288
32 553 228
33 155 868
34 369 16
35 668 52
36 574 295
37 64 752
38 214 118
39 24 139
40 950 901
41 360 521
42 997 610
43 339 141
44 768 429
45 500 682
46 786 823
47 71 309
48 18 6
49 180 751
50 94 848
51 503 929
52 913 995
53 858 401
54 957 181
55 525 430
56 533 410
57 463 127
58 324 760
59 716 734
60 485 334
61 532 766
62 748 607
63 916 622
64 465 619
65 940 721
66 676 215
67 578 816
68 763 99
69 789 757
70 824 551
71 918 263
72 403 763
73 923 849
74 227 222
75 769 733
76 461 102
77 628 981
78 332 183
79 517 495
80 742 325
81 809 737
82 287 252
83 110 934
84 71 451
85 187 401
86 972 903
87 717 677
88 573 994
89 946 735
90 628 543
91 853 961
92 407 139
93 366 146
94 62 767
95 853 959
96 198 467
97 231 216
DEMAND_SECTION
1 0
2 7
3 5
4 4
5 2
6 2
7 6
8 2
9 4
10 2
11 5
12 3
13 5
14 5
15 8
16 5
17 4
18 3
19 5
20 7
21 4
22 5
23 5
24 8
25 2
26 2
27 8
28 2
29 2
30 4
31 6
32 3
33 2
34 5
35 1
36 3
37 6
38 8
39 3
40 7
41 2
42 7
43 1
44 4
45 4
46 3
47 4
48 5
49 1
50 8
51 3
52 8
53 7
54 6
55 3
56 5
57 6
58 2
59 2
60 1
61 1
62 1
63 6
64 6
65 7
66 7
67 6
68 6
69 3
70 5
71 7
72 5
73 1
74 5
75 5
76 2
77 3
78 7
79 4
80 6
81 3
82 2
83 2
84 4
85 1
86 6
87 4
88 3
89 4
90 8
91 1
92 1
93 2
94 6
95 5
96 4
97 4
DEPOT_SECTION
 1
 -1
 EOF 