NAME: I25763-n78-k9
COMMENT : (Fake et al, No of trucks: 9, Optimal value: )
TYPE : CVRP
DIMENSION : 78
EDGE_WEIGHT_TYPE : EUC_2D
CAPACITY : 28
NODE_COORD_SECTION
1 364 795
2 65 162
3 359 314
4 58 836
5 151 954
6 933 457
7 873 792
8 557 876
9 803 761
10 608 19
11 632 726
12 567 741
13 788 626
14 84 307
15 722 194
16 446 706
17 494 870
18 797 679
19 937 195
20 664 742
21 131 892
22 871 242
23 754 218
24 178 590
25 637 14
26 737 553
27 909 912
28 15 270
29 318 611
30 387 177
31 314 470
32 87 35
33 91 949
34 145 338
35 545 951
36 87 203
37 596 869
38 724 713
39 698 500
40 114 970
41 875 61
42 397 106
43 264 20
44 378 910
45 809 962
46 81 68
47 364 184
48 110 911
49 807 261
50 210 698
51 804 849
52 28 896
53 106 377
54 914 850
55 322 252
56 767 112
57 990 743
58 354 20
59 985 944
60 204 405
61 189 607
62 264 9
63 95 111
64 1 298
65 25 855
66 533 805
67 698 959
68 567 138
69 448 352
70 542 166
71 987 710
72 342 287
73 549 105
74 378 164
75 764 325
76 153 235
77 318 352
78 414 390
DEMAND_SECTION
1 0
2 3
3 1
4 2
5 1
6 4
7 2
8 2
9 4
10 1
11 3
12 1
13 4
14 4
15 4
16 4
17 1
18 3
19 1
20 1
21 3
22 2
23 2
24 3
25 1
26 2
27 2
28 2
29 4
30 4
31 3
32 2
33 1
34 2
35 4
36 1
37 3
38 3
39 4
40 4
41 3
42 3
43 4
44 3
45 1
46 4
47 1
48 2
49 4
50 4
51 2
52 2
53 3
54 4
55 2
56 2
57 1
58 3
59 4
60 4
61 4
62 4
63 4
64 3
65 1
66 4
67 4
68 3
69 1
70 2
71 3
72 1
73 4
74 1
75 4
76 2
77 2
78 2
DEPOT_SECTION
 1
 -1
 EOF 