NAME: I25886-n74-k10
COMMENT : (Fake et al, No of trucks: 10, Optimal value: )
TYPE : CVRP
DIMENSION : 74
EDGE_WEIGHT_TYPE : EUC_2D
CAPACITY : 26
NODE_COORD_SECTION
1 121 769
2 621 181
3 149 336
4 672 422
5 772 104
6 686 563
7 281 25
8 825 481
9 933 595
10 975 497
11 714 271
12 423 791
13 524 45
14 500 440
15 110 858
16 157 879
17 384 636
18 720 86
19 877 279
20 395 16
21 874 57
22 904 661
23 310 834
24 729 593
25 767 55
26 937 129
27 238 970
28 889 954
29 353 479
30 283 596
31 12 266
32 400 949
33 684 477
34 967 527
35 560 811
36 308 986
37 617 169
38 790 106
39 205 113
40 520 565
41 367 627
42 546 110
43 399 814
44 268 834
45 896 676
46 358 769
47 972 995
48 463 375
49 457 443
50 179 416
51 577 581
52 108 200
53 79 292
54 478 494
55 931 849
56 502 934
57 925 276
58 96 475
59 166 851
60 209 92
61 131 606
62 810 649
63 635 916
64 872 662
65 610 681
66 214 337
67 510 446
68 609 929
69 983 306
70 609 729
71 56 400
72 204 224
73 316 795
74 389 712
DEMAND_SECTION
1 0
2 5
3 4
4 4
5 2
6 4
7 1
8 5
9 1
10 4
11 3
12 3
13 2
14 4
15 5
16 3
17 4
18 4
19 4
20 4
21 3
22 2
23 2
24 3
25 2
26 4
27 2
28 1
29 2
30 5
31 4
32 2
33 5
34 4
35 3
36 4
37 2
38 3
39 4
40 5
41 5
42 3
43 5
44 3
45 4
46 4
47 1
48 3
49 4
50 1
51 5
52 1
53 1
54 3
55 3
56 3
57 2
58 5
59 5
60 1
61 4
62 2
63 5
64 5
65 2
66 3
67 1
68 4
69 5
70 3
71 4
72 2
73 2
74 5
DEPOT_SECTION
 1
 -1
 EOF 