NAME: I25876-n87-k10
COMMENT : (Fake et al, No of trucks: 10, Optimal value: )
TYPE : CVRP
DIMENSION : 87
EDGE_WEIGHT_TYPE : EUC_2D
CAPACITY : 18
NODE_COORD_SECTION
1 879 600
2 450 970
3 416 607
4 979 40
5 39 125
6 42 601
7 193 895
8 467 493
9 995 707
10 765 941
11 968 665
12 124 833
13 166 573
14 501 935
15 914 723
16 291 374
17 654 10
18 754 11
19 12 329
20 992 123
21 904 587
22 864 394
23 51 842
24 701 150
25 297 447
26 908 91
27 984 595
28 263 528
29 298 563
30 399 963
31 180 375
32 741 497
33 34 591
34 81 447
35 1 343
36 850 774
37 780 421
38 416 360
39 983 102
40 580 904
41 481 679
42 228 751
43 818 209
44 52 190
45 735 393
46 914 373
47 721 92
48 504 821
49 384 357
50 164 30
51 665 185
52 77 681
53 281 871
54 753 422
55 536 181
56 462 903
57 766 48
58 543 291
59 378 656
60 947 332
61 597 245
62 707 355
63 683 203
64 634 39
65 279 291
66 324 353
67 177 108
68 924 70
69 459 145
70 89 340
71 381 44
72 693 984
73 403 563
74 149 799
75 512 120
76 790 11
77 152 50
78 920 743
79 508 233
80 757 188
81 418 90
82 23 874
83 240 939
84 955 86
85 274 828
86 287 688
87 104 245
DEMAND_SECTION
1 0
2 2
3 3
4 1
5 2
6 2
7 2
8 1
9 1
10 3
11 1
12 3
13 3
14 2
15 2
16 3
17 3
18 2
19 2
20 3
21 2
22 1
23 1
24 3
25 3
26 3
27 3
28 2
29 3
30 1
31 1
32 1
33 1
34 3
35 2
36 3
37 2
38 2
39 1
40 2
41 1
42 1
43 3
44 2
45 2
46 2
47 2
48 2
49 2
50 1
51 3
52 1
53 3
54 1
55 2
56 2
57 2
58 2
59 3
60 1
61 1
62 2
63 2
64 3
65 2
66 2
67 1
68 1
69 1
70 2
71 3
72 2
73 2
74 2
75 3
76 2
77 2
78 1
79 1
80 1
81 2
82 3
83 2
84 1
85 2
86 1
87 1
DEPOT_SECTION
 1
 -1
 EOF 