NAME: I25829-n84-k6
COMMENT : (Fake et al, No of trucks: 6, Optimal value: )
TYPE : CVRP
DIMENSION : 84
EDGE_WEIGHT_TYPE : EUC_2D
CAPACITY : 63
NODE_COORD_SECTION
1 757 21
2 195 589
3 420 238
4 579 242
5 496 902
6 430 434
7 153 270
8 80 796
9 820 543
10 608 805
11 439 778
12 213 990
13 930 549
14 979 360
15 673 820
16 583 998
17 767 376
18 543 657
19 219 354
20 759 636
21 27 908
22 864 537
23 987 483
24 69 671
25 696 464
26 582 60
27 322 837
28 15 447
29 7 65
30 810 261
31 952 367
32 330 41
33 347 136
34 938 808
35 456 151
36 466 484
37 649 541
38 828 890
39 210 363
40 238 645
41 146 944
42 688 594
43 213 377
44 170 789
45 855 598
46 254 315
47 704 578
48 416 564
49 111 186
50 585 542
51 201 401
52 43 668
53 894 718
54 787 101
55 164 797
56 916 135
57 620 871
58 678 863
59 850 242
60 672 283
61 643 192
62 65 501
63 655 355
64 615 205
65 637 821
66 505 869
67 558 743
68 380 679
69 179 328
70 393 171
71 42 324
72 221 771
73 502 301
74 15 756
75 642 765
76 942 452
77 160 952
78 8 508
79 763 148
80 348 33
81 912 476
82 321 239
83 55 364
84 855 683
DEMAND_SECTION
1 0
2 6
3 2
4 4
5 2
6 1
7 1
8 5
9 5
10 1
11 1
12 7
13 2
14 4
15 7
16 5
17 4
18 4
19 7
20 8
21 3
22 2
23 7
24 4
25 1
26 1
27 2
28 7
29 4
30 5
31 4
32 4
33 3
34 1
35 6
36 3
37 3
38 6
39 1
40 2
41 4
42 3
43 6
44 7
45 4
46 5
47 2
48 4
49 4
50 8
51 7
52 8
53 3
54 2
55 2
56 7
57 7
58 8
59 8
60 5
61 1
62 1
63 6
64 1
65 8
66 7
67 8
68 8
69 5
70 3
71 2
72 1
73 2
74 5
75 4
76 7
77 5
78 3
79 4
80 4
81 1
82 1
83 6
84 6
DEPOT_SECTION
 1
 -1
 EOF 