NAME: I26017-n88-k10
COMMENT : (Fake et al, No of trucks: 10, Optimal value: )
TYPE : CVRP
DIMENSION : 88
EDGE_WEIGHT_TYPE : EUC_2D
CAPACITY : 33
NODE_COORD_SECTION
1 951 423
2 526 437
3 294 489
4 810 711
5 349 776
6 168 191
7 718 506
8 171 739
9 645 345
10 968 879
11 621 385
12 407 35
13 490 452
14 945 171
15 504 826
16 817 991
17 694 348
18 685 443
19 786 718
20 432 721
21 217 400
22 521 628
23 246 377
24 762 516
25 585 69
26 960 21
27 623 28
28 364 283
29 500 322
30 450 990
31 525 986
32 928 536
33 679 471
34 606 876
35 264 567
36 200 456
37 903 546
38 303 219
39 795 589
40 672 145
41 855 427
42 505 453
43 525 14
44 68 341
45 627 442
46 300 271
47 973 489
48 631 699
49 329 685
50 735 118
51 344 561
52 987 788
53 201 614
54 377 290
55 833 249
56 74 497
57 205 398
58 49 297
59 409 458
60 341 647
61 761 833
62 413 611
63 537 449
64 850 830
65 521 426
66 934 148
67 596 736
68 704 52
69 679 237
70 40 342
71 848 835
72 487 836
73 323 962
74 146 245
75 576 890
76 893 441
77 844 845
78 813 350
79 274 995
80 821 151
81 412 500
82 267 773
83 833 145
84 23 725
85 901 565
86 725 768
87 17 216
88 775 835
DEMAND_SECTION
1 0
2 4
3 3
4 1
5 2
6 3
7 3
8 2
9 3
10 1
11 3
12 1
13 6
14 5
15 6
16 5
17 2
18 2
19 1
20 5
21 6
22 2
23 3
24 3
25 2
26 3
27 5
28 2
29 1
30 3
31 3
32 6
33 4
34 6
35 3
36 6
37 3
38 5
39 6
40 2
41 5
42 3
43 4
44 5
45 5
46 4
47 4
48 1
49 2
50 6
51 3
52 2
53 1
54 3
55 6
56 4
57 4
58 5
59 6
60 3
61 3
62 3
63 5
64 5
65 4
66 1
67 1
68 4
69 1
70 4
71 4
72 4
73 3
74 1
75 3
76 1
77 4
78 3
79 4
80 3
81 2
82 3
83 2
84 1
85 2
86 3
87 2
88 3
DEPOT_SECTION
 1
 -1
 EOF 