NAME: I26075-n79-k9
COMMENT : (Fake et al, No of trucks: 9, Optimal value: )
TYPE : CVRP
DIMENSION : 79
EDGE_WEIGHT_TYPE : EUC_2D
CAPACITY : 36
NODE_COORD_SECTION
1 992 152
2 195 223
3 181 244
4 179 102
5 106 986
6 37 758
7 656 418
8 6 171
9 639 834
10 891 535
11 936 913
12 910 546
13 589 333
14 935 6
15 162 925
16 23 885
17 61 338
18 916 10
19 935 322
20 430 156
21 767 968
22 321 623
23 216 350
24 221 602
25 319 355
26 726 937
27 478 744
28 183 964
29 414 860
30 639 204
31 327 259
32 106 720
33 711 720
34 248 742
35 306 401
36 370 608
37 405 459
38 984 941
39 903 47
40 978 815
41 896 626
42 461 166
43 963 477
44 652 722
45 802 426
46 864 346
47 272 117
48 667 152
49 15 373
50 294 594
51 777 73
52 198 465
53 469 775
54 758 415
55 733 221
56 808 629
57 110 4
58 564 884
59 452 385
60 378 924
61 156 414
62 155 968
63 608 427
64 902 184
65 64 179
66 885 698
67 157 538
68 751 937
69 610 975
70 769 83
71 370 487
72 25 955
73 60 972
74 867 289
75 757 544
76 480 263
77 981 572
78 558 440
79 606 83
DEMAND_SECTION
1 0
2 3
3 4
4 3
5 5
6 3
7 2
8 5
9 5
10 3
11 6
12 3
13 1
14 6
15 3
16 5
17 5
18 4
19 4
20 2
21 1
22 4
23 1
24 4
25 6
26 3
27 6
28 2
29 4
30 3
31 6
32 5
33 6
34 3
35 1
36 3
37 3
38 2
39 5
40 1
41 5
42 5
43 6
44 4
45 1
46 5
47 4
48 3
49 3
50 4
51 1
52 5
53 6
54 3
55 1
56 2
57 2
58 5
59 6
60 4
61 4
62 1
63 4
64 6
65 6
66 3
67 3
68 3
69 6
70 5
71 2
72 5
73 5
74 6
75 1
76 6
77 2
78 1
79 6
DEPOT_SECTION
 1
 -1
 EOF 