NAME: I2619-n32-k6
COMMENT : (Fake et al, No of trucks: 6, Optimal value: )
TYPE : CVRP
DIMENSION : 32
EDGE_WEIGHT_TYPE : EUC_2D
CAPACITY : 11
NODE_COORD_SECTION
1 826 925
2 368 900
3 5 432
4 566 837
5 439 901
6 940 194
7 353 762
8 547 102
9 961 811
10 933 504
11 757 1000
12 39 216
13 455 343
14 269 422
15 136 205
16 120 840
17 403 558
18 47 623
19 961 364
20 421 606
21 619 617
22 959 982
23 730 471
24 275 8
25 54 165
26 473 503
27 904 784
28 711 877
29 359 843
30 216 501
31 668 106
32 374 316
DEMAND_SECTION
1 0
2 3
3 1
4 3
5 2
6 1
7 3
8 2
9 3
10 3
11 1
12 2
13 2
14 2
15 2
16 2
17 1
18 1
19 2
20 2
21 1
22 1
23 3
24 1
25 1
26 3
27 2
28 2
29 1
30 2
31 3
32 2
DEPOT_SECTION
 1
 -1
 EOF 