NAME: I26101-n99-k8
COMMENT : (Fake et al, No of trucks: 8, Optimal value: )
TYPE : CVRP
DIMENSION : 99
EDGE_WEIGHT_TYPE : EUC_2D
CAPACITY : 73
NODE_COORD_SECTION
1 451 969
2 842 201
3 360 747
4 547 272
5 852 658
6 29 149
7 626 138
8 56 510
9 739 876
10 173 63
11 387 513
12 604 641
13 64 716
14 890 281
15 811 417
16 872 247
17 791 254
18 407 472
19 983 579
20 254 614
21 717 728
22 582 212
23 848 212
24 99 376
25 168 292
26 614 986
27 547 913
28 512 146
29 617 331
30 152 561
31 802 74
32 205 517
33 309 797
34 419 394
35 217 931
36 235 838
37 514 360
38 949 974
39 369 745
40 342 907
41 586 781
42 300 430
43 314 747
44 946 142
45 508 947
46 990 630
47 670 998
48 107 507
49 656 609
50 909 735
51 809 458
52 704 896
53 780 218
54 962 947
55 982 519
56 764 415
57 591 542
58 15 369
59 290 245
60 591 84
61 554 384
62 164 512
63 948 552
64 113 295
65 224 273
66 56 392
67 508 66
68 372 890
69 898 851
70 517 826
71 402 687
72 527 704
73 831 642
74 941 277
75 286 72
76 78 581
77 682 347
78 436 380
79 642 95
80 85 250
81 252 374
82 683 622
83 343 412
84 64 467
85 216 742
86 966 680
87 14 878
88 271 177
89 577 19
90 560 241
91 102 262
92 254 614
93 547 217
94 57 313
95 947 205
96 144 516
97 370 146
98 454 37
99 963 300
DEMAND_SECTION
1 0
2 1
3 6
4 2
5 10
6 5
7 7
8 5
9 5
10 9
11 9
12 1
13 7
14 3
15 2
16 6
17 3
18 1
19 10
20 7
21 7
22 3
23 4
24 3
25 10
26 9
27 3
28 1
29 7
30 6
31 10
32 9
33 3
34 7
35 4
36 9
37 1
38 2
39 4
40 6
41 8
42 7
43 6
44 5
45 10
46 8
47 4
48 8
49 7
50 7
51 10
52 3
53 7
54 5
55 7
56 4
57 5
58 1
59 5
60 3
61 3
62 8
63 1
64 7
65 4
66 7
67 1
68 4
69 10
70 1
71 1
72 8
73 2
74 9
75 1
76 1
77 1
78 7
79 4
80 10
81 8
82 3
83 1
84 4
85 1
86 5
87 8
88 2
89 10
90 8
91 2
92 6
93 10
94 9
95 1
96 9
97 5
98 10
99 9
DEPOT_SECTION
 1
 -1
 EOF 