NAME: I26193-n93-k8
COMMENT : (Fake et al, No of trucks: 8, Optimal value: )
TYPE : CVRP
DIMENSION : 93
EDGE_WEIGHT_TYPE : EUC_2D
CAPACITY : 13
NODE_COORD_SECTION
1 255 979
2 556 845
3 160 430
4 847 131
5 650 335
6 306 397
7 731 254
8 290 166
9 790 757
10 680 769
11 865 602
12 383 832
13 757 869
14 330 451
15 777 970
16 44 688
17 608 73
18 658 326
19 532 251
20 291 602
21 450 303
22 273 691
23 617 540
24 379 165
25 835 792
26 741 436
27 863 925
28 219 116
29 240 95
30 903 422
31 152 379
32 724 845
33 747 198
34 317 366
35 881 986
36 332 345
37 973 431
38 988 648
39 553 957
40 339 553
41 112 361
42 209 159
43 511 65
44 47 220
45 709 424
46 427 483
47 733 468
48 172 176
49 130 108
50 236 678
51 240 539
52 744 996
53 469 136
54 175 228
55 280 661
56 42 814
57 273 138
58 913 97
59 946 997
60 891 125
61 584 735
62 344 958
63 944 292
64 105 575
65 940 550
66 221 643
67 580 618
68 971 647
69 816 695
70 858 607
71 218 849
72 364 942
73 83 328
74 8 419
75 794 611
76 344 637
77 850 244
78 519 416
79 268 563
80 485 326
81 828 894
82 106 915
83 616 563
84 704 187
85 863 516
86 677 224
87 990 14
88 365 908
89 973 542
90 293 206
91 318 182
92 618 474
93 861 450
DEMAND_SECTION
1 0
2 1
3 1
4 1
5 1
6 1
7 1
8 1
9 1
10 1
11 1
12 1
13 1
14 1
15 1
16 1
17 1
18 1
19 1
20 1
21 1
22 1
23 1
24 1
25 1
26 1
27 1
28 1
29 1
30 1
31 1
32 1
33 1
34 1
35 1
36 1
37 1
38 1
39 1
40 1
41 1
42 1
43 1
44 1
45 1
46 1
47 1
48 1
49 1
50 1
51 1
52 1
53 1
54 1
55 1
56 1
57 1
58 1
59 1
60 1
61 1
62 1
63 1
64 1
65 1
66 1
67 1
68 1
69 1
70 1
71 1
72 1
73 1
74 1
75 1
76 1
77 1
78 1
79 1
80 1
81 1
82 1
83 1
84 1
85 1
86 1
87 1
88 1
89 1
90 1
91 1
92 1
93 1
DEPOT_SECTION
 1
 -1
 EOF 