NAME: I26268-n88-k7
COMMENT : (Fake et al, No of trucks: 7, Optimal value: )
TYPE : CVRP
DIMENSION : 88
EDGE_WEIGHT_TYPE : EUC_2D
CAPACITY : 82
NODE_COORD_SECTION
1 595 486
2 35 89
3 936 969
4 14 569
5 991 104
6 216 771
7 91 446
8 992 764
9 382 607
10 773 247
11 940 666
12 94 720
13 528 411
14 295 7
15 653 164
16 951 202
17 373 715
18 264 8
19 428 865
20 519 713
21 657 514
22 339 241
23 975 764
24 182 690
25 732 269
26 336 944
27 302 506
28 851 639
29 636 359
30 521 902
31 496 811
32 580 98
33 828 610
34 603 80
35 267 194
36 357 198
37 10 592
38 69 751
39 560 60
40 780 846
41 18 837
42 305 371
43 162 284
44 819 257
45 77 970
46 736 978
47 359 965
48 721 960
49 147 247
50 978 236
51 894 671
52 444 771
53 900 238
54 754 680
55 923 306
56 335 690
57 68 151
58 236 883
59 655 114
60 15 202
61 464 759
62 758 909
63 913 806
64 705 749
65 282 180
66 83 950
67 44 290
68 65 839
69 991 984
70 553 678
71 383 416
72 757 642
73 23 770
74 333 729
75 60 812
76 215 301
77 649 361
78 174 163
79 323 391
80 893 877
81 11 20
82 524 965
83 396 550
84 732 899
85 530 650
86 339 251
87 68 725
88 436 484
DEMAND_SECTION
1 0
2 4
3 6
4 5
5 7
6 6
7 2
8 7
9 3
10 6
11 2
12 7
13 2
14 8
15 4
16 10
17 8
18 2
19 10
20 11
21 11
22 6
23 9
24 11
25 3
26 11
27 2
28 11
29 1
30 6
31 2
32 8
33 1
34 1
35 4
36 9
37 9
38 2
39 1
40 9
41 6
42 3
43 9
44 6
45 2
46 11
47 1
48 7
49 6
50 7
51 8
52 10
53 6
54 2
55 2
56 9
57 7
58 11
59 5
60 9
61 3
62 8
63 3
64 6
65 10
66 4
67 8
68 2
69 2
70 8
71 9
72 7
73 5
74 9
75 7
76 2
77 10
78 3
79 11
80 7
81 1
82 1
83 8
84 2
85 7
86 1
87 8
88 2
DEPOT_SECTION
 1
 -1
 EOF 