NAME: I26243-n85-k7
COMMENT : (Fake et al, No of trucks: 7, Optimal value: )
TYPE : CVRP
DIMENSION : 85
EDGE_WEIGHT_TYPE : EUC_2D
CAPACITY : 55
NODE_COORD_SECTION
1 45 475
2 520 737
3 631 406
4 710 572
5 171 858
6 485 623
7 298 358
8 478 554
9 126 460
10 996 352
11 139 544
12 626 127
13 904 81
14 864 799
15 471 772
16 718 242
17 787 612
18 686 34
19 863 357
20 788 63
21 359 211
22 403 881
23 110 36
24 713 690
25 548 843
26 650 869
27 641 361
28 108 566
29 700 30
30 378 78
31 687 816
32 594 290
33 775 453
34 86 859
35 67 976
36 708 405
37 878 66
38 621 577
39 730 287
40 555 286
41 91 504
42 852 118
43 407 191
44 997 165
45 885 579
46 779 459
47 908 814
48 828 637
49 806 114
50 98 996
51 955 448
52 297 625
53 652 867
54 770 184
55 135 326
56 124 981
57 540 143
58 743 102
59 423 667
60 396 356
61 985 65
62 818 169
63 916 987
64 90 502
65 426 590
66 874 613
67 322 110
68 176 488
69 630 461
70 487 65
71 709 980
72 179 423
73 455 631
74 906 866
75 251 926
76 9 450
77 159 138
78 696 179
79 236 798
80 280 833
81 409 402
82 263 893
83 341 150
84 851 496
85 814 634
DEMAND_SECTION
1 0
2 6
3 4
4 5
5 5
6 1
7 5
8 4
9 5
10 4
11 2
12 4
13 3
14 2
15 4
16 6
17 1
18 4
19 2
20 5
21 4
22 4
23 5
24 2
25 4
26 3
27 6
28 1
29 5
30 1
31 5
32 4
33 6
34 1
35 2
36 3
37 5
38 6
39 3
40 4
41 3
42 2
43 5
44 6
45 3
46 3
47 4
48 2
49 6
50 6
51 3
52 2
53 4
54 1
55 4
56 3
57 4
58 4
59 4
60 3
61 6
62 1
63 2
64 5
65 3
66 4
67 4
68 3
69 6
70 1
71 2
72 2
73 5
74 3
75 6
76 5
77 4
78 2
79 5
80 6
81 6
82 5
83 4
84 4
85 4
DEPOT_SECTION
 1
 -1
 EOF 