NAME: I26232-n89-k7
COMMENT : (Fake et al, No of trucks: 7, Optimal value: )
TYPE : CVRP
DIMENSION : 89
EDGE_WEIGHT_TYPE : EUC_2D
CAPACITY : 49
NODE_COORD_SECTION
1 110 398
2 382 499
3 162 714
4 137 391
5 835 151
6 601 171
7 877 973
8 122 630
9 764 121
10 446 475
11 261 308
12 401 807
13 20 890
14 240 864
15 414 972
16 33 39
17 15 481
18 826 723
19 692 639
20 365 824
21 557 124
22 472 622
23 993 590
24 542 962
25 824 471
26 997 579
27 927 478
28 573 342
29 623 928
30 126 1
31 6 848
32 76 714
33 81 333
34 93 586
35 545 184
36 329 170
37 624 958
38 520 39
39 840 717
40 247 466
41 282 270
42 348 464
43 348 166
44 640 60
45 26 934
46 249 743
47 60 296
48 783 608
49 509 56
50 400 673
51 630 135
52 569 314
53 150 49
54 916 866
55 131 755
56 624 490
57 919 382
58 61 633
59 923 492
60 635 458
61 461 86
62 193 353
63 499 472
64 12 124
65 859 906
66 433 285
67 971 304
68 589 792
69 548 533
70 215 782
71 242 890
72 147 526
73 569 815
74 715 668
75 412 482
76 161 237
77 831 385
78 846 595
79 378 887
80 92 355
81 434 702
82 136 161
83 798 660
84 940 42
85 549 683
86 252 910
87 687 229
88 845 541
89 232 801
DEMAND_SECTION
1 0
2 4
3 1
4 3
5 4
6 5
7 4
8 3
9 6
10 6
11 3
12 3
13 5
14 1
15 5
16 3
17 1
18 2
19 1
20 3
21 4
22 1
23 4
24 4
25 2
26 6
27 3
28 4
29 5
30 6
31 5
32 1
33 5
34 5
35 5
36 5
37 3
38 4
39 1
40 5
41 1
42 5
43 4
44 5
45 1
46 6
47 6
48 4
49 6
50 4
51 4
52 5
53 2
54 1
55 4
56 1
57 6
58 2
59 4
60 2
61 3
62 3
63 3
64 3
65 2
66 2
67 6
68 2
69 4
70 6
71 4
72 4
73 6
74 4
75 1
76 1
77 3
78 1
79 4
80 5
81 3
82 4
83 5
84 3
85 4
86 4
87 1
88 3
89 1
DEPOT_SECTION
 1
 -1
 EOF 