NAME: I26292-n85-k6
COMMENT : (Fake et al, No of trucks: 6, Optimal value: )
TYPE : CVRP
DIMENSION : 85
EDGE_WEIGHT_TYPE : EUC_2D
CAPACITY : 54
NODE_COORD_SECTION
1 939 721
2 908 165
3 431 723
4 435 384
5 349 453
6 172 501
7 703 182
8 899 280
9 678 473
10 944 981
11 324 796
12 112 844
13 480 47
14 644 892
15 457 643
16 513 758
17 693 608
18 112 140
19 555 689
20 666 358
21 681 447
22 486 314
23 686 616
24 640 666
25 587 154
26 918 144
27 264 653
28 273 663
29 871 605
30 575 847
31 234 581
32 131 352
33 685 238
34 78 284
35 184 782
36 197 511
37 217 327
38 619 514
39 83 735
40 91 872
41 377 206
42 298 493
43 964 301
44 477 589
45 584 583
46 617 151
47 873 556
48 338 372
49 376 639
50 626 413
51 161 705
52 588 545
53 421 83
54 215 58
55 612 536
56 366 399
57 193 393
58 965 504
59 136 175
60 681 571
61 523 406
62 207 202
63 640 735
64 885 410
65 545 741
66 968 250
67 841 256
68 251 84
69 45 737
70 790 580
71 602 589
72 765 114
73 880 821
74 174 378
75 707 859
76 878 763
77 520 494
78 444 187
79 488 897
80 291 546
81 445 699
82 348 798
83 173 382
84 204 369
85 588 929
DEMAND_SECTION
1 0
2 2
3 6
4 2
5 4
6 3
7 5
8 5
9 2
10 2
11 3
12 1
13 6
14 3
15 1
16 1
17 2
18 1
19 4
20 4
21 6
22 2
23 5
24 3
25 2
26 6
27 3
28 1
29 4
30 2
31 6
32 2
33 5
34 5
35 2
36 3
37 3
38 2
39 2
40 3
41 4
42 6
43 3
44 1
45 5
46 1
47 4
48 5
49 2
50 5
51 2
52 1
53 3
54 5
55 5
56 5
57 5
58 1
59 5
60 2
61 5
62 6
63 6
64 6
65 3
66 3
67 4
68 1
69 4
70 3
71 6
72 1
73 1
74 5
75 6
76 1
77 1
78 5
79 1
80 1
81 3
82 4
83 4
84 3
85 4
DEPOT_SECTION
 1
 -1
 EOF 