NAME: I2632-n50-k4
COMMENT : (Fake et al, No of trucks: 4, Optimal value: )
TYPE : CVRP
DIMENSION : 50
EDGE_WEIGHT_TYPE : EUC_2D
CAPACITY : 57
NODE_COORD_SECTION
1 629 933
2 810 73
3 239 797
4 68 58
5 856 226
6 381 224
7 325 624
8 384 385
9 922 428
10 871 426
11 131 387
12 741 566
13 774 275
14 854 873
15 530 842
16 622 594
17 718 297
18 905 53
19 12 569
20 513 695
21 408 754
22 377 334
23 390 215
24 220 111
25 165 555
26 616 661
27 103 751
28 646 849
29 472 877
30 475 665
31 744 276
32 759 602
33 296 787
34 136 543
35 550 949
36 301 889
37 932 529
38 156 213
39 511 600
40 712 376
41 304 971
42 395 751
43 542 524
44 164 278
45 995 505
46 188 217
47 66 145
48 212 86
49 348 810
50 721 496
DEMAND_SECTION
1 0
2 7
3 6
4 5
5 3
6 5
7 4
8 4
9 8
10 2
11 5
12 6
13 1
14 7
15 7
16 3
17 1
18 6
19 3
20 1
21 4
22 1
23 3
24 8
25 1
26 3
27 1
28 7
29 1
30 5
31 7
32 2
33 4
34 2
35 8
36 5
37 3
38 3
39 6
40 3
41 4
42 4
43 1
44 3
45 3
46 6
47 2
48 2
49 6
50 3
DEPOT_SECTION
 1
 -1
 EOF 