NAME: I26326-n78-k6
COMMENT : (Fake et al, No of trucks: 6, Optimal value: )
TYPE : CVRP
DIMENSION : 78
EDGE_WEIGHT_TYPE : EUC_2D
CAPACITY : 86
NODE_COORD_SECTION
1 259 625
2 275 200
3 446 335
4 55 504
5 289 431
6 749 970
7 951 231
8 292 797
9 276 46
10 420 250
11 942 759
12 811 335
13 754 814
14 908 688
15 445 402
16 832 480
17 89 527
18 493 411
19 488 843
20 62 75
21 983 644
22 956 446
23 858 257
24 352 263
25 608 804
26 839 458
27 437 555
28 137 65
29 168 504
30 605 331
31 263 439
32 889 197
33 986 543
34 932 664
35 781 885
36 662 87
37 294 878
38 646 932
39 64 65
40 754 3
41 176 737
42 233 350
43 45 347
44 432 278
45 339 38
46 50 781
47 235 63
48 186 579
49 844 660
50 912 861
51 458 743
52 566 71
53 79 611
54 599 307
55 125 243
56 966 884
57 125 818
58 87 684
59 296 701
60 805 666
61 915 668
62 603 760
63 595 956
64 689 245
65 112 981
66 585 855
67 345 264
68 741 293
69 643 520
70 647 884
71 790 511
72 301 626
73 534 846
74 526 377
75 310 706
76 508 441
77 724 512
78 857 734
DEMAND_SECTION
1 0
2 8
3 9
4 3
5 9
6 5
7 6
8 3
9 5
10 2
11 6
12 4
13 4
14 5
15 8
16 4
17 6
18 7
19 3
20 3
21 2
22 9
23 11
24 8
25 9
26 6
27 3
28 5
29 4
30 1
31 7
32 5
33 3
34 7
35 5
36 10
37 10
38 8
39 9
40 10
41 8
42 9
43 11
44 2
45 11
46 9
47 4
48 4
49 6
50 10
51 8
52 5
53 11
54 11
55 2
56 5
57 11
58 7
59 1
60 10
61 8
62 6
63 2
64 3
65 2
66 7
67 3
68 9
69 1
70 6
71 6
72 11
73 8
74 4
75 1
76 4
77 7
78 8
DEPOT_SECTION
 1
 -1
 EOF 