NAME: I26362-n93-k10
COMMENT : (Fake et al, No of trucks: 10, Optimal value: )
TYPE : CVRP
DIMENSION : 93
EDGE_WEIGHT_TYPE : EUC_2D
CAPACITY : 43
NODE_COORD_SECTION
1 668 225
2 638 848
3 649 67
4 510 706
5 903 79
6 478 416
7 490 883
8 182 387
9 398 525
10 223 474
11 442 553
12 153 429
13 43 841
14 870 327
15 728 910
16 748 19
17 371 318
18 484 173
19 917 146
20 276 415
21 66 51
22 837 166
23 960 275
24 246 920
25 0 540
26 375 532
27 548 144
28 750 456
29 58 385
30 58 944
31 288 611
32 970 839
33 258 298
34 747 960
35 29 592
36 231 880
37 278 222
38 888 35
39 318 617
40 938 808
41 767 136
42 899 526
43 605 330
44 219 313
45 213 992
46 770 257
47 343 247
48 629 494
49 524 78
50 494 372
51 242 805
52 793 901
53 164 167
54 39 605
55 782 774
56 283 42
57 714 488
58 414 789
59 274 299
60 9 481
61 341 610
62 314 367
63 727 71
64 589 606
65 769 196
66 402 592
67 466 22
68 694 556
69 691 18
70 112 216
71 366 271
72 604 767
73 74 331
74 516 405
75 432 408
76 202 447
77 571 38
78 865 54
79 253 252
80 784 778
81 436 437
82 946 691
83 853 311
84 395 137
85 731 366
86 256 468
87 299 686
88 372 141
89 136 607
90 918 640
91 934 842
92 657 157
93 135 849
DEMAND_SECTION
1 0
2 4
3 4
4 4
5 6
6 7
7 4
8 6
9 1
10 3
11 4
12 6
13 4
14 3
15 1
16 4
17 3
18 1
19 5
20 7
21 3
22 3
23 2
24 5
25 3
26 3
27 6
28 7
29 4
30 7
31 6
32 1
33 3
34 1
35 2
36 4
37 1
38 7
39 1
40 2
41 4
42 3
43 4
44 2
45 5
46 6
47 1
48 2
49 6
50 3
51 6
52 7
53 3
54 4
55 2
56 2
57 4
58 5
59 5
60 6
61 6
62 1
63 1
64 4
65 6
66 1
67 4
68 2
69 6
70 7
71 2
72 6
73 7
74 4
75 4
76 7
77 3
78 7
79 2
80 1
81 1
82 3
83 6
84 4
85 4
86 5
87 7
88 1
89 3
90 5
91 3
92 5
93 5
DEPOT_SECTION
 1
 -1
 EOF 