NAME: I26369-n93-k7
COMMENT : (Fake et al, No of trucks: 7, Optimal value: )
TYPE : CVRP
DIMENSION : 93
EDGE_WEIGHT_TYPE : EUC_2D
CAPACITY : 61
NODE_COORD_SECTION
1 869 776
2 773 145
3 968 802
4 889 887
5 225 600
6 723 171
7 576 789
8 988 136
9 826 130
10 51 662
11 870 99
12 429 271
13 255 364
14 865 764
15 235 403
16 965 717
17 958 601
18 492 501
19 631 589
20 388 79
21 123 530
22 129 270
23 909 722
24 83 399
25 722 631
26 12 372
27 935 461
28 605 422
29 935 828
30 389 749
31 260 382
32 496 731
33 917 309
34 518 903
35 547 278
36 821 586
37 177 584
38 75 762
39 609 1
40 980 490
41 304 297
42 627 605
43 656 6
44 484 969
45 810 452
46 47 109
47 565 77
48 512 320
49 990 776
50 223 678
51 296 451
52 323 632
53 113 733
54 923 485
55 996 566
56 72 101
57 871 402
58 693 236
59 500 33
60 310 336
61 103 405
62 588 890
63 960 707
64 642 310
65 710 167
66 965 566
67 890 83
68 189 295
69 774 991
70 666 588
71 903 236
72 37 819
73 817 4
74 917 903
75 857 987
76 257 348
77 391 754
78 625 576
79 618 69
80 511 703
81 987 426
82 906 549
83 575 651
84 327 562
85 536 328
86 380 253
87 362 940
88 728 56
89 478 950
90 175 188
91 699 722
92 737 285
93 339 815
DEMAND_SECTION
1 0
2 2
3 2
4 6
5 2
6 1
7 2
8 7
9 4
10 6
11 5
12 5
13 5
14 1
15 4
16 2
17 1
18 6
19 7
20 7
21 2
22 4
23 2
24 6
25 5
26 1
27 7
28 3
29 1
30 2
31 4
32 1
33 7
34 7
35 6
36 6
37 3
38 3
39 4
40 7
41 6
42 4
43 5
44 2
45 2
46 4
47 4
48 2
49 6
50 4
51 6
52 1
53 6
54 5
55 6
56 4
57 4
58 4
59 4
60 4
61 6
62 5
63 5
64 1
65 4
66 7
67 3
68 4
69 4
70 5
71 7
72 7
73 4
74 7
75 1
76 3
77 5
78 1
79 6
80 3
81 3
82 7
83 4
84 6
85 4
86 3
87 6
88 2
89 4
90 4
91 5
92 1
93 4
DEPOT_SECTION
 1
 -1
 EOF 