NAME: I26484-n81-k7
COMMENT : (Fake et al, No of trucks: 7, Optimal value: )
TYPE : CVRP
DIMENSION : 81
EDGE_WEIGHT_TYPE : EUC_2D
CAPACITY : 30
NODE_COORD_SECTION
1 963 543
2 991 13
3 18 25
4 664 548
5 238 619
6 296 215
7 441 972
8 84 429
9 692 861
10 969 137
11 788 898
12 498 535
13 552 856
14 3 307
15 40 551
16 844 72
17 769 911
18 525 367
19 432 385
20 148 625
21 966 50
22 961 922
23 236 470
24 903 31
25 545 240
26 810 237
27 631 679
28 293 520
29 903 871
30 947 959
31 557 351
32 994 631
33 235 75
34 913 230
35 558 824
36 601 616
37 629 333
38 180 207
39 720 246
40 790 998
41 356 363
42 91 498
43 10 193
44 814 15
45 610 618
46 202 646
47 427 406
48 202 437
49 441 453
50 112 866
51 787 221
52 777 487
53 937 283
54 429 347
55 324 768
56 738 588
57 635 388
58 709 786
59 155 233
60 387 831
61 547 702
62 874 127
63 975 238
64 460 818
65 837 403
66 774 740
67 105 879
68 450 76
69 25 410
70 994 74
71 301 916
72 820 343
73 976 485
74 988 618
75 907 922
76 697 719
77 117 208
78 84 802
79 484 762
80 919 234
81 770 6
DEMAND_SECTION
1 0
2 2
3 3
4 3
5 3
6 3
7 3
8 3
9 1
10 3
11 2
12 3
13 2
14 3
15 2
16 3
17 1
18 3
19 2
20 1
21 3
22 3
23 1
24 3
25 2
26 3
27 2
28 3
29 3
30 1
31 3
32 1
33 3
34 1
35 1
36 3
37 1
38 3
39 1
40 1
41 1
42 2
43 3
44 2
45 2
46 1
47 3
48 3
49 1
50 1
51 1
52 3
53 3
54 3
55 1
56 2
57 1
58 2
59 2
60 2
61 1
62 1
63 3
64 1
65 3
66 3
67 1
68 1
69 2
70 2
71 3
72 2
73 1
74 3
75 1
76 3
77 3
78 3
79 3
80 2
81 1
DEPOT_SECTION
 1
 -1
 EOF 