NAME: I26405-n73-k10
COMMENT : (Fake et al, No of trucks: 10, Optimal value: )
TYPE : CVRP
DIMENSION : 73
EDGE_WEIGHT_TYPE : EUC_2D
CAPACITY : 20
NODE_COORD_SECTION
1 64 685
2 823 688
3 360 900
4 645 257
5 428 58
6 532 899
7 316 478
8 540 308
9 987 121
10 772 971
11 689 637
12 969 437
13 228 909
14 981 862
15 491 370
16 458 835
17 144 587
18 320 640
19 690 565
20 526 711
21 160 838
22 980 889
23 33 424
24 878 20
25 169 222
26 171 134
27 871 827
28 186 330
29 763 274
30 321 904
31 592 679
32 969 528
33 961 25
34 894 608
35 147 622
36 415 696
37 517 753
38 652 144
39 458 782
40 892 372
41 847 805
42 361 293
43 510 760
44 245 11
45 810 237
46 505 508
47 424 222
48 414 536
49 744 815
50 529 489
51 784 86
52 728 545
53 72 882
54 875 795
55 620 573
56 818 820
57 210 428
58 818 994
59 136 265
60 738 253
61 365 224
62 482 393
63 841 46
64 752 46
65 752 644
66 37 613
67 709 117
68 237 744
69 386 0
70 719 63
71 825 278
72 706 524
73 288 446
DEMAND_SECTION
1 0
2 2
3 3
4 4
5 2
6 1
7 2
8 3
9 1
10 1
11 1
12 1
13 1
14 1
15 4
16 4
17 3
18 2
19 1
20 3
21 1
22 2
23 2
24 1
25 3
26 4
27 1
28 4
29 1
30 4
31 3
32 4
33 3
34 2
35 1
36 2
37 2
38 1
39 4
40 3
41 2
42 1
43 2
44 3
45 2
46 4
47 2
48 2
49 2
50 2
51 4
52 4
53 1
54 2
55 2
56 2
57 1
58 2
59 2
60 3
61 3
62 1
63 3
64 2
65 4
66 1
67 3
68 3
69 2
70 1
71 2
72 4
73 1
DEPOT_SECTION
 1
 -1
 EOF 