NAME: I26495-n98-k9
COMMENT : (Fake et al, No of trucks: 9, Optimal value: )
TYPE : CVRP
DIMENSION : 98
EDGE_WEIGHT_TYPE : EUC_2D
CAPACITY : 68
NODE_COORD_SECTION
1 445 970
2 818 18
3 353 255
4 437 509
5 891 975
6 705 351
7 243 660
8 271 458
9 1000 880
10 905 134
11 567 7
12 165 816
13 421 648
14 573 771
15 682 517
16 105 376
17 248 360
18 165 829
19 110 902
20 282 677
21 474 575
22 593 392
23 903 75
24 387 391
25 32 870
26 782 864
27 498 860
28 685 107
29 49 612
30 941 398
31 551 107
32 266 991
33 511 405
34 635 772
35 234 998
36 555 393
37 243 293
38 199 759
39 62 990
40 341 523
41 790 323
42 670 920
43 721 711
44 137 702
45 346 542
46 673 530
47 477 688
48 30 286
49 745 682
50 58 895
51 660 588
52 411 0
53 945 843
54 818 542
55 35 282
56 600 33
57 213 761
58 424 944
59 72 956
60 659 576
61 170 410
62 225 490
63 963 397
64 22 544
65 854 471
66 943 600
67 32 650
68 976 216
69 572 103
70 339 266
71 565 506
72 792 915
73 489 950
74 921 28
75 942 162
76 600 714
77 661 961
78 351 462
79 380 368
80 496 148
81 313 207
82 626 668
83 432 189
84 716 99
85 97 117
86 488 98
87 567 80
88 595 231
89 766 796
90 294 133
91 872 381
92 464 982
93 218 24
94 304 239
95 563 511
96 409 647
97 38 117
98 882 105
DEMAND_SECTION
1 0
2 3
3 5
4 2
5 4
6 1
7 10
8 5
9 8
10 10
11 7
12 6
13 10
14 1
15 10
16 3
17 9
18 7
19 10
20 9
21 7
22 3
23 1
24 3
25 8
26 9
27 10
28 8
29 9
30 7
31 3
32 10
33 9
34 2
35 6
36 8
37 9
38 7
39 1
40 2
41 3
42 1
43 3
44 1
45 10
46 8
47 8
48 5
49 2
50 5
51 5
52 2
53 5
54 2
55 3
56 1
57 3
58 1
59 7
60 10
61 1
62 2
63 4
64 9
65 10
66 4
67 8
68 5
69 6
70 8
71 8
72 4
73 2
74 3
75 6
76 6
77 6
78 5
79 9
80 4
81 8
82 6
83 5
84 9
85 9
86 2
87 6
88 4
89 4
90 3
91 2
92 2
93 7
94 8
95 10
96 2
97 3
98 3
DEPOT_SECTION
 1
 -1
 EOF 