NAME: I26522-n100-k8
COMMENT : (Fake et al, No of trucks: 8, Optimal value: )
TYPE : CVRP
DIMENSION : 100
EDGE_WEIGHT_TYPE : EUC_2D
CAPACITY : 35
NODE_COORD_SECTION
1 214 691
2 98 779
3 922 381
4 761 953
5 590 179
6 482 636
7 655 263
8 737 648
9 268 191
10 644 419
11 138 982
12 440 104
13 813 225
14 890 578
15 662 189
16 300 920
17 157 735
18 634 532
19 902 945
20 440 788
21 600 250
22 538 528
23 720 604
24 249 104
25 645 152
26 838 175
27 397 914
28 404 616
29 999 90
30 453 636
31 520 666
32 248 447
33 387 855
34 951 112
35 260 949
36 458 393
37 234 888
38 456 624
39 652 282
40 833 301
41 494 585
42 88 253
43 392 758
44 240 658
45 527 782
46 847 476
47 81 104
48 812 406
49 425 978
50 224 89
51 350 847
52 350 620
53 292 567
54 905 319
55 903 358
56 974 836
57 622 684
58 347 970
59 820 787
60 229 136
61 362 634
62 618 15
63 480 431
64 11 431
65 498 959
66 921 956
67 219 676
68 46 244
69 485 603
70 712 694
71 302 620
72 579 520
73 893 454
74 95 651
75 627 180
76 159 511
77 296 865
78 513 612
79 881 577
80 766 77
81 282 849
82 975 457
83 459 345
84 291 247
85 517 283
86 56 349
87 58 927
88 644 3
89 719 169
90 695 96
91 370 619
92 696 27
93 800 95
94 327 748
95 84 69
96 629 65
97 64 187
98 851 546
99 117 451
100 356 87
DEMAND_SECTION
1 0
2 2
3 1
4 3
5 4
6 1
7 1
8 2
9 2
10 3
11 1
12 3
13 2
14 2
15 3
16 2
17 2
18 2
19 4
20 1
21 3
22 3
23 4
24 3
25 3
26 4
27 3
28 2
29 3
30 4
31 2
32 2
33 4
34 4
35 3
36 1
37 2
38 3
39 4
40 3
41 4
42 2
43 2
44 1
45 2
46 3
47 4
48 4
49 3
50 3
51 2
52 4
53 3
54 1
55 1
56 1
57 4
58 1
59 3
60 1
61 4
62 4
63 2
64 1
65 4
66 1
67 4
68 3
69 1
70 3
71 2
72 3
73 1
74 2
75 1
76 4
77 3
78 4
79 1
80 2
81 2
82 2
83 3
84 4
85 1
86 1
87 2
88 4
89 1
90 3
91 1
92 2
93 1
94 4
95 3
96 3
97 4
98 1
99 1
100 3
DEPOT_SECTION
 1
 -1
 EOF 