NAME: I26577-n98-k9
COMMENT : (Fake et al, No of trucks: 9, Optimal value: )
TYPE : CVRP
DIMENSION : 98
EDGE_WEIGHT_TYPE : EUC_2D
CAPACITY : 13
NODE_COORD_SECTION
1 433 215
2 114 210
3 340 998
4 856 306
5 680 652
6 488 505
7 559 721
8 163 740
9 872 827
10 181 961
11 92 130
12 272 215
13 534 307
14 831 797
15 43 996
16 32 204
17 431 375
18 740 428
19 991 37
20 323 585
21 836 133
22 825 82
23 714 979
24 854 364
25 16 914
26 38 781
27 43 117
28 844 928
29 287 416
30 66 797
31 166 653
32 751 767
33 177 9
34 887 577
35 982 899
36 596 638
37 728 452
38 525 837
39 821 319
40 883 743
41 371 597
42 576 100
43 108 244
44 623 865
45 914 686
46 641 266
47 485 800
48 422 21
49 799 70
50 349 691
51 750 487
52 568 448
53 981 801
54 925 138
55 464 431
56 336 530
57 120 198
58 171 406
59 433 839
60 427 591
61 10 107
62 118 26
63 843 914
64 234 45
65 117 344
66 992 379
67 504 874
68 432 56
69 551 980
70 628 756
71 216 420
72 39 616
73 601 641
74 879 802
75 368 173
76 839 151
77 582 936
78 80 618
79 408 231
80 400 643
81 195 512
82 185 99
83 941 692
84 879 793
85 539 267
86 125 612
87 803 781
88 282 622
89 197 381
90 823 791
91 936 255
92 134 946
93 934 755
94 547 160
95 710 279
96 193 900
97 149 908
98 850 809
DEMAND_SECTION
1 0
2 1
3 1
4 1
5 1
6 1
7 1
8 1
9 1
10 1
11 1
12 1
13 1
14 1
15 1
16 1
17 1
18 1
19 1
20 1
21 1
22 1
23 1
24 1
25 1
26 1
27 1
28 1
29 1
30 1
31 1
32 1
33 1
34 1
35 1
36 1
37 1
38 1
39 1
40 1
41 1
42 1
43 1
44 1
45 1
46 1
47 1
48 1
49 1
50 1
51 1
52 1
53 1
54 1
55 1
56 1
57 1
58 1
59 1
60 1
61 1
62 1
63 1
64 1
65 1
66 1
67 1
68 1
69 1
70 1
71 1
72 1
73 1
74 1
75 1
76 1
77 1
78 1
79 1
80 1
81 1
82 1
83 1
84 1
85 1
86 1
87 1
88 1
89 1
90 1
91 1
92 1
93 1
94 1
95 1
96 1
97 1
98 1
DEPOT_SECTION
 1
 -1
 EOF 