NAME: I26655-n80-k8
COMMENT : (Fake et al, No of trucks: 8, Optimal value: )
TYPE : CVRP
DIMENSION : 80
EDGE_WEIGHT_TYPE : EUC_2D
CAPACITY : 48
NODE_COORD_SECTION
1 485 852
2 545 646
3 933 495
4 59 675
5 826 336
6 533 418
7 296 777
8 349 151
9 535 830
10 179 85
11 440 811
12 746 656
13 348 757
14 227 32
15 519 3
16 431 78
17 828 270
18 509 223
19 378 591
20 53 91
21 46 837
22 548 68
23 373 74
24 145 96
25 118 5
26 802 242
27 337 592
28 446 380
29 478 613
30 649 599
31 600 4
32 299 93
33 900 352
34 586 213
35 255 587
36 721 350
37 509 931
38 999 895
39 416 80
40 872 256
41 998 872
42 549 491
43 59 571
44 97 349
45 741 590
46 290 648
47 11 476
48 601 971
49 858 298
50 511 513
51 166 238
52 598 805
53 878 969
54 975 690
55 232 58
56 646 419
57 506 411
58 813 276
59 493 647
60 682 462
61 151 465
62 885 172
63 371 633
64 476 206
65 900 575
66 759 214
67 216 845
68 316 998
69 800 620
70 588 737
71 506 57
72 678 153
73 651 147
74 135 606
75 643 975
76 511 289
77 643 970
78 735 756
79 50 409
80 869 702
DEMAND_SECTION
1 0
2 7
3 2
4 1
5 2
6 5
7 5
8 5
9 1
10 7
11 5
12 4
13 7
14 6
15 1
16 3
17 4
18 7
19 1
20 1
21 4
22 1
23 4
24 7
25 5
26 6
27 2
28 7
29 4
30 4
31 4
32 1
33 5
34 2
35 7
36 7
37 7
38 5
39 1
40 6
41 5
42 4
43 5
44 3
45 2
46 2
47 2
48 2
49 6
50 4
51 4
52 7
53 2
54 4
55 6
56 2
57 5
58 6
59 6
60 6
61 1
62 3
63 2
64 5
65 5
66 7
67 3
68 1
69 1
70 2
71 3
72 1
73 2
74 4
75 3
76 5
77 7
78 1
79 5
80 6
DEPOT_SECTION
 1
 -1
 EOF 