NAME: I26608-n73-k8
COMMENT : (Fake et al, No of trucks: 8, Optimal value: )
TYPE : CVRP
DIMENSION : 73
EDGE_WEIGHT_TYPE : EUC_2D
CAPACITY : 17
NODE_COORD_SECTION
1 713 91
2 268 540
3 653 432
4 586 412
5 958 433
6 256 100
7 943 713
8 972 234
9 450 73
10 538 190
11 65 353
12 15 622
13 66 5
14 908 884
15 359 862
16 357 322
17 263 145
18 978 350
19 125 271
20 488 4
21 948 791
22 831 191
23 2 704
24 311 813
25 150 300
26 526 792
27 116 639
28 526 82
29 921 473
30 795 58
31 913 993
32 961 754
33 821 377
34 770 4
35 38 779
36 384 680
37 382 683
38 605 943
39 540 306
40 8 966
41 134 873
42 214 976
43 573 231
44 516 593
45 262 775
46 394 358
47 146 150
48 110 454
49 833 812
50 254 858
51 537 656
52 66 770
53 333 547
54 310 139
55 826 434
56 12 380
57 518 704
58 20 881
59 728 760
60 645 897
61 930 43
62 270 190
63 813 632
64 615 20
65 205 546
66 532 56
67 959 852
68 503 609
69 466 598
70 444 999
71 107 855
72 974 861
73 794 955
DEMAND_SECTION
1 0
2 1
3 1
4 1
5 2
6 1
7 1
8 2
9 1
10 2
11 2
12 2
13 1
14 2
15 2
16 1
17 2
18 1
19 2
20 2
21 2
22 1
23 2
24 1
25 1
26 1
27 2
28 2
29 2
30 1
31 1
32 2
33 2
34 1
35 1
36 2
37 2
38 1
39 2
40 2
41 2
42 2
43 2
44 2
45 2
46 1
47 1
48 1
49 2
50 2
51 2
52 2
53 2
54 1
55 2
56 2
57 2
58 1
59 1
60 2
61 2
62 2
63 2
64 2
65 2
66 1
67 2
68 1
69 1
70 2
71 1
72 2
73 1
DEPOT_SECTION
 1
 -1
 EOF 