NAME: I26666-n94-k8
COMMENT : (Fake et al, No of trucks: 8, Optimal value: )
TYPE : CVRP
DIMENSION : 94
EDGE_WEIGHT_TYPE : EUC_2D
CAPACITY : 85
NODE_COORD_SECTION
1 516 403
2 915 73
3 184 416
4 476 736
5 964 125
6 465 430
7 946 247
8 425 148
9 430 346
10 352 105
11 145 585
12 856 436
13 102 585
14 513 16
15 845 433
16 386 525
17 120 330
18 22 889
19 169 879
20 303 403
21 710 636
22 213 615
23 461 52
24 12 165
25 276 827
26 855 772
27 620 791
28 215 402
29 300 401
30 934 658
31 486 716
32 362 125
33 511 128
34 584 387
35 835 243
36 61 391
37 153 938
38 345 562
39 471 468
40 306 107
41 365 59
42 668 755
43 765 148
44 161 124
45 266 420
46 709 70
47 121 605
48 875 418
49 420 268
50 502 746
51 520 342
52 424 51
53 42 983
54 734 758
55 920 368
56 914 442
57 756 555
58 810 156
59 673 74
60 447 328
61 517 444
62 190 179
63 575 267
64 273 287
65 386 760
66 97 630
67 649 934
68 880 231
69 987 565
70 831 246
71 28 9
72 592 166
73 736 99
74 36 111
75 132 804
76 577 928
77 607 503
78 715 369
79 513 755
80 706 926
81 112 378
82 899 737
83 193 609
84 476 475
85 525 232
86 397 135
87 328 425
88 446 1000
89 695 15
90 987 962
91 927 313
92 20 532
93 749 849
94 747 941
DEMAND_SECTION
1 0
2 8
3 1
4 5
5 11
6 3
7 9
8 7
9 8
10 11
11 4
12 6
13 10
14 8
15 3
16 8
17 6
18 4
19 4
20 9
21 5
22 2
23 2
24 9
25 8
26 7
27 3
28 1
29 9
30 6
31 10
32 2
33 5
34 2
35 5
36 4
37 9
38 3
39 11
40 8
41 2
42 5
43 1
44 3
45 3
46 9
47 11
48 6
49 1
50 4
51 5
52 4
53 8
54 9
55 7
56 1
57 5
58 9
59 8
60 2
61 9
62 7
63 10
64 8
65 6
66 4
67 5
68 5
69 9
70 7
71 2
72 2
73 5
74 10
75 7
76 11
77 5
78 6
79 6
80 6
81 11
82 5
83 9
84 3
85 4
86 9
87 10
88 8
89 7
90 11
91 1
92 3
93 3
94 8
DEPOT_SECTION
 1
 -1
 EOF 