NAME: I26678-n71-k10
COMMENT : (Fake et al, No of trucks: 10, Optimal value: )
TYPE : CVRP
DIMENSION : 71
EDGE_WEIGHT_TYPE : EUC_2D
CAPACITY : 20
NODE_COORD_SECTION
1 908 306
2 789 733
3 581 145
4 462 265
5 221 708
6 635 400
7 235 756
8 792 579
9 82 747
10 205 394
11 928 441
12 128 869
13 231 982
14 143 417
15 615 982
16 945 641
17 940 990
18 425 913
19 430 315
20 133 395
21 83 29
22 846 264
23 341 977
24 768 354
25 283 34
26 816 557
27 545 962
28 184 497
29 866 848
30 67 877
31 588 194
32 370 913
33 681 239
34 354 591
35 543 535
36 305 802
37 984 585
38 523 61
39 910 533
40 441 102
41 940 136
42 200 337
43 62 694
44 183 512
45 698 685
46 995 32
47 170 483
48 150 774
49 517 853
50 631 854
51 459 521
52 90 368
53 503 958
54 273 738
55 789 119
56 621 841
57 608 173
58 100 621
59 668 829
60 365 516
61 523 414
62 414 967
63 992 308
64 195 888
65 511 814
66 67 986
67 863 25
68 820 966
69 168 576
70 826 963
71 498 74
DEMAND_SECTION
1 0
2 4
3 2
4 2
5 4
6 1
7 2
8 4
9 2
10 1
11 2
12 1
13 4
14 3
15 4
16 4
17 3
18 2
19 3
20 2
21 3
22 3
23 4
24 1
25 4
26 1
27 2
28 2
29 1
30 3
31 4
32 2
33 3
34 1
35 3
36 4
37 2
38 1
39 2
40 1
41 4
42 1
43 3
44 1
45 3
46 2
47 1
48 4
49 1
50 1
51 3
52 1
53 1
54 2
55 3
56 2
57 1
58 2
59 4
60 3
61 3
62 3
63 4
64 1
65 2
66 3
67 1
68 1
69 3
70 4
71 1
DEPOT_SECTION
 1
 -1
 EOF 