NAME: I26709-n83-k9
COMMENT : (Fake et al, No of trucks: 9, Optimal value: )
TYPE : CVRP
DIMENSION : 83
EDGE_WEIGHT_TYPE : EUC_2D
CAPACITY : 36
NODE_COORD_SECTION
1 717 915
2 182 403
3 245 844
4 632 189
5 838 247
6 344 253
7 900 721
8 947 793
9 329 390
10 596 957
11 481 740
12 909 176
13 968 541
14 544 9
15 50 401
16 171 98
17 89 230
18 775 356
19 746 176
20 182 263
21 728 370
22 901 336
23 199 852
24 749 314
25 997 753
26 846 542
27 506 815
28 776 201
29 918 759
30 559 531
31 953 489
32 10 923
33 786 620
34 90 124
35 54 50
36 139 545
37 698 52
38 525 590
39 141 615
40 819 122
41 135 759
42 547 3
43 856 922
44 735 44
45 622 749
46 190 558
47 237 806
48 772 622
49 646 642
50 920 488
51 357 229
52 135 300
53 629 139
54 719 500
55 645 743
56 478 117
57 957 887
58 261 923
59 732 470
60 599 889
61 392 193
62 121 581
63 901 254
64 731 514
65 379 16
66 927 18
67 803 615
68 155 551
69 626 333
70 955 202
71 45 482
72 957 159
73 56 980
74 320 606
75 943 345
76 599 608
77 62 211
78 674 327
79 705 867
80 226 971
81 539 454
82 978 654
83 13 75
DEMAND_SECTION
1 0
2 5
3 2
4 4
5 2
6 4
7 4
8 6
9 5
10 2
11 1
12 5
13 4
14 6
15 1
16 1
17 2
18 3
19 1
20 6
21 2
22 6
23 3
24 5
25 2
26 6
27 2
28 2
29 3
30 3
31 2
32 4
33 6
34 2
35 2
36 1
37 1
38 4
39 1
40 6
41 6
42 3
43 3
44 3
45 3
46 6
47 6
48 6
49 4
50 5
51 6
52 3
53 4
54 3
55 4
56 2
57 5
58 3
59 5
60 6
61 5
62 4
63 2
64 6
65 2
66 5
67 5
68 2
69 2
70 3
71 1
72 4
73 4
74 2
75 5
76 4
77 4
78 2
79 3
80 2
81 1
82 3
83 1
DEPOT_SECTION
 1
 -1
 EOF 