NAME: I26701-n84-k6
COMMENT : (Fake et al, No of trucks: 6, Optimal value: )
TYPE : CVRP
DIMENSION : 84
EDGE_WEIGHT_TYPE : EUC_2D
CAPACITY : 92
NODE_COORD_SECTION
1 257 103
2 426 657
3 677 621
4 434 95
5 911 869
6 974 412
7 815 509
8 730 523
9 75 463
10 8 684
11 31 558
12 840 704
13 5 51
14 417 812
15 392 782
16 929 700
17 602 281
18 4 348
19 149 662
20 125 775
21 250 19
22 782 257
23 511 235
24 613 990
25 561 244
26 260 169
27 375 554
28 848 890
29 118 324
30 48 251
31 54 212
32 953 755
33 672 894
34 572 553
35 761 194
36 921 785
37 589 218
38 836 244
39 793 546
40 627 878
41 79 865
42 109 228
43 220 476
44 204 488
45 138 563
46 400 571
47 507 760
48 866 589
49 878 927
50 106 765
51 615 547
52 594 694
53 929 763
54 243 337
55 530 597
56 312 789
57 2 95
58 563 56
59 738 938
60 759 915
61 752 231
62 32 210
63 353 896
64 734 564
65 205 824
66 197 574
67 332 449
68 821 48
69 274 763
70 459 958
71 925 889
72 724 519
73 801 315
74 227 940
75 405 52
76 442 131
77 299 895
78 486 259
79 343 713
80 333 297
81 194 83
82 598 698
83 592 247
84 401 500
DEMAND_SECTION
1 0
2 6
3 10
4 5
5 1
6 8
7 7
8 3
9 5
10 7
11 5
12 10
13 1
14 6
15 4
16 6
17 7
18 6
19 8
20 7
21 10
22 10
23 10
24 5
25 3
26 7
27 9
28 1
29 1
30 4
31 3
32 8
33 9
34 7
35 2
36 4
37 4
38 5
39 8
40 8
41 10
42 8
43 7
44 5
45 4
46 4
47 6
48 5
49 6
50 4
51 7
52 8
53 7
54 4
55 5
56 7
57 5
58 8
59 4
60 3
61 1
62 1
63 8
64 8
65 10
66 10
67 10
68 8
69 1
70 7
71 10
72 3
73 3
74 9
75 2
76 7
77 1
78 1
79 2
80 5
81 10
82 5
83 8
84 6
DEPOT_SECTION
 1
 -1
 EOF 