NAME: I26785-n84-k10
COMMENT : (Fake et al, No of trucks: 10, Optimal value: )
TYPE : CVRP
DIMENSION : 84
EDGE_WEIGHT_TYPE : EUC_2D
CAPACITY : 29
NODE_COORD_SECTION
1 967 419
2 83 465
3 326 745
4 339 634
5 633 677
6 119 567
7 420 138
8 216 584
9 843 135
10 781 919
11 939 318
12 217 812
13 480 769
14 977 802
15 496 487
16 91 582
17 710 643
18 448 810
19 713 288
20 181 630
21 252 863
22 794 370
23 29 936
24 559 780
25 905 450
26 495 691
27 579 67
28 665 422
29 248 555
30 470 316
31 861 833
32 235 571
33 696 837
34 864 119
35 108 265
36 608 101
37 129 38
38 363 581
39 23 662
40 166 312
41 724 575
42 250 10
43 648 100
44 252 636
45 210 807
46 741 554
47 100 316
48 452 35
49 839 526
50 263 245
51 867 299
52 563 545
53 158 305
54 525 915
55 286 831
56 152 631
57 131 4
58 496 835
59 591 997
60 935 28
61 905 419
62 689 768
63 749 418
64 489 619
65 307 630
66 573 693
67 376 627
68 106 300
69 551 439
70 1 551
71 200 52
72 688 672
73 162 381
74 491 407
75 809 220
76 281 439
77 37 11
78 12 570
79 540 331
80 487 362
81 341 594
82 770 492
83 969 362
84 507 326
DEMAND_SECTION
1 0
2 4
3 1
4 1
5 3
6 2
7 4
8 3
9 4
10 5
11 5
12 2
13 2
14 4
15 1
16 5
17 5
18 4
19 5
20 4
21 4
22 1
23 5
24 4
25 1
26 1
27 3
28 3
29 4
30 1
31 1
32 5
33 2
34 1
35 3
36 4
37 4
38 3
39 1
40 5
41 2
42 2
43 1
44 5
45 3
46 5
47 1
48 5
49 2
50 1
51 1
52 2
53 2
54 2
55 4
56 4
57 1
58 4
59 5
60 1
61 2
62 5
63 3
64 2
65 3
66 2
67 2
68 3
69 3
70 3
71 2
72 4
73 5
74 3
75 2
76 5
77 3
78 4
79 4
80 4
81 5
82 5
83 4
84 5
DEPOT_SECTION
 1
 -1
 EOF 