NAME: I26747-n81-k9
COMMENT : (Fake et al, No of trucks: 9, Optimal value: )
TYPE : CVRP
DIMENSION : 81
EDGE_WEIGHT_TYPE : EUC_2D
CAPACITY : 11
NODE_COORD_SECTION
1 564 17
2 337 557
3 407 595
4 667 381
5 85 737
6 611 753
7 826 579
8 353 354
9 347 816
10 743 328
11 733 864
12 441 351
13 823 265
14 864 704
15 513 104
16 727 363
17 624 450
18 3 890
19 851 391
20 688 510
21 98 733
22 728 536
23 373 432
24 559 46
25 448 422
26 670 266
27 289 104
28 952 542
29 85 63
30 599 594
31 399 198
32 587 192
33 896 453
34 526 753
35 355 161
36 10 509
37 204 108
38 94 262
39 63 122
40 136 157
41 200 589
42 142 829
43 649 371
44 590 514
45 75 892
46 759 862
47 316 718
48 547 702
49 412 467
50 293 755
51 565 330
52 345 423
53 487 566
54 381 782
55 305 57
56 61 481
57 589 215
58 868 336
59 958 35
60 189 104
61 230 777
62 235 996
63 250 276
64 265 297
65 329 182
66 654 33
67 845 393
68 217 558
69 534 912
70 563 887
71 475 124
72 838 499
73 700 735
74 852 908
75 534 469
76 199 960
77 745 594
78 536 396
79 498 853
80 923 520
81 633 895
DEMAND_SECTION
1 0
2 1
3 1
4 1
5 1
6 1
7 1
8 1
9 1
10 1
11 1
12 1
13 1
14 1
15 1
16 1
17 1
18 1
19 1
20 1
21 1
22 1
23 1
24 1
25 1
26 1
27 1
28 1
29 1
30 1
31 1
32 1
33 1
34 1
35 1
36 1
37 1
38 1
39 1
40 1
41 1
42 1
43 1
44 1
45 1
46 1
47 1
48 1
49 1
50 1
51 1
52 1
53 1
54 1
55 1
56 1
57 1
58 1
59 1
60 1
61 1
62 1
63 1
64 1
65 1
66 1
67 1
68 1
69 1
70 1
71 1
72 1
73 1
74 1
75 1
76 1
77 1
78 1
79 1
80 1
81 1
DEPOT_SECTION
 1
 -1
 EOF 