NAME: I26864-n93-k8
COMMENT : (Fake et al, No of trucks: 8, Optimal value: )
TYPE : CVRP
DIMENSION : 93
EDGE_WEIGHT_TYPE : EUC_2D
CAPACITY : 45
NODE_COORD_SECTION
1 464 937
2 142 697
3 967 731
4 308 324
5 511 857
6 35 525
7 198 449
8 506 16
9 594 697
10 194 926
11 230 220
12 354 926
13 495 192
14 696 780
15 731 394
16 828 51
17 640 497
18 622 187
19 327 548
20 387 725
21 239 217
22 312 10
23 295 539
24 184 595
25 237 851
26 968 48
27 30 757
28 694 850
29 922 462
30 232 449
31 812 690
32 883 992
33 418 974
34 286 880
35 679 419
36 908 602
37 236 675
38 498 734
39 356 975
40 273 43
41 445 981
42 320 20
43 648 829
44 317 578
45 327 603
46 564 584
47 406 755
48 121 262
49 934 738
50 672 992
51 820 669
52 744 718
53 858 639
54 160 425
55 474 416
56 453 652
57 981 337
58 28 685
59 814 37
60 657 351
61 167 67
62 772 394
63 557 466
64 324 801
65 523 905
66 233 468
67 855 16
68 392 760
69 62 762
70 549 553
71 930 28
72 381 729
73 386 535
74 452 564
75 125 292
76 280 272
77 0 886
78 560 3
79 324 581
80 659 368
81 12 853
82 677 773
83 890 18
84 764 909
85 396 660
86 485 231
87 767 34
88 327 102
89 14 381
90 474 303
91 578 996
92 704 668
93 108 769
DEMAND_SECTION
1 0
2 4
3 4
4 4
5 6
6 1
7 1
8 2
9 2
10 3
11 4
12 3
13 2
14 4
15 2
16 2
17 4
18 3
19 1
20 1
21 3
22 1
23 3
24 1
25 6
26 5
27 4
28 2
29 5
30 3
31 5
32 5
33 1
34 2
35 2
36 5
37 2
38 1
39 3
40 4
41 3
42 4
43 6
44 2
45 5
46 2
47 6
48 4
49 4
50 6
51 4
52 4
53 4
54 3
55 3
56 6
57 4
58 4
59 3
60 4
61 4
62 6
63 3
64 2
65 5
66 6
67 3
68 1
69 5
70 2
71 6
72 6
73 4
74 6
75 3
76 1
77 3
78 4
79 2
80 5
81 5
82 3
83 1
84 3
85 5
86 4
87 5
88 2
89 6
90 3
91 2
92 5
93 3
DEPOT_SECTION
 1
 -1
 EOF 