NAME: I26814-n94-k9
COMMENT : (Fake et al, No of trucks: 9, Optimal value: )
TYPE : CVRP
DIMENSION : 94
EDGE_WEIGHT_TYPE : EUC_2D
CAPACITY : 75
NODE_COORD_SECTION
1 335 422
2 85 240
3 232 801
4 667 487
5 464 654
6 673 313
7 289 210
8 593 914
9 382 178
10 909 105
11 772 847
12 27 617
13 551 544
14 464 221
15 653 783
16 4 394
17 730 869
18 843 980
19 240 767
20 937 555
21 492 409
22 250 228
23 351 262
24 181 393
25 836 705
26 132 157
27 473 856
28 601 743
29 582 437
30 221 149
31 216 273
32 384 366
33 627 919
34 719 312
35 143 179
36 66 117
37 892 356
38 766 168
39 448 320
40 727 941
41 507 356
42 377 702
43 663 770
44 629 839
45 545 224
46 609 370
47 728 85
48 13 739
49 757 426
50 259 851
51 887 48
52 480 902
53 6 48
54 392 957
55 261 207
56 279 926
57 232 821
58 128 923
59 23 403
60 779 466
61 368 177
62 918 707
63 209 897
64 177 239
65 896 302
66 975 592
67 898 181
68 633 58
69 814 891
70 893 667
71 765 746
72 281 991
73 708 276
74 559 964
75 194 618
76 753 337
77 381 202
78 970 76
79 488 510
80 526 573
81 796 721
82 449 270
83 403 867
84 657 78
85 326 302
86 639 507
87 835 203
88 552 45
89 240 202
90 50 568
91 738 501
92 521 93
93 759 242
94 634 428
DEMAND_SECTION
1 0
2 5
3 9
4 10
5 3
6 7
7 5
8 3
9 10
10 2
11 6
12 7
13 7
14 8
15 7
16 10
17 10
18 4
19 11
20 9
21 9
22 11
23 4
24 4
25 8
26 3
27 5
28 10
29 5
30 10
31 9
32 3
33 8
34 7
35 1
36 1
37 5
38 4
39 11
40 11
41 1
42 1
43 1
44 4
45 9
46 8
47 1
48 2
49 7
50 6
51 5
52 10
53 6
54 10
55 5
56 9
57 4
58 9
59 9
60 8
61 3
62 2
63 5
64 11
65 6
66 11
67 8
68 5
69 4
70 1
71 4
72 5
73 9
74 5
75 8
76 4
77 9
78 4
79 4
80 7
81 11
82 1
83 11
84 8
85 3
86 4
87 8
88 7
89 2
90 9
91 1
92 7
93 6
94 5
DEPOT_SECTION
 1
 -1
 EOF 