NAME: I26900-n74-k9
COMMENT : (Fake et al, No of trucks: 9, Optimal value: )
TYPE : CVRP
DIMENSION : 74
EDGE_WEIGHT_TYPE : EUC_2D
CAPACITY : 36
NODE_COORD_SECTION
1 128 255
2 757 339
3 699 643
4 298 922
5 896 990
6 893 979
7 747 3
8 45 87
9 238 815
10 720 940
11 879 331
12 97 313
13 820 521
14 130 825
15 632 943
16 966 484
17 584 340
18 334 80
19 868 677
20 881 180
21 9 11
22 848 370
23 953 140
24 838 632
25 447 290
26 710 484
27 223 932
28 703 837
29 291 822
30 485 318
31 8 812
32 140 603
33 301 909
34 232 552
35 395 156
36 955 144
37 806 514
38 800 904
39 248 84
40 905 974
41 964 885
42 212 13
43 89 972
44 44 316
45 687 365
46 810 478
47 137 208
48 633 58
49 762 67
50 680 177
51 373 741
52 74 112
53 350 388
54 214 918
55 561 801
56 48 655
57 808 509
58 146 959
59 147 654
60 133 439
61 708 413
62 425 476
63 216 17
64 853 483
65 257 285
66 488 31
67 893 132
68 633 286
69 359 80
70 677 274
71 299 165
72 358 723
73 261 218
74 13 492
DEMAND_SECTION
1 0
2 7
3 6
4 4
5 2
6 1
7 7
8 1
9 4
10 4
11 7
12 2
13 3
14 4
15 5
16 6
17 2
18 3
19 1
20 6
21 5
22 1
23 6
24 5
25 3
26 2
27 2
28 3
29 1
30 4
31 7
32 1
33 3
34 4
35 4
36 7
37 7
38 3
39 3
40 6
41 6
42 7
43 3
44 1
45 6
46 3
47 5
48 7
49 7
50 5
51 7
52 4
53 7
54 3
55 7
56 2
57 6
58 7
59 1
60 3
61 1
62 3
63 1
64 4
65 7
66 4
67 2
68 3
69 7
70 7
71 2
72 3
73 4
74 4
DEPOT_SECTION
 1
 -1
 EOF 