NAME: I26925-n77-k6
COMMENT : (Fake et al, No of trucks: 6, Optimal value: )
TYPE : CVRP
DIMENSION : 77
EDGE_WEIGHT_TYPE : EUC_2D
CAPACITY : 23
NODE_COORD_SECTION
1 983 485
2 721 297
3 998 620
4 582 171
5 292 292
6 365 116
7 119 855
8 721 255
9 127 418
10 819 322
11 517 798
12 515 342
13 321 983
14 309 188
15 585 419
16 410 235
17 249 158
18 489 583
19 475 798
20 64 963
21 61 206
22 424 644
23 441 736
24 68 610
25 499 47
26 848 871
27 331 965
28 417 364
29 2 829
30 162 547
31 898 651
32 805 219
33 966 770
34 557 481
35 514 443
36 884 315
37 912 340
38 531 204
39 973 497
40 18 382
41 349 21
42 941 203
43 205 161
44 20 372
45 170 264
46 944 495
47 250 787
48 542 133
49 832 179
50 163 216
51 397 231
52 358 552
53 380 897
54 658 566
55 613 933
56 686 546
57 790 940
58 405 483
59 284 289
60 522 316
61 197 443
62 134 159
63 514 961
64 496 875
65 222 247
66 249 65
67 133 461
68 144 190
69 559 822
70 184 300
71 828 151
72 653 962
73 956 628
74 812 357
75 275 88
76 440 252
77 977 115
DEMAND_SECTION
1 0
2 1
3 2
4 2
5 2
6 1
7 2
8 2
9 1
10 2
11 2
12 1
13 2
14 2
15 2
16 1
17 2
18 1
19 1
20 2
21 2
22 2
23 1
24 2
25 2
26 2
27 2
28 1
29 1
30 1
31 2
32 1
33 1
34 2
35 2
36 2
37 1
38 1
39 2
40 2
41 1
42 1
43 2
44 1
45 2
46 2
47 1
48 1
49 1
50 2
51 2
52 2
53 2
54 1
55 2
56 2
57 2
58 2
59 2
60 1
61 1
62 2
63 2
64 2
65 2
66 2
67 2
68 1
69 1
70 1
71 2
72 1
73 2
74 1
75 2
76 2
77 2
DEPOT_SECTION
 1
 -1
 EOF 