NAME: I27090-n78-k7
COMMENT : (Fake et al, No of trucks: 7, Optimal value: )
TYPE : CVRP
DIMENSION : 78
EDGE_WEIGHT_TYPE : EUC_2D
CAPACITY : 41
NODE_COORD_SECTION
1 350 916
2 656 611
3 778 589
4 101 502
5 3 522
6 470 81
7 992 209
8 913 899
9 337 72
10 427 593
11 113 821
12 320 672
13 759 235
14 667 33
15 404 278
16 76 269
17 406 735
18 759 561
19 576 630
20 989 378
21 869 662
22 369 407
23 784 458
24 70 862
25 521 435
26 954 9
27 497 56
28 980 270
29 293 636
30 552 810
31 567 85
32 472 133
33 1000 813
34 14 535
35 379 512
36 209 854
37 804 666
38 480 611
39 19 282
40 53 770
41 529 675
42 319 354
43 377 765
44 65 154
45 344 295
46 161 863
47 548 877
48 560 311
49 589 48
50 256 466
51 0 328
52 301 261
53 624 613
54 494 170
55 304 735
56 318 618
57 883 446
58 947 117
59 845 275
60 492 54
61 510 671
62 133 996
63 131 559
64 357 823
65 762 978
66 925 437
67 95 265
68 391 151
69 706 836
70 670 988
71 369 783
72 292 409
73 990 759
74 518 694
75 61 88
76 54 122
77 811 748
78 271 167
DEMAND_SECTION
1 0
2 2
3 3
4 5
5 4
6 1
7 2
8 2
9 2
10 4
11 4
12 5
13 1
14 2
15 3
16 2
17 2
18 5
19 5
20 2
21 3
22 5
23 1
24 3
25 1
26 5
27 5
28 2
29 1
30 1
31 2
32 1
33 2
34 4
35 5
36 3
37 1
38 2
39 5
40 4
41 5
42 1
43 4
44 5
45 2
46 5
47 4
48 1
49 1
50 2
51 3
52 2
53 3
54 4
55 4
56 3
57 4
58 4
59 3
60 4
61 2
62 3
63 5
64 1
65 4
66 3
67 3
68 5
69 5
70 5
71 3
72 2
73 2
74 3
75 5
76 4
77 3
78 4
DEPOT_SECTION
 1
 -1
 EOF 