NAME: I27068-n91-k8
COMMENT : (Fake et al, No of trucks: 8, Optimal value: )
TYPE : CVRP
DIMENSION : 91
EDGE_WEIGHT_TYPE : EUC_2D
CAPACITY : 28
NODE_COORD_SECTION
1 962 706
2 123 349
3 815 637
4 503 504
5 489 307
6 752 431
7 786 924
8 728 557
9 697 149
10 183 143
11 374 116
12 879 56
13 974 760
14 716 800
15 822 884
16 186 541
17 990 646
18 572 32
19 907 687
20 99 786
21 224 133
22 474 513
23 486 654
24 329 74
25 620 731
26 658 588
27 967 568
28 552 473
29 864 867
30 489 469
31 637 513
32 678 129
33 673 3
34 822 20
35 63 268
36 550 443
37 680 1
38 781 550
39 599 86
40 972 714
41 710 851
42 127 612
43 598 43
44 324 701
45 462 854
46 645 335
47 177 906
48 272 907
49 28 189
50 847 444
51 755 140
52 131 721
53 367 344
54 444 249
55 360 692
56 969 574
57 124 188
58 690 392
59 133 90
60 420 835
61 830 579
62 542 225
63 704 349
64 16 997
65 797 596
66 485 849
67 290 479
68 266 947
69 433 596
70 980 978
71 33 32
72 110 787
73 554 395
74 842 136
75 680 220
76 234 672
77 199 317
78 459 776
79 768 918
80 482 744
81 376 975
82 882 994
83 529 703
84 729 48
85 446 507
86 160 606
87 98 232
88 990 14
89 858 943
90 276 241
91 723 282
DEMAND_SECTION
1 0
2 3
3 2
4 2
5 3
6 3
7 1
8 2
9 1
10 3
11 1
12 2
13 1
14 2
15 2
16 2
17 2
18 3
19 1
20 3
21 3
22 2
23 3
24 2
25 3
26 3
27 2
28 3
29 1
30 2
31 3
32 1
33 3
34 2
35 1
36 2
37 2
38 2
39 2
40 1
41 3
42 2
43 2
44 3
45 1
46 1
47 3
48 1
49 3
50 3
51 3
52 3
53 2
54 2
55 2
56 3
57 2
58 3
59 2
60 1
61 3
62 2
63 3
64 1
65 2
66 2
67 1
68 3
69 1
70 2
71 1
72 1
73 3
74 1
75 1
76 1
77 3
78 3
79 3
80 2
81 1
82 1
83 2
84 3
85 3
86 2
87 1
88 3
89 1
90 3
91 1
DEPOT_SECTION
 1
 -1
 EOF 