NAME: I27106-n73-k6
COMMENT : (Fake et al, No of trucks: 6, Optimal value: )
TYPE : CVRP
DIMENSION : 73
EDGE_WEIGHT_TYPE : EUC_2D
CAPACITY : 29
NODE_COORD_SECTION
1 36 863
2 690 788
3 286 437
4 991 110
5 545 936
6 535 960
7 539 14
8 284 466
9 933 394
10 257 708
11 149 924
12 487 468
13 24 640
14 150 489
15 855 442
16 721 840
17 675 5
18 585 462
19 168 757
20 956 527
21 475 670
22 151 638
23 358 519
24 585 0
25 496 725
26 678 219
27 241 302
28 203 255
29 431 732
30 19 542
31 526 992
32 436 730
33 197 588
34 516 476
35 493 439
36 268 651
37 620 49
38 539 70
39 500 367
40 566 472
41 951 101
42 50 363
43 583 419
44 252 473
45 436 20
46 344 110
47 589 808
48 937 205
49 179 633
50 499 361
51 171 847
52 376 274
53 234 976
54 18 627
55 401 395
56 848 298
57 497 397
58 63 767
59 282 931
60 563 217
61 650 84
62 826 897
63 323 57
64 200 472
65 915 625
66 80 148
67 529 611
68 930 90
69 41 278
70 916 471
71 357 911
72 318 16
73 560 318
DEMAND_SECTION
1 0
2 1
3 2
4 1
5 2
6 1
7 2
8 3
9 1
10 3
11 2
12 2
13 3
14 2
15 3
16 1
17 1
18 3
19 3
20 3
21 3
22 3
23 1
24 1
25 3
26 1
27 1
28 1
29 2
30 1
31 1
32 1
33 2
34 2
35 2
36 3
37 3
38 1
39 1
40 3
41 1
42 3
43 1
44 3
45 1
46 1
47 2
48 3
49 3
50 3
51 2
52 1
53 1
54 1
55 1
56 3
57 2
58 3
59 2
60 2
61 3
62 3
63 1
64 3
65 2
66 1
67 3
68 3
69 3
70 1
71 3
72 1
73 2
DEPOT_SECTION
 1
 -1
 EOF 