NAME: I2722-n49-k6
COMMENT : (Fake et al, No of trucks: 6, Optimal value: )
TYPE : CVRP
DIMENSION : 49
EDGE_WEIGHT_TYPE : EUC_2D
CAPACITY : 34
NODE_COORD_SECTION
1 728 520
2 963 522
3 51 480
4 717 658
5 49 761
6 153 77
7 637 935
8 101 463
9 389 139
10 838 366
11 986 461
12 339 791
13 659 628
14 627 102
15 119 710
16 462 685
17 572 414
18 799 261
19 669 676
20 717 368
21 13 716
22 862 181
23 534 591
24 904 444
25 171 620
26 841 273
27 216 911
28 124 206
29 333 278
30 440 166
31 670 941
32 994 475
33 317 730
34 299 418
35 743 808
36 73 836
37 338 864
38 426 579
39 515 679
40 872 36
41 295 447
42 872 888
43 857 752
44 656 904
45 670 371
46 776 377
47 921 806
48 104 536
49 424 178
DEMAND_SECTION
1 0
2 6
3 2
4 5
5 5
6 6
7 5
8 3
9 5
10 3
11 1
12 4
13 1
14 2
15 2
16 5
17 1
18 2
19 6
20 2
21 1
22 5
23 6
24 6
25 1
26 1
27 5
28 4
29 5
30 5
31 6
32 4
33 3
34 6
35 2
36 5
37 5
38 5
39 2
40 3
41 6
42 1
43 2
44 6
45 1
46 6
47 2
48 6
49 5
DEPOT_SECTION
 1
 -1
 EOF 