NAME: I27216-n80-k7
COMMENT : (Fake et al, No of trucks: 7, Optimal value: )
TYPE : CVRP
DIMENSION : 80
EDGE_WEIGHT_TYPE : EUC_2D
CAPACITY : 42
NODE_COORD_SECTION
1 874 305
2 524 922
3 91 213
4 834 260
5 689 302
6 894 462
7 880 718
8 552 386
9 861 107
10 643 893
11 727 346
12 533 508
13 106 496
14 788 729
15 989 239
16 262 325
17 535 971
18 213 780
19 530 124
20 393 851
21 361 486
22 227 394
23 593 435
24 23 177
25 868 386
26 472 485
27 673 26
28 237 749
29 894 647
30 808 537
31 707 520
32 258 901
33 200 294
34 882 205
35 262 884
36 657 234
37 163 228
38 276 346
39 5 66
40 715 118
41 328 849
42 485 589
43 646 85
44 686 785
45 450 561
46 32 327
47 217 941
48 91 582
49 253 524
50 830 398
51 734 170
52 69 921
53 529 224
54 793 59
55 215 279
56 36 96
57 374 390
58 241 548
59 435 890
60 521 936
61 73 763
62 796 138
63 338 456
64 535 139
65 605 19
66 753 900
67 352 865
68 99 637
69 666 139
70 939 127
71 707 831
72 954 626
73 672 829
74 899 795
75 788 878
76 680 204
77 915 914
78 455 519
79 339 965
80 647 434
DEMAND_SECTION
1 0
2 3
3 2
4 4
5 2
6 4
7 2
8 4
9 5
10 4
11 3
12 5
13 2
14 1
15 4
16 5
17 3
18 4
19 2
20 3
21 2
22 2
23 4
24 5
25 4
26 1
27 4
28 5
29 2
30 5
31 4
32 5
33 4
34 4
35 2
36 3
37 1
38 3
39 4
40 2
41 2
42 3
43 5
44 5
45 3
46 1
47 5
48 3
49 4
50 2
51 3
52 3
53 5
54 3
55 3
56 2
57 4
58 1
59 2
60 1
61 4
62 1
63 2
64 3
65 1
66 3
67 2
68 5
69 3
70 4
71 4
72 4
73 1
74 4
75 3
76 3
77 1
78 3
79 3
80 4
DEPOT_SECTION
 1
 -1
 EOF 