NAME: I27266-n100-k10
COMMENT : (Fake et al, No of trucks: 10, Optimal value: )
TYPE : CVRP
DIMENSION : 100
EDGE_WEIGHT_TYPE : EUC_2D
CAPACITY : 46
NODE_COORD_SECTION
1 111 427
2 14 876
3 788 255
4 981 15
5 615 58
6 779 630
7 102 139
8 351 616
9 42 608
10 269 334
11 111 23
12 931 303
13 703 660
14 164 398
15 277 663
16 582 622
17 796 331
18 602 550
19 80 910
20 92 391
21 752 378
22 726 94
23 270 173
24 945 822
25 600 31
26 624 620
27 118 203
28 996 128
29 661 516
30 731 961
31 454 555
32 878 345
33 559 251
34 221 90
35 313 71
36 918 988
37 8 287
38 63 216
39 625 614
40 229 723
41 232 908
42 616 750
43 41 347
44 203 862
45 738 106
46 644 810
47 391 153
48 400 634
49 993 980
50 377 566
51 454 238
52 492 335
53 574 125
54 713 486
55 33 496
56 869 460
57 199 140
58 442 520
59 290 512
60 684 919
61 79 603
62 234 41
63 68 622
64 636 508
65 803 938
66 690 926
67 767 749
68 438 943
69 717 84
70 340 562
71 532 496
72 576 229
73 708 319
74 374 740
75 509 999
76 675 937
77 196 692
78 964 956
79 894 581
80 433 800
81 452 731
82 902 141
83 969 172
84 506 660
85 419 148
86 779 917
87 197 808
88 250 319
89 745 877
90 714 538
91 799 260
92 74 176
93 674 942
94 253 772
95 73 140
96 676 778
97 950 397
98 24 859
99 709 660
100 586 437
DEMAND_SECTION
1 0
2 4
3 4
4 3
5 4
6 7
7 3
8 2
9 5
10 3
11 5
12 4
13 6
14 7
15 4
16 7
17 6
18 2
19 4
20 3
21 5
22 4
23 5
24 1
25 3
26 7
27 7
28 2
29 1
30 7
31 7
32 3
33 1
34 2
35 6
36 2
37 5
38 4
39 7
40 6
41 5
42 6
43 3
44 3
45 5
46 1
47 4
48 3
49 2
50 2
51 2
52 5
53 2
54 5
55 5
56 7
57 1
58 2
59 6
60 6
61 4
62 5
63 1
64 6
65 2
66 4
67 3
68 5
69 6
70 3
71 7
72 5
73 1
74 7
75 5
76 2
77 3
78 6
79 6
80 6
81 4
82 5
83 7
84 1
85 6
86 2
87 1
88 6
89 5
90 3
91 1
92 6
93 4
94 3
95 2
96 3
97 5
98 2
99 5
100 1
DEPOT_SECTION
 1
 -1
 EOF 