NAME: I27293-n100-k8
COMMENT : (Fake et al, No of trucks: 8, Optimal value: )
TYPE : CVRP
DIMENSION : 100
EDGE_WEIGHT_TYPE : EUC_2D
CAPACITY : 85
NODE_COORD_SECTION
1 355 946
2 563 876
3 786 225
4 877 883
5 291 181
6 362 228
7 877 53
8 405 967
9 447 955
10 881 680
11 94 96
12 742 823
13 820 200
14 163 407
15 781 528
16 125 931
17 637 653
18 985 431
19 144 432
20 48 653
21 117 11
22 672 942
23 601 149
24 794 61
25 319 298
26 110 581
27 842 747
28 419 970
29 475 192
30 954 762
31 578 249
32 525 171
33 776 455
34 362 94
35 14 440
36 520 807
37 716 94
38 918 710
39 967 432
40 235 461
41 980 10
42 582 395
43 781 352
44 977 44
45 568 725
46 417 350
47 979 177
48 154 907
49 787 543
50 320 29
51 523 101
52 256 163
53 958 213
54 59 501
55 177 286
56 550 702
57 807 262
58 44 14
59 549 632
60 637 316
61 928 100
62 186 668
63 263 822
64 839 408
65 879 628
66 848 671
67 161 746
68 127 9
69 186 679
70 669 980
71 556 299
72 594 911
73 646 676
74 987 590
75 704 12
76 849 477
77 664 703
78 766 160
79 660 308
80 414 622
81 389 115
82 300 903
83 636 53
84 298 558
85 274 215
86 17 988
87 147 179
88 506 14
89 622 813
90 856 87
91 219 708
92 583 504
93 237 306
94 440 230
95 543 108
96 197 511
97 80 112
98 699 360
99 873 46
100 452 549
DEMAND_SECTION
1 0
2 10
3 5
4 2
5 3
6 4
7 1
8 1
9 3
10 2
11 2
12 7
13 7
14 2
15 3
16 2
17 2
18 1
19 3
20 1
21 10
22 1
23 3
24 4
25 9
26 7
27 5
28 3
29 3
30 7
31 10
32 11
33 7
34 5
35 2
36 4
37 6
38 2
39 1
40 3
41 11
42 10
43 2
44 7
45 7
46 9
47 5
48 2
49 8
50 7
51 2
52 11
53 6
54 1
55 10
56 8
57 6
58 2
59 10
60 5
61 7
62 10
63 8
64 3
65 2
66 5
67 10
68 8
69 11
70 10
71 5
72 2
73 9
74 9
75 7
76 4
77 6
78 5
79 5
80 6
81 9
82 8
83 6
84 3
85 11
86 11
87 10
88 2
89 3
90 9
91 11
92 8
93 6
94 10
95 6
96 3
97 3
98 3
99 9
100 6
DEPOT_SECTION
 1
 -1
 EOF 