NAME: I27390-n74-k9
COMMENT : (Fake et al, No of trucks: 9, Optimal value: )
TYPE : CVRP
DIMENSION : 74
EDGE_WEIGHT_TYPE : EUC_2D
CAPACITY : 37
NODE_COORD_SECTION
1 299 628
2 624 624
3 827 578
4 19 323
5 745 926
6 307 643
7 546 190
8 305 932
9 91 490
10 393 755
11 960 331
12 385 883
13 927 889
14 294 695
15 440 895
16 19 442
17 195 221
18 553 860
19 678 504
20 730 611
21 687 426
22 76 51
23 850 726
24 623 27
25 269 580
26 5 352
27 898 28
28 130 982
29 853 581
30 712 288
31 874 527
32 984 114
33 857 708
34 985 51
35 953 305
36 654 866
37 108 833
38 116 178
39 175 858
40 414 68
41 150 777
42 498 932
43 829 523
44 930 933
45 78 193
46 919 752
47 531 469
48 350 0
49 199 587
50 534 135
51 975 19
52 468 766
53 423 1000
54 108 542
55 448 375
56 595 975
57 598 510
58 917 705
59 997 90
60 915 907
61 688 380
62 608 882
63 892 863
64 107 846
65 400 236
66 159 264
67 337 167
68 869 552
69 530 704
70 627 337
71 913 963
72 36 859
73 77 117
74 281 128
DEMAND_SECTION
1 0
2 4
3 3
4 6
5 1
6 5
7 1
8 7
9 7
10 5
11 2
12 7
13 1
14 2
15 2
16 3
17 2
18 6
19 7
20 7
21 3
22 7
23 3
24 5
25 6
26 6
27 3
28 1
29 6
30 2
31 2
32 6
33 7
34 1
35 6
36 6
37 4
38 3
39 6
40 2
41 2
42 1
43 7
44 1
45 7
46 6
47 7
48 2
49 4
50 5
51 2
52 7
53 7
54 7
55 3
56 3
57 7
58 3
59 3
60 2
61 6
62 3
63 7
64 7
65 2
66 6
67 2
68 7
69 3
70 3
71 6
72 6
73 4
74 1
DEPOT_SECTION
 1
 -1
 EOF 