NAME: I27330-n100-k8
COMMENT : (Fake et al, No of trucks: 8, Optimal value: )
TYPE : CVRP
DIMENSION : 100
EDGE_WEIGHT_TYPE : EUC_2D
CAPACITY : 34
NODE_COORD_SECTION
1 13 308
2 955 858
3 683 268
4 615 441
5 609 369
6 681 238
7 226 76
8 926 673
9 856 338
10 883 406
11 773 631
12 521 289
13 978 122
14 821 428
15 201 1
16 216 579
17 24 222
18 445 751
19 805 866
20 913 27
21 556 835
22 795 337
23 971 902
24 7 778
25 549 658
26 507 130
27 431 39
28 217 644
29 313 9
30 813 675
31 625 167
32 823 494
33 420 970
34 5 799
35 616 603
36 159 999
37 279 224
38 640 166
39 744 29
40 257 607
41 487 99
42 579 160
43 71 399
44 924 413
45 283 615
46 366 830
47 653 637
48 156 327
49 488 487
50 123 621
51 812 343
52 407 500
53 480 947
54 821 286
55 264 859
56 993 181
57 280 557
58 460 82
59 989 235
60 447 612
61 192 98
62 343 287
63 666 92
64 99 52
65 301 268
66 283 671
67 974 432
68 928 947
69 350 588
70 50 745
71 707 596
72 134 347
73 140 690
74 479 978
75 379 859
76 629 650
77 800 722
78 651 686
79 254 605
80 814 828
81 733 113
82 718 162
83 610 435
84 153 143
85 538 945
86 776 587
87 270 605
88 898 503
89 316 399
90 327 311
91 402 767
92 171 701
93 182 676
94 43 709
95 195 330
96 952 35
97 146 108
98 333 303
99 172 531
100 962 807
DEMAND_SECTION
1 0
2 1
3 1
4 2
5 2
6 2
7 4
8 3
9 2
10 1
11 3
12 4
13 2
14 4
15 2
16 2
17 2
18 3
19 4
20 1
21 3
22 4
23 1
24 3
25 1
26 2
27 3
28 3
29 3
30 2
31 4
32 3
33 4
34 3
35 4
36 2
37 2
38 2
39 1
40 2
41 2
42 2
43 2
44 2
45 2
46 4
47 2
48 3
49 3
50 1
51 1
52 1
53 2
54 3
55 2
56 3
57 3
58 2
59 4
60 4
61 1
62 2
63 2
64 3
65 3
66 2
67 2
68 2
69 4
70 3
71 2
72 4
73 3
74 4
75 3
76 1
77 2
78 1
79 4
80 1
81 2
82 2
83 2
84 3
85 3
86 2
87 4
88 4
89 1
90 3
91 2
92 3
93 3
94 4
95 2
96 4
97 1
98 3
99 4
100 3
DEPOT_SECTION
 1
 -1
 EOF 