NAME: I27369-n99-k6
COMMENT : (Fake et al, No of trucks: 6, Optimal value: )
TYPE : CVRP
DIMENSION : 99
EDGE_WEIGHT_TYPE : EUC_2D
CAPACITY : 101
NODE_COORD_SECTION
1 182 267
2 76 41
3 47 522
4 291 997
5 433 724
6 702 518
7 692 997
8 610 281
9 208 339
10 977 635
11 886 990
12 152 506
13 378 843
14 219 682
15 483 977
16 115 82
17 789 9
18 160 170
19 983 639
20 783 869
21 513 673
22 462 891
23 887 465
24 964 83
25 722 178
26 764 581
27 291 334
28 380 105
29 625 363
30 48 720
31 419 624
32 266 280
33 426 785
34 655 288
35 878 894
36 282 92
37 652 10
38 635 649
39 272 378
40 782 872
41 947 301
42 455 756
43 320 946
44 624 526
45 777 477
46 270 507
47 309 344
48 813 368
49 47 352
50 107 312
51 109 395
52 810 779
53 546 893
54 439 90
55 353 820
56 887 626
57 490 620
58 660 497
59 78 77
60 940 933
61 402 545
62 859 32
63 170 563
64 329 229
65 848 822
66 453 153
67 837 142
68 890 167
69 938 129
70 30 297
71 974 330
72 52 658
73 970 732
74 106 701
75 12 151
76 517 94
77 409 139
78 562 920
79 550 34
80 911 596
81 591 1000
82 154 516
83 424 944
84 496 424
85 44 139
86 173 279
87 950 715
88 646 120
89 647 59
90 269 561
91 772 329
92 869 316
93 528 376
94 304 126
95 841 432
96 673 53
97 990 606
98 235 6
99 979 451
DEMAND_SECTION
1 0
2 11
3 10
4 5
5 4
6 2
7 8
8 8
9 7
10 3
11 1
12 9
13 4
14 7
15 11
16 5
17 7
18 10
19 2
20 2
21 10
22 9
23 8
24 10
25 5
26 3
27 3
28 2
29 10
30 10
31 1
32 6
33 2
34 1
35 2
36 5
37 1
38 8
39 3
40 4
41 8
42 6
43 7
44 8
45 2
46 7
47 9
48 4
49 5
50 3
51 4
52 2
53 4
54 4
55 8
56 6
57 2
58 10
59 11
60 3
61 7
62 7
63 5
64 2
65 5
66 3
67 9
68 2
69 4
70 1
71 8
72 4
73 5
74 7
75 11
76 4
77 9
78 2
79 5
80 11
81 3
82 6
83 6
84 3
85 8
86 10
87 9
88 7
89 7
90 9
91 7
92 6
93 7
94 9
95 1
96 6
97 4
98 9
99 4
DEPOT_SECTION
 1
 -1
 EOF 