NAME: I27328-n93-k10
COMMENT : (Fake et al, No of trucks: 10, Optimal value: )
TYPE : CVRP
DIMENSION : 93
EDGE_WEIGHT_TYPE : EUC_2D
CAPACITY : 12
NODE_COORD_SECTION
1 471 133
2 114 963
3 163 396
4 957 570
5 846 488
6 465 972
7 546 801
8 317 699
9 705 945
10 109 789
11 623 984
12 550 808
13 15 326
14 31 662
15 264 377
16 113 957
17 681 30
18 353 368
19 621 238
20 565 69
21 899 417
22 182 674
23 639 253
24 193 731
25 62 397
26 136 572
27 733 130
28 545 206
29 665 236
30 87 695
31 279 102
32 360 487
33 304 689
34 339 816
35 750 918
36 788 129
37 166 53
38 358 738
39 598 427
40 782 594
41 746 405
42 810 390
43 76 396
44 684 970
45 40 39
46 447 857
47 395 424
48 662 765
49 874 28
50 771 242
51 485 924
52 733 437
53 291 850
54 59 835
55 93 748
56 787 478
57 437 288
58 814 352
59 31 438
60 966 342
61 526 568
62 588 327
63 826 411
64 668 884
65 186 734
66 824 251
67 726 100
68 496 126
69 852 13
70 270 919
71 705 723
72 883 562
73 809 954
74 674 248
75 785 856
76 389 927
77 970 570
78 505 876
79 729 366
80 378 811
81 791 560
82 823 620
83 243 540
84 83 853
85 779 248
86 722 656
87 77 74
88 997 368
89 359 937
90 724 684
91 700 288
92 92 926
93 47 861
DEMAND_SECTION
1 0
2 1
3 1
4 1
5 1
6 1
7 1
8 1
9 1
10 1
11 1
12 1
13 1
14 1
15 1
16 1
17 1
18 1
19 1
20 1
21 1
22 1
23 1
24 1
25 1
26 1
27 1
28 1
29 1
30 1
31 1
32 1
33 1
34 1
35 1
36 1
37 1
38 1
39 1
40 1
41 1
42 1
43 1
44 1
45 1
46 1
47 1
48 1
49 1
50 1
51 1
52 1
53 1
54 1
55 1
56 1
57 1
58 1
59 1
60 1
61 1
62 1
63 1
64 1
65 1
66 1
67 1
68 1
69 1
70 1
71 1
72 1
73 1
74 1
75 1
76 1
77 1
78 1
79 1
80 1
81 1
82 1
83 1
84 1
85 1
86 1
87 1
88 1
89 1
90 1
91 1
92 1
93 1
DEPOT_SECTION
 1
 -1
 EOF 