NAME: I27452-n83-k7
COMMENT : (Fake et al, No of trucks: 7, Optimal value: )
TYPE : CVRP
DIMENSION : 83
EDGE_WEIGHT_TYPE : EUC_2D
CAPACITY : 21
NODE_COORD_SECTION
1 954 771
2 991 902
3 954 912
4 402 865
5 76 765
6 279 870
7 587 871
8 230 638
9 122 228
10 154 474
11 867 138
12 404 719
13 734 29
14 411 64
15 309 942
16 531 91
17 137 863
18 667 85
19 642 71
20 495 655
21 410 141
22 879 675
23 247 728
24 365 866
25 667 875
26 713 855
27 921 79
28 361 766
29 859 790
30 630 4
31 615 281
32 506 893
33 503 870
34 173 922
35 39 669
36 161 858
37 725 401
38 715 803
39 211 831
40 814 309
41 738 685
42 21 134
43 749 666
44 938 339
45 485 253
46 776 374
47 101 837
48 392 89
49 250 999
50 17 378
51 598 531
52 288 342
53 454 337
54 473 214
55 936 848
56 116 527
57 649 383
58 207 753
59 718 668
60 894 375
61 745 300
62 970 219
63 319 385
64 119 521
65 943 590
66 736 464
67 295 446
68 857 570
69 647 725
70 22 7
71 148 609
72 618 917
73 921 634
74 259 585
75 306 859
76 641 47
77 187 793
78 69 172
79 588 347
80 300 680
81 891 258
82 884 550
83 228 109
DEMAND_SECTION
1 0
2 2
3 2
4 1
5 2
6 2
7 1
8 2
9 1
10 1
11 2
12 2
13 2
14 2
15 1
16 1
17 2
18 1
19 2
20 1
21 2
22 1
23 1
24 1
25 1
26 2
27 2
28 2
29 2
30 1
31 2
32 1
33 2
34 1
35 2
36 1
37 1
38 1
39 1
40 2
41 1
42 2
43 1
44 2
45 2
46 2
47 1
48 1
49 1
50 2
51 2
52 1
53 2
54 1
55 2
56 2
57 1
58 2
59 2
60 2
61 2
62 2
63 1
64 2
65 1
66 2
67 2
68 1
69 1
70 1
71 1
72 1
73 2
74 2
75 2
76 1
77 1
78 2
79 1
80 2
81 2
82 1
83 2
DEPOT_SECTION
 1
 -1
 EOF 