NAME: I27429-n94-k9
COMMENT : (Fake et al, No of trucks: 9, Optimal value: )
TYPE : CVRP
DIMENSION : 94
EDGE_WEIGHT_TYPE : EUC_2D
CAPACITY : 62
NODE_COORD_SECTION
1 103 118
2 220 416
3 998 262
4 577 791
5 525 940
6 414 124
7 109 56
8 796 874
9 741 150
10 645 393
11 951 618
12 528 710
13 714 410
14 195 440
15 217 447
16 901 162
17 577 533
18 531 419
19 18 286
20 745 886
21 499 847
22 777 903
23 51 710
24 712 572
25 819 721
26 916 181
27 828 916
28 878 414
29 795 672
30 964 114
31 809 915
32 475 975
33 414 423
34 824 839
35 862 456
36 930 739
37 906 288
38 102 670
39 25 716
40 524 452
41 255 73
42 20 188
43 200 396
44 458 912
45 98 719
46 811 341
47 883 0
48 370 277
49 440 927
50 802 55
51 667 304
52 756 391
53 725 246
54 725 934
55 311 89
56 304 111
57 202 166
58 974 546
59 409 933
60 755 507
61 522 337
62 708 465
63 859 545
64 919 802
65 465 633
66 653 454
67 531 301
68 32 230
69 967 248
70 269 790
71 276 212
72 945 274
73 699 552
74 996 790
75 815 822
76 858 895
77 17 213
78 311 832
79 699 388
80 529 84
81 87 158
82 293 559
83 0 967
84 30 735
85 509 987
86 601 694
87 107 609
88 770 493
89 162 245
90 297 1000
91 879 969
92 143 664
93 359 313
94 105 314
DEMAND_SECTION
1 0
2 2
3 6
4 10
5 3
6 10
7 3
8 10
9 2
10 7
11 1
12 1
13 2
14 3
15 7
16 4
17 9
18 9
19 3
20 1
21 8
22 10
23 6
24 1
25 6
26 7
27 3
28 9
29 9
30 3
31 2
32 5
33 7
34 8
35 6
36 5
37 3
38 1
39 10
40 3
41 2
42 11
43 1
44 3
45 9
46 3
47 9
48 8
49 7
50 8
51 1
52 6
53 8
54 2
55 5
56 3
57 6
58 11
59 2
60 7
61 1
62 4
63 3
64 8
65 1
66 5
67 5
68 9
69 8
70 8
71 10
72 6
73 7
74 5
75 5
76 5
77 4
78 10
79 11
80 3
81 3
82 8
83 11
84 4
85 9
86 3
87 10
88 5
89 4
90 11
91 2
92 3
93 1
94 8
DEPOT_SECTION
 1
 -1
 EOF 