NAME: I27471-n78-k9
COMMENT : (Fake et al, No of trucks: 9, Optimal value: )
TYPE : CVRP
DIMENSION : 78
EDGE_WEIGHT_TYPE : EUC_2D
CAPACITY : 54
NODE_COORD_SECTION
1 548 925
2 519 297
3 315 724
4 372 465
5 448 644
6 423 126
7 619 731
8 628 996
9 968 345
10 205 163
11 207 828
12 385 897
13 33 618
14 944 737
15 928 851
16 381 296
17 291 192
18 953 293
19 458 996
20 522 245
21 747 604
22 945 425
23 993 351
24 25 712
25 162 957
26 790 518
27 904 650
28 736 643
29 989 203
30 596 243
31 268 280
32 416 11
33 96 938
34 281 722
35 574 114
36 270 972
37 142 279
38 534 492
39 588 217
40 87 997
41 879 44
42 722 370
43 568 871
44 597 296
45 131 883
46 675 861
47 673 989
48 61 923
49 114 691
50 804 274
51 862 390
52 5 196
53 206 387
54 497 782
55 753 203
56 375 40
57 661 567
58 278 175
59 44 206
60 66 625
61 933 986
62 695 237
63 37 352
64 953 466
65 36 432
66 295 558
67 841 924
68 589 786
69 905 546
70 625 583
71 775 734
72 897 398
73 969 393
74 37 897
75 532 66
76 739 741
77 801 783
78 217 933
DEMAND_SECTION
1 0
2 4
3 8
4 1
5 4
6 4
7 2
8 5
9 3
10 5
11 10
12 1
13 4
14 1
15 10
16 10
17 4
18 8
19 8
20 1
21 9
22 4
23 9
24 3
25 6
26 3
27 2
28 2
29 9
30 3
31 9
32 4
33 3
34 4
35 1
36 3
37 1
38 10
39 7
40 2
41 2
42 7
43 4
44 9
45 10
46 7
47 2
48 2
49 5
50 7
51 10
52 7
53 8
54 4
55 2
56 2
57 5
58 4
59 5
60 2
61 1
62 9
63 8
64 3
65 6
66 9
67 8
68 7
69 10
70 9
71 10
72 10
73 9
74 1
75 8
76 2
77 8
78 10
DEPOT_SECTION
 1
 -1
 EOF 