NAME: I27434-n75-k8
COMMENT : (Fake et al, No of trucks: 8, Optimal value: )
TYPE : CVRP
DIMENSION : 75
EDGE_WEIGHT_TYPE : EUC_2D
CAPACITY : 38
NODE_COORD_SECTION
1 23 134
2 742 979
3 727 550
4 953 169
5 813 781
6 114 190
7 967 781
8 631 621
9 783 348
10 880 695
11 126 382
12 128 240
13 320 23
14 981 837
15 580 909
16 85 755
17 516 311
18 934 66
19 658 468
20 520 124
21 260 765
22 797 310
23 907 492
24 747 772
25 33 480
26 1000 354
27 201 456
28 492 977
29 935 932
30 702 226
31 63 450
32 419 699
33 315 1000
34 550 195
35 381 553
36 8 362
37 490 308
38 298 513
39 778 237
40 953 446
41 917 553
42 508 947
43 229 886
44 716 298
45 378 965
46 756 653
47 945 41
48 868 115
49 588 256
50 257 23
51 641 819
52 905 486
53 347 579
54 91 754
55 353 907
56 866 34
57 687 84
58 12 289
59 82 457
60 229 413
61 131 800
62 539 250
63 708 980
64 801 540
65 886 339
66 700 397
67 103 14
68 22 972
69 798 656
70 790 539
71 954 612
72 260 52
73 155 118
74 356 994
75 460 87
DEMAND_SECTION
1 0
2 4
3 1
4 6
5 5
6 1
7 1
8 1
9 5
10 4
11 1
12 3
13 1
14 2
15 7
16 7
17 6
18 3
19 2
20 4
21 4
22 7
23 7
24 7
25 7
26 1
27 2
28 1
29 2
30 3
31 2
32 7
33 5
34 4
35 2
36 5
37 5
38 5
39 1
40 6
41 2
42 2
43 4
44 2
45 3
46 2
47 6
48 1
49 4
50 1
51 1
52 3
53 4
54 1
55 4
56 1
57 1
58 4
59 3
60 6
61 4
62 5
63 4
64 3
65 3
66 4
67 1
68 1
69 5
70 2
71 5
72 2
73 7
74 3
75 1
DEPOT_SECTION
 1
 -1
 EOF 