NAME: I27472-n80-k10
COMMENT : (Fake et al, No of trucks: 10, Optimal value: )
TYPE : CVRP
DIMENSION : 80
EDGE_WEIGHT_TYPE : EUC_2D
CAPACITY : 59
NODE_COORD_SECTION
1 749 88
2 834 792
3 825 597
4 449 892
5 677 889
6 272 697
7 77 686
8 777 317
9 942 42
10 303 217
11 555 592
12 360 460
13 609 896
14 502 352
15 28 296
16 934 359
17 555 485
18 822 585
19 439 580
20 556 350
21 990 394
22 745 68
23 974 441
24 429 424
25 780 747
26 889 717
27 299 754
28 653 240
29 763 218
30 886 412
31 111 865
32 223 395
33 602 563
34 143 84
35 930 850
36 2 212
37 103 728
38 185 301
39 34 706
40 789 824
41 980 824
42 122 417
43 23 665
44 29 513
45 386 912
46 754 778
47 953 828
48 769 778
49 189 701
50 805 278
51 664 35
52 268 937
53 326 558
54 574 447
55 967 365
56 151 252
57 636 436
58 564 503
59 674 659
60 159 1
61 411 685
62 607 363
63 82 746
64 852 898
65 39 270
66 936 521
67 922 290
68 271 236
69 78 451
70 644 799
71 515 142
72 436 46
73 341 71
74 897 169
75 320 30
76 828 671
77 27 708
78 31 474
79 886 72
80 828 228
DEMAND_SECTION
1 0
2 2
3 8
4 9
5 5
6 5
7 2
8 9
9 1
10 4
11 8
12 4
13 2
14 6
15 4
16 9
17 2
18 9
19 11
20 7
21 10
22 7
23 9
24 10
25 9
26 6
27 10
28 11
29 2
30 3
31 3
32 2
33 10
34 3
35 6
36 5
37 3
38 2
39 8
40 5
41 11
42 9
43 11
44 7
45 10
46 8
47 5
48 5
49 1
50 5
51 7
52 11
53 7
54 4
55 5
56 9
57 2
58 5
59 11
60 3
61 4
62 1
63 4
64 4
65 8
66 1
67 4
68 8
69 2
70 9
71 11
72 7
73 6
74 11
75 8
76 9
77 8
78 5
79 2
80 2
DEPOT_SECTION
 1
 -1
 EOF 