NAME: I27526-n86-k8
COMMENT : (Fake et al, No of trucks: 8, Optimal value: )
TYPE : CVRP
DIMENSION : 86
EDGE_WEIGHT_TYPE : EUC_2D
CAPACITY : 19
NODE_COORD_SECTION
1 261 121
2 5 689
3 690 711
4 24 350
5 816 263
6 86 299
7 73 656
8 350 641
9 925 956
10 253 733
11 620 716
12 991 710
13 826 147
14 588 622
15 681 368
16 955 142
17 47 291
18 625 304
19 137 809
20 396 939
21 133 196
22 725 756
23 620 890
24 538 214
25 489 723
26 458 653
27 660 222
28 771 571
29 96 125
30 14 648
31 180 865
32 691 909
33 224 764
34 113 497
35 603 171
36 343 157
37 177 90
38 204 711
39 139 606
40 795 421
41 580 314
42 606 902
43 829 66
44 24 199
45 986 650
46 991 94
47 895 141
48 981 645
49 251 814
50 502 355
51 86 681
52 93 228
53 381 931
54 475 957
55 16 285
56 399 243
57 129 375
58 987 991
59 48 503
60 501 3
61 387 11
62 255 486
63 168 71
64 276 340
65 963 450
66 137 993
67 150 699
68 818 896
69 344 505
70 61 6
71 248 613
72 509 558
73 943 141
74 792 259
75 792 5
76 146 990
77 566 561
78 574 819
79 901 443
80 142 462
81 326 162
82 76 570
83 439 515
84 284 881
85 473 534
86 875 855
DEMAND_SECTION
1 0
2 1
3 2
4 1
5 1
6 2
7 2
8 1
9 1
10 1
11 2
12 1
13 1
14 1
15 1
16 2
17 1
18 2
19 1
20 1
21 2
22 1
23 2
24 2
25 1
26 2
27 1
28 1
29 2
30 2
31 1
32 2
33 2
34 2
35 2
36 2
37 1
38 2
39 2
40 1
41 1
42 2
43 2
44 2
45 1
46 2
47 2
48 1
49 2
50 2
51 1
52 2
53 1
54 2
55 2
56 2
57 2
58 1
59 2
60 2
61 1
62 2
63 1
64 2
65 2
66 1
67 2
68 2
69 1
70 2
71 2
72 2
73 2
74 2
75 1
76 1
77 2
78 2
79 2
80 1
81 1
82 1
83 2
84 2
85 2
86 1
DEPOT_SECTION
 1
 -1
 EOF 