NAME: I27575-n84-k8
COMMENT : (Fake et al, No of trucks: 8, Optimal value: )
TYPE : CVRP
DIMENSION : 84
EDGE_WEIGHT_TYPE : EUC_2D
CAPACITY : 19
NODE_COORD_SECTION
1 906 608
2 578 659
3 92 352
4 751 665
5 813 593
6 235 332
7 612 63
8 790 896
9 197 101
10 878 961
11 619 481
12 245 938
13 537 349
14 470 32
15 5 735
16 634 156
17 842 851
18 536 898
19 786 615
20 788 507
21 488 144
22 623 675
23 764 884
24 141 334
25 93 614
26 36 217
27 662 25
28 490 639
29 800 483
30 403 604
31 721 478
32 989 299
33 84 611
34 72 322
35 655 756
36 842 423
37 749 569
38 715 534
39 916 898
40 554 703
41 330 857
42 753 847
43 787 36
44 851 488
45 919 396
46 254 687
47 404 464
48 501 257
49 595 120
50 969 240
51 649 255
52 176 293
53 117 34
54 594 288
55 512 670
56 172 170
57 840 282
58 720 989
59 918 550
60 510 793
61 199 541
62 797 237
63 893 593
64 329 210
65 940 582
66 245 873
67 760 655
68 216 812
69 563 222
70 931 148
71 713 900
72 780 881
73 865 791
74 814 954
75 494 10
76 24 956
77 481 861
78 482 618
79 599 467
80 191 32
81 181 836
82 779 44
83 406 130
84 241 459
DEMAND_SECTION
1 0
2 2
3 1
4 2
5 1
6 1
7 2
8 2
9 1
10 1
11 1
12 1
13 2
14 1
15 1
16 2
17 1
18 2
19 2
20 1
21 2
22 2
23 2
24 1
25 2
26 1
27 2
28 1
29 1
30 2
31 1
32 1
33 1
34 2
35 1
36 2
37 2
38 2
39 1
40 1
41 2
42 1
43 2
44 2
45 2
46 2
47 2
48 1
49 1
50 1
51 2
52 2
53 1
54 2
55 2
56 2
57 2
58 1
59 1
60 1
61 1
62 1
63 1
64 2
65 1
66 1
67 1
68 2
69 1
70 1
71 1
72 1
73 1
74 2
75 1
76 2
77 1
78 1
79 1
80 1
81 2
82 2
83 1
84 2
DEPOT_SECTION
 1
 -1
 EOF 