NAME: I27500-n74-k10
COMMENT : (Fake et al, No of trucks: 10, Optimal value: )
TYPE : CVRP
DIMENSION : 74
EDGE_WEIGHT_TYPE : EUC_2D
CAPACITY : 45
NODE_COORD_SECTION
1 666 436
2 570 433
3 873 445
4 36 213
5 232 568
6 829 908
7 457 211
8 71 677
9 331 493
10 738 5
11 125 479
12 895 447
13 388 960
14 172 639
15 815 505
16 833 822
17 508 769
18 696 32
19 759 527
20 141 531
21 483 921
22 437 243
23 78 30
24 166 64
25 971 768
26 419 532
27 58 185
28 312 168
29 175 816
30 580 9
31 220 99
32 681 605
33 235 309
34 196 383
35 789 288
36 659 913
37 656 20
38 549 651
39 103 265
40 187 901
41 148 388
42 240 158
43 343 134
44 124 995
45 159 646
46 830 349
47 961 521
48 842 119
49 883 30
50 365 23
51 644 6
52 825 928
53 160 156
54 411 869
55 690 323
56 146 456
57 50 961
58 73 977
59 23 78
60 813 11
61 61 797
62 326 871
63 28 120
64 930 2
65 445 835
66 295 583
67 439 811
68 906 324
69 912 621
70 666 705
71 702 337
72 947 313
73 222 410
74 920 179
DEMAND_SECTION
1 0
2 4
3 4
4 7
5 9
6 7
7 2
8 4
9 1
10 3
11 7
12 1
13 9
14 6
15 6
16 1
17 7
18 6
19 7
20 4
21 9
22 7
23 10
24 10
25 5
26 4
27 4
28 1
29 1
30 8
31 9
32 10
33 8
34 3
35 8
36 2
37 8
38 4
39 3
40 4
41 8
42 1
43 8
44 7
45 2
46 6
47 10
48 5
49 6
50 10
51 9
52 6
53 5
54 6
55 4
56 5
57 10
58 2
59 4
60 3
61 2
62 9
63 1
64 9
65 7
66 9
67 7
68 4
69 7
70 7
71 6
72 7
73 7
74 5
DEPOT_SECTION
 1
 -1
 EOF 