NAME: I27543-n91-k6
COMMENT : (Fake et al, No of trucks: 6, Optimal value: )
TYPE : CVRP
DIMENSION : 91
EDGE_WEIGHT_TYPE : EUC_2D
CAPACITY : 69
NODE_COORD_SECTION
1 391 970
2 766 768
3 679 110
4 340 611
5 75 634
6 546 965
7 257 931
8 899 687
9 663 801
10 829 43
11 667 694
12 576 96
13 417 75
14 370 376
15 889 598
16 985 258
17 155 997
18 839 136
19 833 757
20 419 768
21 409 891
22 592 1000
23 370 681
24 484 705
25 436 101
26 298 346
27 130 151
28 25 902
29 618 313
30 736 622
31 408 827
32 627 137
33 709 90
34 555 502
35 405 417
36 4 108
37 633 805
38 183 689
39 21 15
40 235 39
41 626 551
42 906 221
43 321 562
44 740 90
45 714 837
46 140 36
47 970 846
48 92 592
49 658 270
50 827 544
51 1 285
52 340 808
53 901 22
54 663 284
55 511 483
56 197 237
57 614 921
58 951 431
59 449 570
60 456 905
61 991 113
62 934 328
63 46 696
64 880 807
65 74 500
66 21 116
67 4 245
68 355 150
69 356 168
70 393 388
71 506 361
72 896 843
73 812 972
74 870 113
75 230 706
76 371 165
77 707 887
78 915 915
79 263 603
80 993 127
81 938 841
82 191 927
83 40 842
84 281 885
85 85 258
86 623 104
87 565 329
88 145 580
89 983 322
90 643 312
91 299 708
DEMAND_SECTION
1 0
2 7
3 2
4 4
5 4
6 1
7 4
8 6
9 4
10 3
11 5
12 3
13 1
14 7
15 3
16 6
17 5
18 4
19 4
20 2
21 6
22 7
23 1
24 5
25 5
26 4
27 6
28 3
29 5
30 5
31 1
32 6
33 7
34 7
35 3
36 5
37 6
38 1
39 6
40 2
41 3
42 7
43 3
44 7
45 4
46 4
47 4
48 3
49 4
50 7
51 3
52 7
53 3
54 6
55 1
56 6
57 1
58 5
59 1
60 6
61 2
62 7
63 3
64 7
65 7
66 2
67 1
68 5
69 4
70 5
71 2
72 2
73 5
74 3
75 2
76 6
77 2
78 7
79 3
80 4
81 5
82 7
83 4
84 2
85 3
86 4
87 7
88 1
89 7
90 6
91 2
DEPOT_SECTION
 1
 -1
 EOF 