NAME: I27675-n82-k8
COMMENT : (Fake et al, No of trucks: 8, Optimal value: )
TYPE : CVRP
DIMENSION : 82
EDGE_WEIGHT_TYPE : EUC_2D
CAPACITY : 48
NODE_COORD_SECTION
1 956 332
2 409 338
3 848 877
4 914 591
5 628 329
6 91 901
7 117 624
8 143 353
9 86 138
10 156 955
11 13 384
12 424 596
13 51 885
14 779 382
15 21 96
16 790 679
17 924 789
18 679 854
19 67 228
20 309 577
21 672 83
22 713 486
23 641 846
24 162 394
25 155 517
26 94 873
27 750 428
28 630 69
29 761 165
30 552 68
31 821 28
32 827 792
33 770 643
34 94 739
35 744 817
36 606 399
37 499 243
38 69 106
39 634 541
40 454 391
41 988 356
42 620 826
43 828 987
44 386 358
45 186 863
46 921 921
47 731 885
48 783 435
49 637 905
50 825 369
51 932 277
52 5 947
53 490 238
54 326 313
55 521 710
56 901 614
57 510 92
58 863 269
59 617 774
60 977 191
61 952 486
62 750 339
63 443 82
64 813 382
65 852 277
66 419 239
67 669 968
68 776 575
69 580 697
70 611 659
71 62 893
72 813 523
73 530 118
74 126 53
75 454 573
76 195 170
77 428 629
78 837 333
79 675 228
80 900 349
81 91 376
82 14 870
DEMAND_SECTION
1 0
2 6
3 6
4 3
5 3
6 1
7 6
8 6
9 4
10 2
11 4
12 6
13 6
14 2
15 6
16 3
17 7
18 5
19 2
20 6
21 6
22 6
23 2
24 2
25 1
26 4
27 2
28 5
29 2
30 2
31 1
32 6
33 7
34 4
35 3
36 7
37 6
38 2
39 2
40 7
41 7
42 3
43 7
44 7
45 5
46 3
47 5
48 7
49 6
50 3
51 7
52 3
53 6
54 2
55 6
56 4
57 7
58 7
59 1
60 5
61 5
62 2
63 3
64 2
65 7
66 6
67 5
68 2
69 1
70 7
71 5
72 2
73 4
74 6
75 3
76 7
77 3
78 6
79 2
80 6
81 2
82 7
DEPOT_SECTION
 1
 -1
 EOF 