NAME: I27609-n75-k6
COMMENT : (Fake et al, No of trucks: 6, Optimal value: )
TYPE : CVRP
DIMENSION : 75
EDGE_WEIGHT_TYPE : EUC_2D
CAPACITY : 55
NODE_COORD_SECTION
1 301 603
2 834 353
3 656 520
4 278 408
5 87 906
6 639 485
7 760 853
8 113 127
9 529 276
10 243 818
11 118 127
12 334 533
13 455 182
14 100 969
15 546 784
16 461 344
17 179 60
18 899 242
19 435 987
20 599 654
21 674 395
22 504 217
23 87 476
24 630 810
25 989 940
26 172 938
27 188 931
28 738 561
29 150 759
30 507 647
31 440 379
32 339 122
33 362 226
34 746 214
35 1 625
36 482 1
37 606 315
38 421 863
39 320 221
40 751 535
41 762 184
42 826 413
43 68 227
44 417 570
45 893 989
46 930 99
47 155 361
48 343 34
49 146 594
50 997 97
51 513 952
52 988 843
53 306 816
54 940 399
55 620 651
56 642 10
57 560 691
58 529 521
59 180 109
60 263 859
61 878 783
62 986 917
63 388 468
64 195 923
65 273 961
66 273 844
67 287 147
68 935 155
69 56 456
70 266 844
71 466 631
72 531 171
73 232 741
74 47 410
75 936 167
DEMAND_SECTION
1 0
2 1
3 2
4 8
5 1
6 6
7 1
8 3
9 1
10 4
11 4
12 5
13 5
14 1
15 8
16 5
17 3
18 1
19 7
20 6
21 1
22 1
23 4
24 4
25 3
26 5
27 8
28 8
29 2
30 1
31 1
32 3
33 1
34 4
35 7
36 3
37 2
38 2
39 3
40 7
41 1
42 4
43 5
44 1
45 3
46 2
47 7
48 7
49 5
50 2
51 7
52 8
53 4
54 3
55 2
56 7
57 4
58 8
59 1
60 2
61 5
62 4
63 4
64 4
65 4
66 4
67 4
68 7
69 5
70 1
71 4
72 4
73 5
74 8
75 4
DEPOT_SECTION
 1
 -1
 EOF 