NAME: I27656-n94-k10
COMMENT : (Fake et al, No of trucks: 10, Optimal value: )
TYPE : CVRP
DIMENSION : 94
EDGE_WEIGHT_TYPE : EUC_2D
CAPACITY : 50
NODE_COORD_SECTION
1 474 1
2 269 360
3 241 821
4 204 602
5 947 109
6 777 857
7 417 679
8 151 570
9 48 429
10 45 987
11 301 865
12 324 51
13 194 991
14 153 667
15 992 940
16 383 476
17 236 276
18 27 754
19 279 288
20 95 745
21 548 30
22 270 732
23 484 677
24 429 238
25 348 587
26 402 266
27 492 770
28 767 114
29 221 25
30 758 640
31 143 567
32 912 235
33 47 942
34 917 793
35 219 227
36 188 197
37 845 552
38 123 267
39 587 463
40 954 303
41 389 888
42 775 234
43 575 520
44 700 864
45 600 559
46 919 818
47 843 565
48 248 38
49 433 65
50 388 604
51 850 928
52 214 236
53 799 390
54 989 230
55 96 259
56 190 662
57 300 958
58 104 809
59 683 92
60 737 796
61 984 776
62 63 952
63 582 887
64 169 380
65 74 263
66 349 291
67 754 886
68 516 601
69 128 833
70 275 3
71 915 123
72 794 439
73 720 784
74 73 103
75 370 831
76 595 679
77 413 177
78 989 160
79 723 607
80 965 627
81 608 897
82 710 772
83 412 821
84 623 451
85 688 910
86 106 543
87 360 156
88 721 887
89 603 323
90 320 635
91 646 501
92 739 27
93 996 402
94 747 258
DEMAND_SECTION
1 0
2 3
3 3
4 1
5 4
6 5
7 2
8 9
9 5
10 8
11 6
12 2
13 3
14 8
15 1
16 8
17 8
18 8
19 2
20 4
21 4
22 9
23 5
24 3
25 2
26 8
27 9
28 1
29 8
30 2
31 5
32 2
33 7
34 7
35 6
36 9
37 2
38 9
39 2
40 5
41 3
42 5
43 9
44 8
45 3
46 7
47 2
48 4
49 1
50 1
51 4
52 8
53 6
54 6
55 1
56 7
57 1
58 6
59 3
60 3
61 1
62 2
63 1
64 3
65 5
66 5
67 5
68 1
69 5
70 2
71 8
72 7
73 2
74 7
75 5
76 7
77 9
78 5
79 7
80 5
81 7
82 8
83 9
84 6
85 6
86 2
87 9
88 6
89 4
90 2
91 3
92 4
93 8
94 3
DEPOT_SECTION
 1
 -1
 EOF 