NAME: I27886-n77-k9
COMMENT : (Fake et al, No of trucks: 9, Optimal value: )
TYPE : CVRP
DIMENSION : 77
EDGE_WEIGHT_TYPE : EUC_2D
CAPACITY : 10
NODE_COORD_SECTION
1 118 674
2 409 738
3 603 53
4 234 754
5 291 716
6 213 259
7 887 671
8 366 624
9 492 967
10 631 11
11 661 46
12 705 109
13 550 950
14 290 275
15 251 637
16 555 795
17 569 748
18 509 494
19 280 462
20 883 758
21 758 722
22 36 888
23 540 116
24 127 161
25 313 862
26 713 870
27 488 407
28 617 573
29 201 367
30 50 700
31 357 775
32 436 96
33 94 414
34 64 959
35 412 49
36 825 390
37 76 346
38 19 706
39 736 194
40 888 135
41 122 573
42 277 391
43 758 530
44 349 46
45 503 42
46 320 888
47 194 531
48 88 811
49 945 792
50 309 906
51 537 77
52 317 62
53 790 118
54 182 673
55 336 106
56 948 388
57 264 105
58 734 75
59 922 203
60 550 369
61 219 392
62 620 342
63 906 96
64 270 659
65 75 474
66 749 814
67 163 934
68 179 780
69 3 742
70 694 420
71 382 628
72 853 578
73 690 941
74 783 496
75 107 285
76 274 112
77 538 538
DEMAND_SECTION
1 0
2 1
3 1
4 1
5 1
6 1
7 1
8 1
9 1
10 1
11 1
12 1
13 1
14 1
15 1
16 1
17 1
18 1
19 1
20 1
21 1
22 1
23 1
24 1
25 1
26 1
27 1
28 1
29 1
30 1
31 1
32 1
33 1
34 1
35 1
36 1
37 1
38 1
39 1
40 1
41 1
42 1
43 1
44 1
45 1
46 1
47 1
48 1
49 1
50 1
51 1
52 1
53 1
54 1
55 1
56 1
57 1
58 1
59 1
60 1
61 1
62 1
63 1
64 1
65 1
66 1
67 1
68 1
69 1
70 1
71 1
72 1
73 1
74 1
75 1
76 1
77 1
DEPOT_SECTION
 1
 -1
 EOF 