NAME: I27804-n94-k7
COMMENT : (Fake et al, No of trucks: 7, Optimal value: )
TYPE : CVRP
DIMENSION : 94
EDGE_WEIGHT_TYPE : EUC_2D
CAPACITY : 56
NODE_COORD_SECTION
1 605 174
2 757 298
3 84 370
4 183 362
5 335 463
6 457 989
7 853 748
8 390 640
9 460 787
10 141 160
11 384 437
12 795 12
13 81 503
14 190 526
15 210 147
16 374 324
17 473 60
18 719 847
19 172 709
20 997 692
21 155 420
22 852 686
23 880 439
24 600 405
25 768 453
26 246 282
27 185 82
28 95 745
29 652 2
30 736 379
31 258 588
32 75 466
33 594 64
34 38 77
35 669 795
36 944 145
37 114 490
38 772 1
39 907 899
40 237 491
41 787 407
42 286 713
43 577 584
44 715 317
45 230 581
46 803 765
47 235 932
48 261 335
49 911 295
50 629 450
51 946 165
52 117 620
53 74 470
54 637 703
55 824 521
56 688 894
57 197 802
58 602 183
59 801 817
60 77 333
61 675 848
62 177 232
63 947 535
64 570 817
65 635 116
66 709 170
67 923 788
68 139 768
69 907 414
70 593 156
71 548 960
72 366 592
73 23 951
74 929 660
75 278 958
76 299 869
77 449 591
78 812 416
79 650 783
80 33 689
81 696 636
82 786 416
83 335 211
84 178 818
85 201 537
86 337 10
87 622 979
88 489 732
89 188 262
90 82 915
91 367 295
92 242 412
93 78 577
94 753 781
DEMAND_SECTION
1 0
2 2
3 4
4 3
5 6
6 1
7 1
8 1
9 5
10 4
11 1
12 5
13 6
14 3
15 4
16 6
17 2
18 3
19 3
20 6
21 3
22 4
23 5
24 6
25 3
26 5
27 2
28 1
29 3
30 5
31 6
32 2
33 5
34 4
35 5
36 2
37 5
38 4
39 5
40 3
41 2
42 6
43 3
44 5
45 2
46 4
47 6
48 3
49 6
50 3
51 5
52 3
53 6
54 3
55 4
56 3
57 4
58 2
59 2
60 2
61 1
62 5
63 4
64 2
65 1
66 6
67 3
68 3
69 1
70 5
71 1
72 3
73 5
74 1
75 3
76 4
77 4
78 3
79 1
80 4
81 3
82 3
83 5
84 6
85 2
86 3
87 2
88 6
89 6
90 4
91 1
92 1
93 3
94 6
DEPOT_SECTION
 1
 -1
 EOF 