NAME: I27832-n74-k10
COMMENT : (Fake et al, No of trucks: 10, Optimal value: )
TYPE : CVRP
DIMENSION : 74
EDGE_WEIGHT_TYPE : EUC_2D
CAPACITY : 17
NODE_COORD_SECTION
1 707 630
2 602 334
3 334 970
4 615 586
5 665 302
6 722 943
7 461 179
8 484 166
9 559 539
10 442 160
11 113 867
12 213 701
13 939 586
14 403 233
15 888 983
16 820 554
17 202 165
18 994 234
19 89 178
20 904 958
21 403 388
22 538 345
23 53 208
24 356 922
25 521 773
26 757 886
27 299 548
28 806 819
29 71 968
30 469 171
31 256 331
32 381 608
33 96 809
34 694 254
35 355 292
36 968 785
37 69 178
38 378 533
39 296 15
40 838 654
41 360 534
42 52 817
43 326 809
44 413 508
45 217 825
46 627 55
47 556 979
48 822 888
49 593 309
50 54 745
51 725 906
52 673 109
53 783 846
54 810 19
55 891 152
56 653 975
57 145 656
58 791 285
59 974 230
60 115 401
61 346 225
62 72 910
63 854 201
64 189 602
65 847 797
66 416 435
67 972 954
68 453 120
69 675 613
70 198 621
71 717 252
72 634 346
73 898 564
74 25 215
DEMAND_SECTION
1 0
2 3
3 2
4 1
5 3
6 2
7 2
8 2
9 1
10 3
11 3
12 3
13 2
14 1
15 1
16 3
17 1
18 1
19 2
20 3
21 2
22 1
23 3
24 3
25 1
26 3
27 2
28 1
29 3
30 3
31 2
32 2
33 3
34 2
35 2
36 1
37 1
38 3
39 1
40 3
41 3
42 2
43 1
44 3
45 3
46 3
47 3
48 1
49 3
50 1
51 1
52 2
53 3
54 3
55 1
56 2
57 3
58 3
59 1
60 1
61 3
62 1
63 1
64 2
65 1
66 2
67 1
68 2
69 3
70 1
71 2
72 2
73 3
74 1
DEPOT_SECTION
 1
 -1
 EOF 