NAME: I27896-n95-k10
COMMENT : (Fake et al, No of trucks: 10, Optimal value: )
TYPE : CVRP
DIMENSION : 95
EDGE_WEIGHT_TYPE : EUC_2D
CAPACITY : 34
NODE_COORD_SECTION
1 242 361
2 926 796
3 599 482
4 643 586
5 364 916
6 935 828
7 715 391
8 767 774
9 644 861
10 601 804
11 282 24
12 614 240
13 952 777
14 618 434
15 976 96
16 539 223
17 275 596
18 974 870
19 692 169
20 123 655
21 375 549
22 179 518
23 441 434
24 430 677
25 137 508
26 181 73
27 165 21
28 1000 730
29 717 157
30 801 819
31 20 849
32 370 326
33 293 317
34 884 450
35 566 397
36 556 62
37 906 348
38 397 45
39 793 640
40 812 769
41 234 377
42 31 562
43 887 64
44 968 892
45 97 392
46 415 432
47 44 672
48 494 785
49 562 519
50 418 673
51 535 687
52 94 459
53 15 364
54 499 8
55 623 0
56 115 151
57 944 162
58 275 936
59 54 447
60 459 95
61 818 486
62 942 989
63 464 59
64 536 240
65 796 468
66 214 443
67 593 456
68 60 192
69 901 917
70 918 161
71 639 690
72 265 271
73 569 852
74 840 928
75 285 930
76 571 19
77 819 495
78 876 806
79 801 915
80 140 397
81 22 988
82 9 201
83 426 209
84 169 50
85 346 379
86 668 869
87 461 751
88 521 454
89 330 903
90 923 182
91 128 901
92 379 292
93 478 620
94 830 261
95 310 782
DEMAND_SECTION
1 0
2 6
3 5
4 3
5 1
6 1
7 6
8 2
9 4
10 3
11 6
12 2
13 4
14 1
15 5
16 2
17 2
18 5
19 6
20 6
21 6
22 3
23 5
24 5
25 4
26 2
27 1
28 3
29 2
30 6
31 3
32 6
33 2
34 1
35 3
36 4
37 1
38 5
39 1
40 3
41 1
42 3
43 6
44 5
45 3
46 2
47 2
48 2
49 5
50 3
51 1
52 5
53 2
54 6
55 4
56 3
57 5
58 1
59 4
60 4
61 6
62 4
63 5
64 2
65 2
66 1
67 5
68 1
69 1
70 6
71 1
72 4
73 4
74 5
75 5
76 5
77 2
78 3
79 4
80 3
81 6
82 2
83 2
84 1
85 5
86 2
87 2
88 4
89 6
90 6
91 3
92 2
93 3
94 1
95 1
DEPOT_SECTION
 1
 -1
 EOF 