NAME: I27983-n97-k6
COMMENT : (Fake et al, No of trucks: 6, Optimal value: )
TYPE : CVRP
DIMENSION : 97
EDGE_WEIGHT_TYPE : EUC_2D
CAPACITY : 34
NODE_COORD_SECTION
1 384 19
2 375 723
3 568 846
4 435 823
5 694 755
6 680 616
7 253 908
8 764 181
9 692 393
10 153 241
11 602 383
12 304 271
13 851 906
14 730 765
15 885 108
16 970 984
17 975 832
18 303 915
19 94 572
20 379 183
21 116 155
22 105 164
23 504 547
24 981 774
25 484 736
26 173 785
27 831 486
28 248 604
29 590 374
30 36 946
31 615 369
32 44 760
33 320 636
34 627 821
35 123 968
36 788 10
37 614 759
38 91 498
39 490 995
40 359 32
41 659 727
42 717 886
43 110 668
44 67 566
45 997 570
46 674 98
47 4 223
48 471 668
49 193 460
50 243 987
51 853 854
52 647 19
53 565 639
54 969 715
55 760 333
56 192 936
57 751 664
58 531 627
59 137 574
60 840 89
61 907 420
62 3 235
63 757 122
64 634 318
65 37 95
66 781 343
67 418 936
68 76 51
69 876 325
70 320 376
71 411 705
72 152 822
73 786 914
74 506 50
75 939 744
76 666 694
77 659 323
78 306 651
79 476 616
80 817 221
81 220 840
82 269 729
83 955 327
84 282 881
85 354 83
86 351 454
87 947 455
88 953 287
89 854 729
90 46 832
91 497 70
92 522 742
93 976 479
94 566 304
95 585 425
96 845 131
97 643 578
DEMAND_SECTION
1 0
2 3
3 2
4 2
5 3
6 1
7 3
8 3
9 3
10 1
11 1
12 3
13 1
14 2
15 2
16 2
17 1
18 3
19 1
20 1
21 2
22 2
23 3
24 1
25 2
26 1
27 1
28 2
29 1
30 1
31 3
32 3
33 1
34 1
35 3
36 2
37 3
38 3
39 2
40 2
41 2
42 3
43 3
44 3
45 2
46 1
47 2
48 2
49 3
50 3
51 1
52 3
53 2
54 2
55 2
56 3
57 1
58 1
59 2
60 3
61 3
62 1
63 2
64 2
65 2
66 1
67 1
68 2
69 1
70 2
71 2
72 2
73 1
74 1
75 1
76 1
77 2
78 2
79 2
80 2
81 1
82 2
83 1
84 1
85 2
86 2
87 1
88 3
89 3
90 2
91 2
92 1
93 1
94 2
95 2
96 2
97 1
DEPOT_SECTION
 1
 -1
 EOF 