NAME: I27936-n84-k7
COMMENT : (Fake et al, No of trucks: 7, Optimal value: )
TYPE : CVRP
DIMENSION : 84
EDGE_WEIGHT_TYPE : EUC_2D
CAPACITY : 25
NODE_COORD_SECTION
1 502 485
2 251 147
3 543 992
4 375 510
5 53 626
6 897 873
7 750 276
8 268 358
9 445 240
10 945 256
11 944 895
12 231 173
13 933 301
14 29 688
15 931 455
16 650 875
17 56 37
18 982 804
19 48 359
20 744 770
21 353 155
22 343 945
23 292 529
24 962 872
25 335 470
26 400 776
27 86 267
28 319 139
29 119 119
30 47 890
31 467 723
32 301 496
33 183 607
34 859 126
35 757 380
36 257 385
37 524 159
38 123 983
39 190 111
40 227 481
41 932 599
42 353 783
43 416 58
44 921 988
45 107 795
46 859 273
47 530 95
48 223 258
49 769 639
50 830 94
51 809 330
52 562 96
53 413 341
54 32 478
55 211 595
56 946 458
57 168 48
58 253 772
59 630 530
60 953 199
61 917 748
62 540 301
63 847 406
64 886 41
65 537 762
66 93 256
67 66 48
68 615 796
69 820 493
70 347 160
71 610 783
72 183 691
73 593 383
74 810 84
75 26 224
76 807 811
77 988 790
78 789 424
79 421 325
80 106 635
81 709 435
82 867 426
83 290 101
84 223 692
DEMAND_SECTION
1 0
2 2
3 2
4 2
5 1
6 2
7 2
8 2
9 2
10 2
11 1
12 1
13 3
14 2
15 3
16 2
17 3
18 3
19 2
20 3
21 2
22 1
23 1
24 1
25 2
26 2
27 1
28 3
29 1
30 1
31 2
32 1
33 1
34 1
35 3
36 3
37 1
38 3
39 1
40 2
41 1
42 3
43 2
44 3
45 3
46 3
47 2
48 3
49 1
50 2
51 1
52 2
53 2
54 1
55 1
56 3
57 1
58 2
59 3
60 2
61 1
62 2
63 1
64 1
65 3
66 1
67 1
68 1
69 1
70 1
71 1
72 2
73 2
74 2
75 2
76 1
77 1
78 2
79 3
80 2
81 2
82 1
83 1
84 2
DEPOT_SECTION
 1
 -1
 EOF 