NAME: I27928-n80-k8
COMMENT : (Fake et al, No of trucks: 8, Optimal value: )
TYPE : CVRP
DIMENSION : 80
EDGE_WEIGHT_TYPE : EUC_2D
CAPACITY : 12
NODE_COORD_SECTION
1 927 13
2 693 350
3 147 769
4 997 451
5 352 745
6 343 694
7 71 135
8 874 518
9 922 919
10 646 371
11 232 769
12 265 550
13 606 893
14 939 151
15 154 351
16 929 70
17 851 430
18 237 593
19 867 524
20 271 308
21 253 419
22 16 779
23 724 518
24 272 8
25 664 817
26 977 911
27 952 639
28 275 959
29 141 617
30 629 28
31 754 327
32 191 604
33 758 928
34 103 427
35 772 918
36 158 837
37 600 321
38 120 177
39 337 289
40 837 803
41 845 156
42 352 988
43 934 33
44 231 158
45 988 684
46 45 930
47 9 524
48 604 352
49 348 581
50 717 42
51 748 755
52 705 191
53 464 675
54 546 814
55 79 192
56 376 547
57 30 500
58 818 598
59 863 361
60 330 416
61 291 375
62 127 189
63 16 367
64 489 394
65 641 690
66 16 577
67 733 288
68 549 55
69 414 466
70 931 490
71 231 926
72 116 517
73 970 858
74 550 883
75 119 397
76 432 714
77 250 99
78 834 454
79 978 439
80 849 182
DEMAND_SECTION
1 0
2 1
3 1
4 1
5 1
6 1
7 1
8 1
9 1
10 1
11 1
12 1
13 1
14 1
15 1
16 1
17 1
18 1
19 1
20 1
21 1
22 1
23 1
24 1
25 1
26 1
27 1
28 1
29 1
30 1
31 1
32 1
33 1
34 1
35 1
36 1
37 1
38 1
39 1
40 1
41 1
42 1
43 1
44 1
45 1
46 1
47 1
48 1
49 1
50 1
51 1
52 1
53 1
54 1
55 1
56 1
57 1
58 1
59 1
60 1
61 1
62 1
63 1
64 1
65 1
66 1
67 1
68 1
69 1
70 1
71 1
72 1
73 1
74 1
75 1
76 1
77 1
78 1
79 1
80 1
DEPOT_SECTION
 1
 -1
 EOF 