NAME: I27911-n91-k9
COMMENT : (Fake et al, No of trucks: 9, Optimal value: )
TYPE : CVRP
DIMENSION : 91
EDGE_WEIGHT_TYPE : EUC_2D
CAPACITY : 68
NODE_COORD_SECTION
1 596 968
2 701 240
3 608 315
4 884 654
5 954 158
6 834 405
7 961 226
8 58 395
9 773 945
10 884 975
11 331 273
12 313 317
13 944 463
14 83 200
15 211 479
16 242 540
17 306 138
18 625 796
19 389 462
20 214 374
21 171 927
22 276 400
23 268 821
24 242 327
25 216 131
26 600 192
27 516 156
28 636 83
29 901 696
30 951 889
31 331 603
32 722 990
33 627 386
34 841 545
35 741 569
36 163 537
37 720 662
38 978 806
39 540 782
40 948 645
41 670 28
42 392 459
43 161 383
44 641 820
45 817 333
46 728 479
47 64 665
48 284 566
49 17 785
50 785 987
51 798 300
52 856 554
53 415 736
54 951 198
55 876 158
56 231 335
57 711 113
58 17 251
59 871 499
60 809 588
61 514 547
62 152 499
63 206 386
64 179 581
65 606 756
66 397 852
67 398 886
68 663 764
69 205 726
70 581 709
71 233 613
72 95 674
73 991 439
74 90 98
75 409 464
76 767 800
77 115 888
78 618 538
79 446 745
80 29 110
81 877 266
82 315 62
83 382 722
84 362 130
85 729 120
86 217 816
87 9 828
88 712 287
89 105 91
90 215 85
91 476 595
DEMAND_SECTION
1 0
2 2
3 9
4 10
5 1
6 5
7 11
8 9
9 2
10 10
11 9
12 4
13 10
14 8
15 6
16 7
17 11
18 11
19 5
20 4
21 11
22 4
23 10
24 1
25 3
26 2
27 5
28 8
29 2
30 7
31 6
32 11
33 1
34 10
35 5
36 1
37 7
38 4
39 1
40 4
41 11
42 6
43 1
44 10
45 7
46 7
47 5
48 11
49 10
50 8
51 11
52 4
53 1
54 1
55 3
56 11
57 3
58 6
59 1
60 11
61 8
62 8
63 6
64 2
65 9
66 8
67 5
68 6
69 8
70 8
71 2
72 6
73 7
74 7
75 11
76 4
77 7
78 10
79 7
80 2
81 3
82 1
83 11
84 3
85 8
86 10
87 1
88 8
89 9
90 7
91 1
DEPOT_SECTION
 1
 -1
 EOF 