NAME: I28020-n71-k7
COMMENT : (Fake et al, No of trucks: 7, Optimal value: )
TYPE : CVRP
DIMENSION : 71
EDGE_WEIGHT_TYPE : EUC_2D
CAPACITY : 30
NODE_COORD_SECTION
1 852 869
2 529 424
3 677 791
4 855 99
5 16 402
6 651 49
7 484 464
8 869 786
9 905 150
10 885 586
11 987 80
12 138 752
13 840 482
14 838 636
15 630 248
16 15 988
17 638 560
18 888 56
19 137 189
20 161 912
21 960 698
22 600 110
23 471 536
24 210 297
25 506 711
26 530 412
27 425 375
28 267 440
29 228 8
30 876 990
31 877 29
32 839 735
33 881 118
34 168 549
35 815 843
36 24 761
37 171 186
38 116 669
39 734 957
40 111 924
41 795 272
42 610 832
43 935 192
44 88 610
45 177 869
46 237 506
47 409 568
48 782 83
49 280 326
50 761 385
51 278 139
52 720 553
53 317 368
54 636 604
55 388 446
56 992 807
57 786 681
58 305 381
59 814 809
60 267 582
61 911 74
62 301 245
63 576 68
64 962 775
65 149 567
66 236 70
67 920 492
68 789 885
69 268 687
70 816 64
71 666 573
DEMAND_SECTION
1 0
2 3
3 3
4 2
5 1
6 3
7 2
8 3
9 1
10 3
11 4
12 2
13 4
14 1
15 3
16 1
17 4
18 1
19 1
20 1
21 1
22 1
23 3
24 3
25 4
26 3
27 3
28 3
29 3
30 1
31 1
32 3
33 2
34 3
35 4
36 2
37 4
38 2
39 2
40 1
41 1
42 4
43 4
44 2
45 2
46 2
47 2
48 2
49 4
50 1
51 3
52 1
53 2
54 4
55 3
56 4
57 2
58 4
59 1
60 4
61 2
62 3
63 3
64 1
65 3
66 4
67 2
68 3
69 2
70 4
71 1
DEPOT_SECTION
 1
 -1
 EOF 