NAME: I28096-n80-k8
COMMENT : (Fake et al, No of trucks: 8, Optimal value: )
TYPE : CVRP
DIMENSION : 80
EDGE_WEIGHT_TYPE : EUC_2D
CAPACITY : 50
NODE_COORD_SECTION
1 180 864
2 412 99
3 723 387
4 345 975
5 270 645
6 538 464
7 465 665
8 841 19
9 437 82
10 719 329
11 924 362
12 572 22
13 482 399
14 446 708
15 703 170
16 160 238
17 955 664
18 894 619
19 85 536
20 305 420
21 307 878
22 586 246
23 313 331
24 545 437
25 795 203
26 520 957
27 337 878
28 954 589
29 441 659
30 657 720
31 567 488
32 575 133
33 200 307
34 538 813
35 86 66
36 52 549
37 132 799
38 750 131
39 265 414
40 49 531
41 9 258
42 479 66
43 851 802
44 722 961
45 456 832
46 882 642
47 72 805
48 615 286
49 952 245
50 487 312
51 924 688
52 688 658
53 113 861
54 119 521
55 905 904
56 772 37
57 421 5
58 343 78
59 911 66
60 443 943
61 39 571
62 891 933
63 383 937
64 223 536
65 212 367
66 377 765
67 696 288
68 272 494
69 256 710
70 293 366
71 248 653
72 288 583
73 810 623
74 265 994
75 173 111
76 980 378
77 479 418
78 94 163
79 861 885
80 211 415
DEMAND_SECTION
1 0
2 6
3 3
4 4
5 5
6 1
7 4
8 7
9 7
10 4
11 7
12 4
13 3
14 3
15 2
16 7
17 1
18 3
19 1
20 7
21 4
22 2
23 6
24 7
25 4
26 5
27 4
28 4
29 4
30 1
31 3
32 3
33 5
34 6
35 3
36 4
37 2
38 6
39 5
40 1
41 6
42 7
43 6
44 6
45 7
46 6
47 3
48 5
49 1
50 6
51 3
52 4
53 6
54 6
55 3
56 1
57 6
58 4
59 5
60 6
61 1
62 5
63 5
64 5
65 2
66 2
67 5
68 4
69 6
70 2
71 6
72 6
73 3
74 1
75 3
76 6
77 1
78 5
79 6
80 1
DEPOT_SECTION
 1
 -1
 EOF 