NAME: I28161-n100-k7
COMMENT : (Fake et al, No of trucks: 7, Optimal value: )
TYPE : CVRP
DIMENSION : 100
EDGE_WEIGHT_TYPE : EUC_2D
CAPACITY : 40
NODE_COORD_SECTION
1 833 395
2 822 930
3 512 319
4 271 133
5 582 790
6 927 21
7 703 740
8 744 382
9 297 228
10 152 220
11 740 916
12 898 912
13 325 216
14 906 697
15 283 812
16 10 783
17 846 35
18 76 458
19 514 813
20 646 165
21 114 82
22 534 692
23 115 168
24 56 316
25 767 740
26 751 616
27 536 881
28 449 697
29 75 112
30 265 527
31 267 451
32 296 977
33 240 213
34 439 45
35 349 637
36 224 515
37 588 477
38 897 25
39 71 905
40 431 505
41 690 721
42 75 963
43 477 56
44 684 192
45 933 760
46 174 868
47 596 736
48 474 351
49 272 291
50 678 818
51 624 462
52 473 335
53 933 61
54 750 946
55 0 724
56 981 571
57 606 448
58 87 886
59 846 478
60 349 54
61 606 545
62 124 799
63 425 538
64 670 360
65 197 926
66 973 391
67 477 809
68 814 657
69 65 58
70 783 173
71 905 306
72 170 213
73 182 607
74 126 292
75 108 478
76 240 481
77 965 892
78 76 673
79 601 921
80 216 533
81 522 695
82 101 622
83 339 491
84 716 496
85 806 241
86 881 772
87 166 883
88 41 302
89 237 633
90 405 381
91 826 76
92 18 352
93 864 545
94 472 320
95 829 198
96 660 660
97 634 170
98 618 646
99 176 905
100 971 727
DEMAND_SECTION
1 0
2 1
3 1
4 1
5 4
6 2
7 1
8 3
9 2
10 3
11 2
12 1
13 1
14 1
15 4
16 1
17 1
18 3
19 4
20 3
21 2
22 2
23 2
24 1
25 3
26 1
27 1
28 4
29 1
30 1
31 3
32 4
33 1
34 4
35 4
36 4
37 4
38 4
39 2
40 2
41 1
42 3
43 3
44 1
45 2
46 1
47 4
48 2
49 2
50 4
51 3
52 4
53 3
54 1
55 1
56 4
57 3
58 4
59 3
60 1
61 4
62 2
63 2
64 1
65 3
66 3
67 3
68 1
69 2
70 3
71 1
72 4
73 4
74 1
75 1
76 2
77 2
78 3
79 2
80 2
81 4
82 4
83 1
84 1
85 1
86 4
87 1
88 4
89 4
90 1
91 3
92 2
93 3
94 2
95 3
96 2
97 3
98 4
99 2
100 3
DEPOT_SECTION
 1
 -1
 EOF 