NAME: I28117-n73-k10
COMMENT : (Fake et al, No of trucks: 10, Optimal value: )
TYPE : CVRP
DIMENSION : 73
EDGE_WEIGHT_TYPE : EUC_2D
CAPACITY : 29
NODE_COORD_SECTION
1 308 408
2 0 806
3 738 203
4 573 517
5 56 659
6 217 498
7 14 572
8 679 428
9 891 428
10 633 738
11 501 303
12 453 42
13 499 747
14 383 769
15 361 469
16 298 467
17 392 990
18 967 10
19 585 791
20 620 477
21 9 684
22 739 222
23 589 719
24 782 111
25 877 409
26 573 774
27 941 678
28 235 510
29 801 369
30 840 556
31 646 722
32 24 862
33 898 413
34 242 531
35 576 415
36 456 313
37 284 397
38 789 210
39 375 114
40 127 594
41 850 483
42 644 22
43 458 349
44 936 247
45 291 377
46 21 961
47 756 393
48 972 646
49 792 256
50 445 610
51 439 663
52 348 88
53 5 643
54 150 119
55 285 877
56 892 347
57 787 523
58 791 831
59 108 380
60 921 677
61 811 320
62 902 902
63 995 65
64 600 817
65 593 455
66 799 308
67 54 974
68 213 336
69 808 723
70 312 16
71 835 138
72 53 396
73 713 374
DEMAND_SECTION
1 0
2 3
3 3
4 2
5 3
6 1
7 5
8 6
9 1
10 3
11 5
12 3
13 1
14 3
15 6
16 6
17 3
18 6
19 5
20 6
21 5
22 2
23 6
24 1
25 4
26 2
27 5
28 2
29 2
30 4
31 3
32 4
33 1
34 6
35 2
36 4
37 6
38 3
39 1
40 6
41 2
42 4
43 3
44 6
45 3
46 1
47 6
48 5
49 1
50 3
51 4
52 3
53 2
54 5
55 3
56 1
57 1
58 1
59 6
60 4
61 5
62 4
63 5
64 4
65 3
66 3
67 5
68 1
69 2
70 2
71 5
72 3
73 3
DEPOT_SECTION
 1
 -1
 EOF 