NAME: I28109-n100-k9
COMMENT : (Fake et al, No of trucks: 9, Optimal value: )
TYPE : CVRP
DIMENSION : 100
EDGE_WEIGHT_TYPE : EUC_2D
CAPACITY : 37
NODE_COORD_SECTION
1 23 174
2 648 168
3 966 726
4 914 32
5 402 879
6 222 400
7 4 908
8 908 690
9 173 147
10 50 429
11 206 977
12 20 839
13 995 628
14 927 997
15 293 787
16 888 125
17 509 523
18 702 216
19 397 19
20 881 767
21 620 471
22 360 955
23 416 333
24 988 555
25 475 316
26 423 689
27 782 650
28 816 781
29 609 679
30 188 389
31 70 982
32 767 339
33 35 540
34 906 955
35 924 178
36 806 979
37 579 256
38 139 613
39 341 358
40 872 259
41 925 249
42 133 954
43 497 873
44 355 219
45 378 521
46 431 391
47 78 259
48 20 215
49 836 346
50 648 18
51 300 837
52 692 107
53 538 630
54 932 843
55 418 363
56 272 747
57 915 566
58 423 275
59 949 431
60 6 104
61 179 351
62 395 260
63 29 974
64 530 129
65 602 334
66 988 709
67 165 246
68 376 945
69 717 352
70 34 398
71 29 39
72 782 462
73 741 320
74 507 462
75 871 285
76 654 57
77 248 912
78 293 756
79 806 459
80 108 771
81 478 718
82 512 108
83 512 512
84 180 365
85 40 974
86 898 488
87 90 103
88 846 589
89 648 252
90 464 518
91 655 90
92 475 620
93 548 366
94 656 918
95 402 290
96 407 695
97 748 792
98 97 740
99 833 492
100 127 57
DEMAND_SECTION
1 0
2 1
3 3
4 4
5 5
6 4
7 2
8 5
9 5
10 1
11 4
12 5
13 2
14 5
15 1
16 5
17 1
18 4
19 1
20 2
21 4
22 4
23 1
24 4
25 4
26 2
27 1
28 2
29 2
30 1
31 3
32 5
33 3
34 2
35 4
36 2
37 3
38 1
39 3
40 3
41 1
42 5
43 1
44 1
45 4
46 1
47 4
48 3
49 1
50 5
51 2
52 5
53 1
54 5
55 4
56 5
57 2
58 4
59 1
60 1
61 5
62 5
63 4
64 1
65 1
66 2
67 2
68 5
69 5
70 2
71 5
72 5
73 3
74 2
75 4
76 1
77 2
78 3
79 1
80 5
81 1
82 1
83 4
84 4
85 4
86 5
87 2
88 5
89 5
90 1
91 3
92 3
93 3
94 5
95 3
96 3
97 1
98 3
99 5
100 1
DEPOT_SECTION
 1
 -1
 EOF 