NAME: I28140-n96-k10
COMMENT : (Fake et al, No of trucks: 10, Optimal value: )
TYPE : CVRP
DIMENSION : 96
EDGE_WEIGHT_TYPE : EUC_2D
CAPACITY : 29
NODE_COORD_SECTION
1 909 504
2 391 929
3 82 579
4 344 483
5 109 153
6 556 304
7 429 148
8 379 332
9 858 783
10 488 53
11 72 756
12 943 242
13 337 834
14 33 995
15 266 685
16 486 308
17 885 445
18 829 756
19 74 603
20 61 209
21 574 563
22 160 250
23 270 250
24 783 366
25 276 569
26 294 618
27 573 910
28 628 397
29 802 643
30 990 813
31 600 750
32 682 815
33 277 18
34 554 827
35 256 352
36 879 769
37 724 315
38 948 294
39 69 906
40 365 24
41 541 640
42 232 481
43 115 437
44 112 965
45 76 864
46 141 251
47 864 345
48 961 263
49 897 412
50 555 851
51 569 654
52 292 567
53 478 396
54 368 107
55 110 5
56 431 591
57 684 226
58 139 558
59 201 973
60 859 684
61 467 215
62 660 781
63 806 273
64 333 524
65 458 469
66 234 2
67 244 147
68 828 937
69 291 846
70 825 475
71 402 392
72 531 480
73 779 488
74 321 904
75 413 244
76 382 567
77 530 130
78 800 423
79 999 274
80 808 566
81 547 932
82 939 473
83 939 927
84 826 464
85 191 888
86 702 296
87 422 665
88 819 792
89 759 669
90 220 466
91 803 475
92 741 344
93 996 782
94 575 239
95 723 342
96 659 826
DEMAND_SECTION
1 0
2 4
3 2
4 3
5 1
6 1
7 4
8 4
9 2
10 3
11 4
12 3
13 4
14 1
15 2
16 3
17 1
18 2
19 4
20 2
21 1
22 1
23 4
24 2
25 3
26 2
27 1
28 2
29 1
30 2
31 3
32 1
33 4
34 2
35 3
36 2
37 2
38 1
39 4
40 3
41 4
42 4
43 2
44 2
45 1
46 3
47 1
48 3
49 3
50 2
51 3
52 4
53 3
54 1
55 2
56 4
57 4
58 3
59 2
60 4
61 1
62 4
63 1
64 4
65 2
66 4
67 3
68 4
69 2
70 4
71 2
72 4
73 1
74 4
75 4
76 4
77 1
78 1
79 3
80 3
81 3
82 2
83 3
84 3
85 1
86 1
87 3
88 4
89 4
90 2
91 4
92 3
93 2
94 1
95 1
96 1
DEPOT_SECTION
 1
 -1
 EOF 