NAME: I28249-n100-k9
COMMENT : (Fake et al, No of trucks: 9, Optimal value: )
TYPE : CVRP
DIMENSION : 100
EDGE_WEIGHT_TYPE : EUC_2D
CAPACITY : 46
NODE_COORD_SECTION
1 393 608
2 552 726
3 496 43
4 628 228
5 584 906
6 316 545
7 864 414
8 585 866
9 225 995
10 691 324
11 905 5
12 376 354
13 377 497
14 838 621
15 647 111
16 786 596
17 367 900
18 646 566
19 459 184
20 537 748
21 275 356
22 471 15
23 869 130
24 329 637
25 340 289
26 158 79
27 999 971
28 199 751
29 427 381
30 139 362
31 843 339
32 190 755
33 947 803
34 909 884
35 507 190
36 21 99
37 502 886
38 590 961
39 164 345
40 32 196
41 258 618
42 594 330
43 467 640
44 137 727
45 167 697
46 959 278
47 450 186
48 515 228
49 715 11
50 272 654
51 769 948
52 68 312
53 929 557
54 505 948
55 353 570
56 915 674
57 874 795
58 534 508
59 608 764
60 129 594
61 859 362
62 30 572
63 751 769
64 220 828
65 805 510
66 499 478
67 893 429
68 511 325
69 412 335
70 725 42
71 614 649
72 385 680
73 456 133
74 865 793
75 851 812
76 524 475
77 561 225
78 685 739
79 393 118
80 571 542
81 863 647
82 721 872
83 66 474
84 377 486
85 965 858
86 727 803
87 803 820
88 348 781
89 181 804
90 202 630
91 758 785
92 650 438
93 124 913
94 796 246
95 385 447
96 896 955
97 961 813
98 746 295
99 391 874
100 388 430
DEMAND_SECTION
1 0
2 4
3 3
4 1
5 5
6 5
7 6
8 3
9 6
10 5
11 2
12 2
13 4
14 5
15 5
16 6
17 3
18 1
19 5
20 4
21 5
22 2
23 5
24 2
25 3
26 3
27 1
28 3
29 2
30 3
31 5
32 5
33 3
34 4
35 4
36 6
37 6
38 4
39 6
40 3
41 5
42 3
43 4
44 6
45 6
46 4
47 2
48 2
49 1
50 1
51 3
52 2
53 4
54 1
55 6
56 6
57 2
58 4
59 1
60 6
61 1
62 6
63 4
64 2
65 6
66 1
67 2
68 3
69 4
70 2
71 6
72 6
73 2
74 1
75 5
76 1
77 4
78 2
79 4
80 1
81 2
82 6
83 1
84 2
85 6
86 2
87 4
88 2
89 4
90 5
91 6
92 4
93 4
94 5
95 1
96 6
97 2
98 5
99 1
100 3
DEPOT_SECTION
 1
 -1
 EOF 