NAME: I28275-n100-k7
COMMENT : (Fake et al, No of trucks: 7, Optimal value: )
TYPE : CVRP
DIMENSION : 100
EDGE_WEIGHT_TYPE : EUC_2D
CAPACITY : 51
NODE_COORD_SECTION
1 452 882
2 322 468
3 478 944
4 349 147
5 840 534
6 945 988
7 723 233
8 919 541
9 741 694
10 448 251
11 663 96
12 183 443
13 500 146
14 157 858
15 112 114
16 988 176
17 164 928
18 1 789
19 571 809
20 707 495
21 793 470
22 819 813
23 297 814
24 641 916
25 38 323
26 73 142
27 519 925
28 551 533
29 649 717
30 706 453
31 97 340
32 0 808
33 666 889
34 30 507
35 828 377
36 944 781
37 462 370
38 137 815
39 603 324
40 409 631
41 369 167
42 324 93
43 776 90
44 730 613
45 68 956
46 711 683
47 935 232
48 566 471
49 318 328
50 744 666
51 555 262
52 870 814
53 996 534
54 266 888
55 11 288
56 153 95
57 332 37
58 699 437
59 638 77
60 771 108
61 560 971
62 427 209
63 694 454
64 351 549
65 657 880
66 681 663
67 900 683
68 502 926
69 851 327
70 516 493
71 87 673
72 323 169
73 583 119
74 288 734
75 914 301
76 16 492
77 931 539
78 872 338
79 782 249
80 110 932
81 260 203
82 744 747
83 892 227
84 854 523
85 686 881
86 885 117
87 670 930
88 641 231
89 594 546
90 36 821
91 181 146
92 599 380
93 264 681
94 973 718
95 368 640
96 445 975
97 547 313
98 76 943
99 199 826
100 925 431
DEMAND_SECTION
1 0
2 5
3 1
4 1
5 4
6 4
7 2
8 5
9 3
10 4
11 1
12 5
13 5
14 1
15 4
16 5
17 1
18 1
19 3
20 5
21 2
22 1
23 3
24 2
25 5
26 2
27 1
28 3
29 4
30 5
31 4
32 2
33 4
34 3
35 1
36 5
37 3
38 3
39 3
40 5
41 5
42 2
43 3
44 4
45 4
46 1
47 4
48 3
49 3
50 2
51 4
52 4
53 2
54 2
55 4
56 3
57 1
58 1
59 3
60 3
61 3
62 3
63 3
64 4
65 4
66 5
67 3
68 1
69 5
70 2
71 4
72 1
73 3
74 1
75 1
76 1
77 2
78 5
79 4
80 4
81 2
82 2
83 4
84 4
85 3
86 1
87 4
88 4
89 1
90 3
91 4
92 2
93 3
94 4
95 3
96 5
97 3
98 5
99 5
100 5
DEPOT_SECTION
 1
 -1
 EOF 