NAME: I28219-n83-k6
COMMENT : (Fake et al, No of trucks: 6, Optimal value: )
TYPE : CVRP
DIMENSION : 83
EDGE_WEIGHT_TYPE : EUC_2D
CAPACITY : 45
NODE_COORD_SECTION
1 311 853
2 901 941
3 482 823
4 44 107
5 685 166
6 115 688
7 508 490
8 10 389
9 471 412
10 762 929
11 488 214
12 79 38
13 727 995
14 796 446
15 770 150
16 226 449
17 564 936
18 982 180
19 49 267
20 34 700
21 553 92
22 971 549
23 315 959
24 127 666
25 182 513
26 579 391
27 893 809
28 792 149
29 857 613
30 462 434
31 342 617
32 45 820
33 530 986
34 979 33
35 61 212
36 645 955
37 902 196
38 739 418
39 557 400
40 272 895
41 71 374
42 395 540
43 719 240
44 289 697
45 635 865
46 328 788
47 830 844
48 204 795
49 235 49
50 523 896
51 703 202
52 812 738
53 33 51
54 955 386
55 498 864
56 566 518
57 812 589
58 124 302
59 525 246
60 295 973
61 906 675
62 519 98
63 673 25
64 417 344
65 667 530
66 33 419
67 747 323
68 892 350
69 859 63
70 388 50
71 587 91
72 756 454
73 499 958
74 461 604
75 485 841
76 968 433
77 370 251
78 966 455
79 209 670
80 772 641
81 513 604
82 550 759
83 760 437
DEMAND_SECTION
1 0
2 1
3 3
4 4
5 3
6 5
7 3
8 1
9 4
10 2
11 1
12 2
13 4
14 3
15 5
16 1
17 1
18 3
19 1
20 4
21 1
22 1
23 3
24 3
25 2
26 5
27 4
28 5
29 4
30 4
31 4
32 3
33 5
34 2
35 4
36 1
37 5
38 4
39 4
40 4
41 3
42 2
43 1
44 1
45 5
46 4
47 2
48 5
49 3
50 1
51 4
52 5
53 5
54 2
55 1
56 4
57 2
58 2
59 2
60 2
61 3
62 2
63 2
64 1
65 5
66 3
67 2
68 5
69 1
70 5
71 4
72 3
73 4
74 3
75 4
76 4
77 3
78 3
79 1
80 4
81 1
82 4
83 3
DEPOT_SECTION
 1
 -1
 EOF 