NAME: I28262-n89-k7
COMMENT : (Fake et al, No of trucks: 7, Optimal value: )
TYPE : CVRP
DIMENSION : 89
EDGE_WEIGHT_TYPE : EUC_2D
CAPACITY : 32
NODE_COORD_SECTION
1 337 440
2 76 664
3 155 451
4 469 689
5 51 417
6 957 783
7 251 928
8 352 94
9 944 229
10 555 127
11 722 599
12 366 99
13 205 358
14 362 50
15 555 19
16 271 672
17 54 24
18 813 343
19 496 194
20 511 732
21 558 899
22 593 114
23 198 179
24 678 859
25 46 172
26 675 564
27 186 673
28 611 126
29 653 415
30 984 379
31 711 118
32 556 700
33 285 921
34 663 707
35 196 246
36 134 314
37 730 495
38 552 543
39 972 482
40 271 4
41 852 85
42 89 657
43 501 686
44 157 596
45 778 324
46 682 771
47 587 653
48 263 162
49 850 59
50 196 906
51 636 878
52 990 81
53 500 246
54 962 377
55 480 128
56 343 232
57 253 996
58 362 717
59 246 921
60 346 635
61 110 32
62 107 859
63 376 328
64 362 311
65 170 275
66 619 444
67 234 793
68 267 777
69 407 323
70 963 571
71 319 127
72 860 631
73 217 189
74 736 767
75 784 84
76 199 985
77 730 296
78 961 100
79 396 335
80 491 97
81 712 580
82 279 160
83 655 423
84 960 44
85 788 651
86 384 157
87 536 703
88 540 959
89 877 591
DEMAND_SECTION
1 0
2 4
3 1
4 1
5 1
6 2
7 3
8 3
9 3
10 4
11 1
12 1
13 4
14 4
15 3
16 2
17 1
18 2
19 1
20 1
21 1
22 4
23 3
24 1
25 1
26 3
27 4
28 3
29 2
30 4
31 1
32 1
33 4
34 2
35 1
36 1
37 4
38 2
39 2
40 3
41 1
42 4
43 4
44 4
45 1
46 1
47 4
48 1
49 4
50 2
51 3
52 4
53 3
54 2
55 1
56 1
57 4
58 1
59 4
60 1
61 3
62 3
63 1
64 4
65 1
66 3
67 1
68 1
69 1
70 1
71 4
72 3
73 1
74 3
75 2
76 1
77 4
78 2
79 1
80 3
81 4
82 2
83 2
84 1
85 3
86 4
87 3
88 4
89 2
DEPOT_SECTION
 1
 -1
 EOF 