NAME: I28331-n92-k7
COMMENT : (Fake et al, No of trucks: 7, Optimal value: )
TYPE : CVRP
DIMENSION : 92
EDGE_WEIGHT_TYPE : EUC_2D
CAPACITY : 75
NODE_COORD_SECTION
1 433 99
2 293 43
3 588 663
4 88 93
5 915 565
6 675 136
7 603 392
8 565 749
9 172 500
10 790 687
11 438 927
12 401 51
13 741 433
14 318 31
15 652 921
16 998 98
17 265 491
18 519 634
19 599 325
20 292 939
21 715 303
22 271 114
23 390 5
24 582 489
25 379 209
26 371 933
27 155 985
28 43 490
29 961 437
30 835 147
31 3 465
32 637 771
33 453 605
34 255 548
35 476 596
36 508 993
37 383 635
38 883 956
39 63 139
40 218 896
41 506 846
42 387 526
43 135 448
44 17 611
45 77 850
46 331 815
47 835 239
48 565 416
49 287 635
50 323 297
51 654 616
52 388 35
53 596 999
54 241 436
55 80 624
56 547 963
57 347 975
58 708 497
59 618 383
60 740 540
61 1 228
62 307 25
63 820 777
64 58 653
65 270 643
66 783 623
67 852 999
68 623 230
69 569 766
70 423 164
71 27 311
72 953 219
73 423 472
74 833 6
75 480 38
76 334 84
77 878 467
78 359 647
79 90 689
80 515 998
81 854 5
82 43 400
83 9 110
84 813 702
85 924 116
86 298 903
87 868 176
88 296 478
89 80 444
90 334 310
91 249 932
92 394 609
DEMAND_SECTION
1 0
2 7
3 6
4 6
5 10
6 10
7 10
8 5
9 2
10 8
11 1
12 10
13 2
14 3
15 5
16 2
17 10
18 6
19 8
20 10
21 8
22 6
23 7
24 5
25 1
26 7
27 3
28 8
29 4
30 7
31 6
32 5
33 5
34 1
35 2
36 9
37 7
38 6
39 5
40 6
41 7
42 1
43 2
44 7
45 3
46 4
47 3
48 3
49 3
50 8
51 7
52 7
53 2
54 4
55 5
56 10
57 4
58 5
59 1
60 3
61 9
62 1
63 7
64 10
65 4
66 4
67 5
68 1
69 2
70 1
71 7
72 3
73 8
74 1
75 7
76 6
77 2
78 5
79 10
80 3
81 2
82 9
83 6
84 3
85 4
86 3
87 10
88 4
89 9
90 8
91 5
92 3
DEPOT_SECTION
 1
 -1
 EOF 