NAME: I28337-n95-k6
COMMENT : (Fake et al, No of trucks: 6, Optimal value: )
TYPE : CVRP
DIMENSION : 95
EDGE_WEIGHT_TYPE : EUC_2D
CAPACITY : 18
NODE_COORD_SECTION
1 905 996
2 611 963
3 832 475
4 918 723
5 402 242
6 896 278
7 795 856
8 694 818
9 842 24
10 163 651
11 650 447
12 937 215
13 894 767
14 805 151
15 868 203
16 770 34
17 62 655
18 997 445
19 659 700
20 793 785
21 117 48
22 570 539
23 718 188
24 48 457
25 808 941
26 414 267
27 444 527
28 136 266
29 927 158
30 651 807
31 213 940
32 856 533
33 639 693
34 399 773
35 690 778
36 418 69
37 247 163
38 193 968
39 523 444
40 508 834
41 671 964
42 686 327
43 586 526
44 402 11
45 761 284
46 67 618
47 548 902
48 215 453
49 944 909
50 937 265
51 978 331
52 438 988
53 912 433
54 559 575
55 580 191
56 35 709
57 627 403
58 486 726
59 630 804
60 60 308
61 329 715
62 701 59
63 267 450
64 606 28
65 964 665
66 661 100
67 720 420
68 55 198
69 200 290
70 735 183
71 954 439
72 277 801
73 271 635
74 194 806
75 916 593
76 621 602
77 654 480
78 542 762
79 808 628
80 730 634
81 559 864
82 942 227
83 803 150
84 942 323
85 809 710
86 359 704
87 63 340
88 780 630
89 479 839
90 363 454
91 706 457
92 338 686
93 363 363
94 495 690
95 22 129
DEMAND_SECTION
1 0
2 1
3 1
4 1
5 1
6 1
7 1
8 1
9 1
10 1
11 1
12 1
13 1
14 1
15 1
16 1
17 1
18 1
19 1
20 1
21 1
22 1
23 1
24 1
25 1
26 1
27 1
28 1
29 1
30 1
31 1
32 1
33 1
34 1
35 1
36 1
37 1
38 1
39 1
40 1
41 1
42 1
43 1
44 1
45 1
46 1
47 1
48 1
49 1
50 1
51 1
52 1
53 1
54 1
55 1
56 1
57 1
58 1
59 1
60 1
61 1
62 1
63 1
64 1
65 1
66 1
67 1
68 1
69 1
70 1
71 1
72 1
73 1
74 1
75 1
76 1
77 1
78 1
79 1
80 1
81 1
82 1
83 1
84 1
85 1
86 1
87 1
88 1
89 1
90 1
91 1
92 1
93 1
94 1
95 1
DEPOT_SECTION
 1
 -1
 EOF 