NAME: I28364-n83-k6
COMMENT : (Fake et al, No of trucks: 6, Optimal value: )
TYPE : CVRP
DIMENSION : 83
EDGE_WEIGHT_TYPE : EUC_2D
CAPACITY : 33
NODE_COORD_SECTION
1 388 916
2 183 24
3 671 593
4 871 37
5 365 426
6 600 183
7 349 560
8 681 917
9 772 684
10 664 301
11 445 188
12 255 474
13 570 173
14 150 942
15 265 974
16 138 820
17 132 293
18 267 548
19 75 154
20 91 264
21 188 816
22 325 726
23 639 701
24 873 121
25 247 584
26 181 77
27 708 711
28 635 247
29 373 130
30 596 54
31 819 470
32 799 974
33 240 663
34 604 104
35 760 437
36 496 797
37 960 254
38 906 878
39 862 173
40 26 639
41 670 906
42 413 663
43 874 43
44 427 191
45 64 214
46 485 919
47 674 923
48 844 235
49 91 796
50 944 893
51 211 100
52 598 383
53 73 19
54 190 504
55 656 531
56 714 613
57 410 932
58 178 392
59 98 873
60 657 832
61 467 781
62 131 223
63 148 189
64 141 381
65 891 338
66 686 47
67 239 160
68 236 903
69 52 383
70 124 388
71 507 162
72 61 981
73 486 402
74 128 736
75 372 391
76 125 34
77 889 496
78 897 871
79 219 268
80 766 994
81 794 771
82 661 724
83 339 977
DEMAND_SECTION
1 0
2 2
3 3
4 1
5 3
6 1
7 3
8 3
9 3
10 2
11 3
12 2
13 2
14 2
15 1
16 2
17 2
18 1
19 3
20 1
21 1
22 2
23 1
24 1
25 3
26 3
27 1
28 1
29 1
30 1
31 1
32 2
33 2
34 1
35 1
36 3
37 3
38 1
39 2
40 3
41 3
42 2
43 2
44 2
45 2
46 3
47 1
48 3
49 3
50 2
51 2
52 3
53 1
54 3
55 1
56 1
57 2
58 2
59 1
60 3
61 3
62 1
63 2
64 3
65 3
66 1
67 2
68 2
69 2
70 2
71 3
72 1
73 3
74 2
75 3
76 2
77 3
78 3
79 1
80 2
81 2
82 3
83 1
DEPOT_SECTION
 1
 -1
 EOF 