NAME: I28363-n95-k9
COMMENT : (Fake et al, No of trucks: 9, Optimal value: )
TYPE : CVRP
DIMENSION : 95
EDGE_WEIGHT_TYPE : EUC_2D
CAPACITY : 78
NODE_COORD_SECTION
1 343 52
2 902 701
3 483 870
4 786 45
5 211 195
6 254 591
7 728 54
8 169 340
9 994 101
10 70 793
11 276 903
12 804 317
13 666 423
14 996 788
15 849 873
16 555 793
17 567 821
18 601 658
19 191 598
20 458 400
21 634 332
22 167 336
23 788 476
24 991 627
25 137 728
26 330 639
27 802 37
28 560 305
29 227 111
30 634 2
31 764 367
32 5 171
33 32 904
34 105 954
35 314 270
36 172 624
37 890 701
38 177 720
39 435 799
40 24 222
41 859 54
42 956 234
43 930 795
44 435 217
45 38 820
46 104 186
47 5 615
48 388 700
49 202 201
50 146 877
51 876 669
52 821 125
53 590 234
54 414 104
55 295 735
56 813 572
57 68 804
58 543 277
59 679 14
60 354 453
61 550 184
62 27 705
63 9 997
64 896 124
65 25 795
66 368 87
67 109 743
68 515 801
69 488 354
70 394 563
71 723 319
72 180 575
73 262 326
74 355 717
75 403 413
76 335 124
77 964 565
78 512 868
79 703 146
80 384 901
81 126 295
82 297 498
83 984 416
84 757 194
85 320 492
86 170 428
87 101 578
88 152 188
89 536 186
90 335 250
91 769 45
92 587 6
93 393 227
94 634 62
95 686 746
DEMAND_SECTION
1 0
2 10
3 5
4 3
5 11
6 10
7 10
8 8
9 4
10 7
11 3
12 9
13 9
14 4
15 6
16 10
17 11
18 11
19 9
20 8
21 2
22 5
23 6
24 10
25 10
26 10
27 4
28 8
29 3
30 3
31 10
32 2
33 5
34 6
35 9
36 8
37 3
38 9
39 9
40 4
41 9
42 6
43 8
44 11
45 11
46 5
47 4
48 9
49 8
50 2
51 3
52 3
53 9
54 6
55 4
56 8
57 10
58 8
59 11
60 6
61 11
62 11
63 1
64 6
65 1
66 6
67 9
68 10
69 10
70 5
71 1
72 9
73 11
74 2
75 5
76 9
77 11
78 2
79 1
80 2
81 10
82 7
83 8
84 9
85 2
86 7
87 2
88 6
89 11
90 7
91 5
92 5
93 7
94 8
95 7
DEPOT_SECTION
 1
 -1
 EOF 