NAME: I28418-n92-k8
COMMENT : (Fake et al, No of trucks: 8, Optimal value: )
TYPE : CVRP
DIMENSION : 92
EDGE_WEIGHT_TYPE : EUC_2D
CAPACITY : 23
NODE_COORD_SECTION
1 148 725
2 646 284
3 41 854
4 841 801
5 201 597
6 771 225
7 33 999
8 1000 275
9 121 549
10 481 59
11 400 960
12 213 2
13 741 771
14 255 668
15 817 985
16 325 317
17 977 858
18 440 490
19 332 885
20 697 606
21 506 336
22 375 357
23 39 662
24 794 148
25 958 772
26 822 514
27 347 439
28 501 848
29 773 157
30 928 778
31 750 521
32 415 387
33 386 923
34 802 464
35 744 292
36 496 721
37 172 238
38 661 500
39 653 238
40 356 652
41 910 537
42 312 174
43 485 313
44 388 858
45 329 157
46 386 52
47 963 162
48 371 12
49 187 83
50 369 800
51 89 741
52 366 603
53 513 120
54 907 445
55 350 330
56 771 625
57 696 84
58 624 425
59 545 54
60 109 735
61 207 711
62 14 297
63 629 846
64 546 102
65 781 38
66 115 269
67 576 623
68 987 537
69 954 988
70 522 76
71 584 610
72 624 99
73 627 246
74 697 796
75 895 246
76 390 688
77 891 769
78 290 822
79 81 461
80 98 375
81 207 206
82 451 237
83 653 288
84 827 254
85 548 419
86 470 661
87 138 858
88 52 970
89 167 211
90 152 724
91 741 501
92 980 130
DEMAND_SECTION
1 0
2 1
3 1
4 3
5 1
6 2
7 3
8 1
9 3
10 3
11 3
12 2
13 1
14 1
15 2
16 1
17 1
18 1
19 2
20 1
21 3
22 1
23 1
24 1
25 2
26 2
27 1
28 3
29 2
30 1
31 3
32 2
33 1
34 1
35 1
36 2
37 2
38 1
39 3
40 3
41 2
42 3
43 1
44 2
45 3
46 2
47 1
48 3
49 2
50 1
51 3
52 3
53 3
54 1
55 2
56 2
57 2
58 2
59 3
60 1
61 2
62 2
63 3
64 3
65 2
66 1
67 3
68 1
69 3
70 1
71 1
72 2
73 1
74 2
75 2
76 1
77 2
78 2
79 2
80 2
81 3
82 1
83 2
84 1
85 1
86 2
87 1
88 3
89 1
90 2
91 1
92 2
DEPOT_SECTION
 1
 -1
 EOF 