NAME: I28486-n95-k7
COMMENT : (Fake et al, No of trucks: 7, Optimal value: )
TYPE : CVRP
DIMENSION : 95
EDGE_WEIGHT_TYPE : EUC_2D
CAPACITY : 73
NODE_COORD_SECTION
1 189 798
2 825 618
3 292 603
4 281 0
5 631 445
6 229 512
7 541 225
8 653 785
9 152 309
10 721 936
11 824 185
12 335 869
13 812 505
14 993 742
15 140 528
16 172 416
17 924 327
18 114 757
19 89 314
20 990 963
21 19 332
22 878 28
23 375 175
24 948 336
25 464 217
26 23 259
27 254 131
28 606 519
29 9 551
30 459 207
31 294 15
32 627 545
33 203 511
34 979 660
35 347 689
36 850 672
37 58 342
38 651 626
39 420 672
40 124 751
41 628 724
42 963 866
43 384 88
44 27 547
45 779 243
46 574 182
47 654 895
48 157 814
49 933 717
50 954 482
51 945 256
52 948 147
53 195 487
54 925 683
55 295 723
56 506 172
57 716 230
58 535 457
59 690 518
60 904 850
61 340 797
62 830 474
63 42 562
64 897 264
65 787 585
66 85 700
67 835 22
68 709 843
69 602 601
70 450 975
71 813 330
72 300 708
73 13 937
74 504 494
75 783 294
76 621 368
77 509 653
78 743 205
79 917 758
80 294 113
81 494 216
82 12 570
83 292 590
84 937 716
85 843 579
86 680 613
87 874 647
88 859 839
89 173 56
90 26 732
91 564 418
92 916 980
93 573 313
94 292 375
95 882 390
DEMAND_SECTION
1 0
2 9
3 2
4 7
5 6
6 5
7 4
8 1
9 7
10 7
11 1
12 2
13 9
14 6
15 1
16 7
17 9
18 5
19 5
20 8
21 2
22 1
23 6
24 1
25 1
26 3
27 6
28 1
29 9
30 3
31 6
32 2
33 5
34 8
35 2
36 8
37 1
38 6
39 5
40 2
41 2
42 7
43 7
44 3
45 3
46 2
47 3
48 5
49 7
50 2
51 8
52 4
53 9
54 6
55 8
56 5
57 2
58 6
59 8
60 4
61 9
62 9
63 7
64 4
65 6
66 6
67 9
68 2
69 6
70 7
71 5
72 6
73 3
74 5
75 2
76 1
77 8
78 9
79 6
80 7
81 2
82 5
83 8
84 3
85 3
86 5
87 3
88 5
89 1
90 4
91 2
92 8
93 2
94 7
95 7
DEPOT_SECTION
 1
 -1
 EOF 