NAME: I28425-n71-k9
COMMENT : (Fake et al, No of trucks: 9, Optimal value: )
TYPE : CVRP
DIMENSION : 71
EDGE_WEIGHT_TYPE : EUC_2D
CAPACITY : 35
NODE_COORD_SECTION
1 707 913
2 835 66
3 711 757
4 288 133
5 137 516
6 456 957
7 963 823
8 766 75
9 518 36
10 808 223
11 159 837
12 497 154
13 192 929
14 727 726
15 292 485
16 762 67
17 953 364
18 606 326
19 181 876
20 558 963
21 491 325
22 455 24
23 375 657
24 322 163
25 403 338
26 62 31
27 976 526
28 571 480
29 730 979
30 901 419
31 736 833
32 103 265
33 584 497
34 128 499
35 11 826
36 525 176
37 396 798
38 472 881
39 138 189
40 192 341
41 533 227
42 871 998
43 962 705
44 889 628
45 347 9
46 447 789
47 185 11
48 2 95
49 524 310
50 985 673
51 46 849
52 633 549
53 883 150
54 562 918
55 480 38
56 740 827
57 320 226
58 309 800
59 115 944
60 838 291
61 279 777
62 702 429
63 638 886
64 847 401
65 697 757
66 704 155
67 699 293
68 39 879
69 585 997
70 864 687
71 744 920
DEMAND_SECTION
1 0
2 3
3 6
4 1
5 5
6 5
7 3
8 5
9 4
10 5
11 4
12 5
13 2
14 3
15 6
16 6
17 5
18 4
19 4
20 4
21 5
22 6
23 5
24 2
25 1
26 5
27 2
28 2
29 4
30 5
31 5
32 3
33 1
34 6
35 6
36 5
37 1
38 1
39 5
40 2
41 5
42 4
43 2
44 4
45 2
46 1
47 2
48 3
49 5
50 3
51 5
52 6
53 6
54 3
55 5
56 6
57 5
58 6
59 2
60 6
61 6
62 4
63 1
64 4
65 5
66 6
67 2
68 5
69 1
70 6
71 1
DEPOT_SECTION
 1
 -1
 EOF 