NAME: I28434-n82-k8
COMMENT : (Fake et al, No of trucks: 8, Optimal value: )
TYPE : CVRP
DIMENSION : 82
EDGE_WEIGHT_TYPE : EUC_2D
CAPACITY : 61
NODE_COORD_SECTION
1 484 32
2 194 995
3 987 554
4 218 96
5 532 922
6 927 615
7 101 583
8 983 238
9 116 627
10 395 618
11 28 352
12 105 570
13 437 189
14 271 617
15 31 866
16 236 983
17 640 311
18 143 71
19 173 977
20 17 143
21 846 41
22 75 626
23 420 288
24 558 71
25 978 858
26 940 160
27 114 533
28 884 716
29 131 335
30 337 524
31 101 629
32 64 923
33 970 827
34 518 795
35 117 82
36 744 798
37 676 441
38 316 262
39 99 485
40 521 531
41 346 657
42 873 978
43 175 179
44 451 970
45 237 417
46 874 270
47 251 814
48 128 929
49 511 843
50 624 419
51 803 456
52 736 635
53 421 679
54 564 292
55 396 66
56 872 875
57 332 163
58 358 941
59 399 830
60 461 744
61 457 516
62 767 35
63 755 450
64 370 296
65 567 454
66 620 434
67 625 352
68 640 145
69 330 676
70 821 473
71 110 83
72 38 816
73 108 259
74 546 685
75 213 294
76 186 138
77 967 703
78 405 861
79 14 249
80 22 142
81 263 384
82 723 501
DEMAND_SECTION
1 0
2 4
3 1
4 1
5 8
6 4
7 3
8 2
9 1
10 4
11 2
12 6
13 9
14 5
15 6
16 3
17 9
18 9
19 1
20 7
21 2
22 1
23 8
24 9
25 10
26 1
27 3
28 2
29 10
30 3
31 9
32 4
33 4
34 10
35 3
36 1
37 5
38 3
39 1
40 10
41 9
42 4
43 7
44 9
45 7
46 1
47 3
48 4
49 8
50 5
51 4
52 7
53 10
54 1
55 8
56 2
57 3
58 8
59 2
60 1
61 8
62 7
63 8
64 10
65 8
66 2
67 10
68 10
69 8
70 6
71 6
72 8
73 3
74 10
75 6
76 1
77 3
78 10
79 6
80 9
81 8
82 4
DEPOT_SECTION
 1
 -1
 EOF 