NAME: I28509-n90-k10
COMMENT : (Fake et al, No of trucks: 10, Optimal value: )
TYPE : CVRP
DIMENSION : 90
EDGE_WEIGHT_TYPE : EUC_2D
CAPACITY : 37
NODE_COORD_SECTION
1 411 391
2 636 624
3 191 777
4 274 823
5 70 906
6 704 408
7 867 37
8 115 795
9 214 515
10 750 556
11 469 599
12 303 319
13 116 480
14 412 734
15 30 726
16 995 624
17 761 54
18 888 717
19 547 505
20 99 702
21 352 45
22 64 286
23 758 937
24 4 997
25 428 813
26 409 686
27 307 340
28 696 184
29 72 7
30 773 986
31 976 242
32 688 318
33 972 243
34 994 425
35 858 187
36 534 221
37 401 735
38 87 833
39 666 416
40 942 375
41 119 746
42 856 59
43 81 282
44 711 498
45 979 438
46 395 130
47 909 105
48 974 168
49 217 57
50 298 328
51 238 126
52 792 467
53 642 233
54 490 983
55 775 317
56 568 718
57 567 414
58 749 304
59 450 84
60 804 670
61 732 200
62 831 298
63 284 43
64 42 78
65 629 442
66 13 398
67 20 865
68 118 918
69 735 234
70 559 341
71 465 790
72 367 435
73 571 873
74 122 684
75 413 30
76 486 641
77 515 115
78 924 1000
79 525 29
80 545 640
81 810 745
82 740 113
83 365 757
84 234 353
85 104 343
86 457 171
87 225 969
88 499 104
89 198 664
90 240 386
DEMAND_SECTION
1 0
2 2
3 5
4 4
5 2
6 3
7 3
8 6
9 2
10 4
11 2
12 4
13 2
14 4
15 2
16 1
17 6
18 3
19 4
20 2
21 2
22 4
23 1
24 2
25 4
26 4
27 2
28 4
29 4
30 5
31 6
32 3
33 5
34 4
35 4
36 5
37 4
38 6
39 3
40 1
41 6
42 2
43 5
44 5
45 6
46 5
47 1
48 1
49 4
50 4
51 1
52 1
53 1
54 4
55 3
56 5
57 5
58 4
59 6
60 1
61 4
62 4
63 2
64 3
65 3
66 6
67 4
68 4
69 6
70 1
71 1
72 5
73 2
74 2
75 6
76 2
77 3
78 2
79 5
80 4
81 1
82 4
83 3
84 3
85 1
86 3
87 1
88 2
89 5
90 5
DEPOT_SECTION
 1
 -1
 EOF 