NAME: I28585-n80-k6
COMMENT : (Fake et al, No of trucks: 6, Optimal value: )
TYPE : CVRP
DIMENSION : 80
EDGE_WEIGHT_TYPE : EUC_2D
CAPACITY : 64
NODE_COORD_SECTION
1 187 876
2 254 258
3 343 209
4 65 642
5 160 691
6 366 916
7 716 449
8 2 627
9 952 585
10 346 477
11 802 665
12 948 30
13 348 552
14 477 449
15 815 524
16 821 329
17 282 903
18 705 459
19 794 135
20 636 321
21 768 944
22 313 567
23 705 536
24 838 140
25 805 29
26 442 522
27 532 823
28 46 406
29 901 655
30 915 242
31 838 445
32 577 660
33 768 955
34 530 908
35 336 594
36 772 364
37 823 563
38 469 824
39 803 162
40 622 1
41 859 707
42 662 496
43 511 817
44 352 593
45 171 992
46 732 746
47 603 891
48 238 214
49 377 569
50 551 934
51 86 197
52 733 657
53 811 629
54 106 752
55 337 716
56 77 978
57 899 750
58 746 755
59 599 357
60 269 157
61 284 25
62 574 78
63 812 872
64 192 717
65 114 191
66 759 11
67 234 728
68 436 994
69 723 375
70 640 828
71 339 396
72 397 380
73 738 283
74 53 779
75 489 971
76 199 412
77 360 654
78 891 765
79 80 271
80 225 32
DEMAND_SECTION
1 0
2 7
3 8
4 1
5 2
6 1
7 3
8 7
9 5
10 7
11 5
12 5
13 4
14 7
15 2
16 5
17 4
18 1
19 2
20 4
21 6
22 2
23 4
24 4
25 8
26 4
27 7
28 2
29 5
30 1
31 5
32 3
33 5
34 3
35 3
36 7
37 8
38 3
39 4
40 3
41 7
42 2
43 1
44 6
45 4
46 1
47 8
48 4
49 1
50 5
51 4
52 2
53 8
54 7
55 2
56 6
57 4
58 3
59 2
60 5
61 3
62 8
63 5
64 6
65 8
66 6
67 8
68 5
69 7
70 5
71 3
72 2
73 1
74 6
75 8
76 8
77 2
78 1
79 5
80 6
DEPOT_SECTION
 1
 -1
 EOF 