NAME: I28591-n86-k7
COMMENT : (Fake et al, No of trucks: 7, Optimal value: )
TYPE : CVRP
DIMENSION : 86
EDGE_WEIGHT_TYPE : EUC_2D
CAPACITY : 83
NODE_COORD_SECTION
1 732 711
2 529 284
3 608 762
4 160 726
5 249 944
6 43 469
7 437 629
8 50 480
9 198 165
10 993 384
11 301 230
12 795 796
13 656 761
14 865 631
15 561 444
16 746 73
17 85 650
18 147 59
19 636 765
20 701 861
21 854 288
22 944 84
23 579 49
24 467 412
25 906 689
26 240 118
27 374 657
28 909 555
29 736 317
30 827 639
31 651 69
32 577 402
33 78 197
34 351 77
35 498 123
36 20 182
37 608 110
38 813 75
39 735 313
40 263 102
41 1000 988
42 404 434
43 62 871
44 695 643
45 383 817
46 243 743
47 859 217
48 937 943
49 89 61
50 50 544
51 41 99
52 923 380
53 705 498
54 279 247
55 526 399
56 442 899
57 288 930
58 668 681
59 617 421
60 570 249
61 182 151
62 76 359
63 44 513
64 222 466
65 451 734
66 793 621
67 197 60
68 146 439
69 329 977
70 934 251
71 810 256
72 584 796
73 488 923
74 293 630
75 760 445
76 904 125
77 887 986
78 658 130
79 26 724
80 216 422
81 172 791
82 523 480
83 99 668
84 3 604
85 783 237
86 623 760
DEMAND_SECTION
1 0
2 2
3 8
4 1
5 2
6 1
7 8
8 9
9 4
10 6
11 9
12 9
13 5
14 7
15 4
16 10
17 9
18 7
19 7
20 6
21 3
22 5
23 5
24 2
25 3
26 7
27 2
28 5
29 8
30 5
31 9
32 11
33 4
34 4
35 3
36 6
37 6
38 1
39 5
40 9
41 11
42 9
43 5
44 2
45 10
46 4
47 4
48 11
49 5
50 5
51 10
52 10
53 3
54 2
55 7
56 5
57 7
58 1
59 4
60 6
61 2
62 11
63 4
64 5
65 9
66 6
67 3
68 6
69 4
70 10
71 7
72 1
73 4
74 4
75 8
76 10
77 11
78 2
79 3
80 6
81 4
82 6
83 5
84 8
85 9
86 8
DEPOT_SECTION
 1
 -1
 EOF 