NAME: I28595-n99-k10
COMMENT : (Fake et al, No of trucks: 10, Optimal value: )
TYPE : CVRP
DIMENSION : 99
EDGE_WEIGHT_TYPE : EUC_2D
CAPACITY : 60
NODE_COORD_SECTION
1 781 94
2 625 475
3 121 54
4 598 353
5 799 449
6 218 526
7 41 817
8 803 78
9 212 926
10 681 282
11 396 109
12 889 587
13 662 343
14 856 275
15 358 798
16 168 93
17 33 823
18 54 801
19 800 663
20 193 782
21 924 527
22 870 681
23 618 601
24 926 620
25 588 625
26 22 255
27 475 613
28 503 287
29 994 907
30 629 750
31 298 646
32 930 31
33 147 889
34 281 621
35 553 605
36 953 719
37 942 233
38 804 811
39 605 852
40 328 978
41 583 928
42 348 956
43 717 662
44 953 164
45 280 908
46 546 264
47 853 230
48 869 981
49 252 207
50 743 646
51 977 811
52 613 768
53 127 9
54 801 372
55 833 497
56 401 85
57 870 925
58 473 910
59 935 476
60 777 871
61 717 822
62 422 242
63 83 829
64 618 26
65 408 113
66 183 183
67 211 652
68 960 958
69 616 231
70 253 139
71 220 575
72 783 409
73 781 393
74 841 753
75 277 88
76 274 463
77 467 929
78 448 487
79 140 942
80 458 76
81 775 8
82 661 343
83 589 955
84 329 25
85 11 575
86 86 715
87 922 655
88 112 318
89 377 835
90 393 491
91 961 743
92 96 624
93 928 50
94 13 300
95 258 792
96 907 324
97 351 191
98 130 621
99 161 433
DEMAND_SECTION
1 0
2 10
3 7
4 8
5 5
6 7
7 6
8 10
9 3
10 4
11 9
12 10
13 7
14 7
15 7
16 9
17 1
18 1
19 5
20 4
21 8
22 1
23 9
24 7
25 8
26 4
27 3
28 4
29 5
30 4
31 6
32 2
33 5
34 6
35 1
36 9
37 5
38 4
39 4
40 5
41 3
42 2
43 9
44 2
45 5
46 3
47 9
48 4
49 7
50 9
51 3
52 7
53 7
54 6
55 5
56 10
57 9
58 6
59 8
60 5
61 2
62 8
63 3
64 6
65 10
66 10
67 1
68 5
69 10
70 10
71 7
72 5
73 7
74 4
75 6
76 7
77 5
78 7
79 8
80 4
81 8
82 10
83 3
84 1
85 2
86 5
87 6
88 6
89 1
90 3
91 4
92 10
93 8
94 10
95 2
96 1
97 8
98 4
99 4
DEPOT_SECTION
 1
 -1
 EOF 