NAME: I28668-n86-k8
COMMENT : (Fake et al, No of trucks: 8, Optimal value: )
TYPE : CVRP
DIMENSION : 86
EDGE_WEIGHT_TYPE : EUC_2D
CAPACITY : 39
NODE_COORD_SECTION
1 894 97
2 467 563
3 227 214
4 320 371
5 85 765
6 397 322
7 636 721
8 585 747
9 867 708
10 463 796
11 785 619
12 802 144
13 648 7
14 412 315
15 25 818
16 981 500
17 505 919
18 431 134
19 116 453
20 731 225
21 824 794
22 282 15
23 638 578
24 928 678
25 142 814
26 466 173
27 791 44
28 880 646
29 779 105
30 337 980
31 774 867
32 666 155
33 199 583
34 790 748
35 964 916
36 984 573
37 810 584
38 72 433
39 237 304
40 61 455
41 590 898
42 884 25
43 338 565
44 737 381
45 906 314
46 786 801
47 20 549
48 244 639
49 412 81
50 540 814
51 465 617
52 557 328
53 114 922
54 690 281
55 341 148
56 1000 638
57 737 168
58 25 709
59 37 269
60 94 464
61 645 563
62 393 865
63 858 439
64 766 628
65 356 644
66 258 396
67 30 184
68 9 757
69 200 964
70 728 716
71 80 357
72 775 931
73 396 30
74 151 681
75 321 527
76 438 766
77 92 449
78 411 256
79 90 258
80 57 987
81 356 468
82 242 110
83 151 622
84 823 991
85 571 397
86 806 534
DEMAND_SECTION
1 0
2 1
3 2
4 2
5 3
6 2
7 2
8 3
9 4
10 4
11 5
12 1
13 2
14 2
15 2
16 4
17 5
18 5
19 5
20 6
21 6
22 3
23 3
24 4
25 2
26 2
27 1
28 2
29 4
30 5
31 3
32 3
33 1
34 4
35 2
36 4
37 2
38 1
39 4
40 6
41 3
42 3
43 3
44 2
45 4
46 4
47 4
48 2
49 4
50 4
51 4
52 4
53 4
54 3
55 4
56 2
57 6
58 4
59 1
60 5
61 1
62 2
63 6
64 4
65 3
66 2
67 4
68 6
69 5
70 6
71 3
72 2
73 2
74 4
75 1
76 3
77 3
78 4
79 5
80 2
81 3
82 6
83 3
84 4
85 1
86 3
DEPOT_SECTION
 1
 -1
 EOF 