NAME: I28634-n83-k10
COMMENT : (Fake et al, No of trucks: 10, Optimal value: )
TYPE : CVRP
DIMENSION : 83
EDGE_WEIGHT_TYPE : EUC_2D
CAPACITY : 23
NODE_COORD_SECTION
1 670 609
2 601 56
3 252 174
4 508 69
5 343 943
6 951 895
7 614 3
8 423 80
9 796 391
10 103 899
11 676 382
12 280 94
13 826 907
14 335 509
15 809 851
16 615 213
17 156 188
18 597 238
19 314 682
20 521 276
21 147 160
22 154 9
23 357 529
24 936 627
25 323 267
26 297 110
27 856 500
28 713 522
29 459 364
30 249 896
31 12 230
32 271 338
33 730 479
34 219 777
35 875 471
36 896 252
37 698 335
38 318 362
39 575 56
40 390 286
41 288 356
42 134 243
43 165 223
44 1000 696
45 325 488
46 340 131
47 345 273
48 745 500
49 451 169
50 932 648
51 294 378
52 856 889
53 941 550
54 340 990
55 641 429
56 657 890
57 194 443
58 962 603
59 219 114
60 92 501
61 338 773
62 818 240
63 109 139
64 160 734
65 46 328
66 379 986
67 226 10
68 782 112
69 305 348
70 765 430
71 175 342
72 808 59
73 539 499
74 917 694
75 696 461
76 286 370
77 348 70
78 347 321
79 961 586
80 326 6
81 959 319
82 307 399
83 784 630
DEMAND_SECTION
1 0
2 1
3 3
4 2
5 2
6 2
7 1
8 1
9 3
10 1
11 3
12 2
13 3
14 3
15 3
16 3
17 3
18 3
19 3
20 3
21 4
22 3
23 1
24 2
25 2
26 4
27 1
28 4
29 1
30 3
31 1
32 1
33 3
34 1
35 3
36 3
37 4
38 4
39 1
40 1
41 1
42 3
43 4
44 3
45 4
46 1
47 4
48 4
49 2
50 1
51 1
52 4
53 2
54 4
55 2
56 1
57 4
58 3
59 2
60 1
61 4
62 1
63 4
64 4
65 3
66 2
67 1
68 1
69 3
70 2
71 4
72 2
73 4
74 4
75 4
76 1
77 3
78 2
79 4
80 4
81 4
82 2
83 2
DEPOT_SECTION
 1
 -1
 EOF 