NAME: I28684-n72-k6
COMMENT : (Fake et al, No of trucks: 6, Optimal value: )
TYPE : CVRP
DIMENSION : 72
EDGE_WEIGHT_TYPE : EUC_2D
CAPACITY : 55
NODE_COORD_SECTION
1 907 101
2 538 969
3 452 726
4 824 151
5 421 110
6 489 872
7 176 366
8 525 785
9 916 658
10 725 850
11 809 404
12 321 143
13 889 569
14 23 172
15 904 691
16 996 487
17 126 409
18 945 770
19 908 942
20 58 382
21 112 797
22 658 51
23 19 775
24 761 944
25 169 464
26 617 697
27 243 717
28 269 859
29 33 836
30 263 541
31 688 365
32 607 77
33 259 569
34 690 673
35 642 52
36 857 178
37 610 120
38 466 583
39 561 272
40 400 643
41 754 376
42 472 118
43 516 68
44 863 131
45 486 28
46 92 214
47 146 756
48 713 56
49 263 865
50 204 6
51 335 505
52 329 26
53 437 14
54 598 464
55 909 655
56 834 705
57 849 73
58 462 119
59 32 697
60 95 807
61 547 493
62 698 937
63 697 749
64 296 176
65 903 459
66 68 796
67 435 595
68 584 379
69 32 445
70 323 790
71 184 886
72 870 958
DEMAND_SECTION
1 0
2 1
3 5
4 2
5 7
6 1
7 7
8 8
9 1
10 7
11 5
12 8
13 3
14 7
15 2
16 2
17 5
18 4
19 6
20 5
21 7
22 3
23 2
24 6
25 2
26 4
27 5
28 8
29 8
30 4
31 6
32 5
33 6
34 5
35 1
36 4
37 3
38 7
39 7
40 3
41 2
42 8
43 3
44 1
45 4
46 7
47 4
48 1
49 8
50 4
51 4
52 1
53 1
54 3
55 5
56 2
57 8
58 1
59 5
60 1
61 1
62 3
63 8
64 3
65 3
66 8
67 4
68 1
69 4
70 5
71 6
72 2
DEPOT_SECTION
 1
 -1
 EOF 