NAME: I28720-n80-k7
COMMENT : (Fake et al, No of trucks: 7, Optimal value: )
TYPE : CVRP
DIMENSION : 80
EDGE_WEIGHT_TYPE : EUC_2D
CAPACITY : 13
NODE_COORD_SECTION
1 214 463
2 273 863
3 429 938
4 636 305
5 793 437
6 262 66
7 868 760
8 854 50
9 280 432
10 465 294
11 159 277
12 308 359
13 86 101
14 714 329
15 266 784
16 21 184
17 797 182
18 503 144
19 485 620
20 899 357
21 430 50
22 562 483
23 16 241
24 416 116
25 255 34
26 984 69
27 996 496
28 58 957
29 694 718
30 268 676
31 453 990
32 439 343
33 511 916
34 204 779
35 654 1000
36 907 535
37 43 199
38 153 202
39 474 262
40 204 432
41 732 986
42 919 379
43 882 277
44 879 90
45 176 92
46 374 76
47 14 268
48 401 181
49 221 550
50 192 163
51 955 587
52 169 328
53 570 334
54 684 7
55 332 37
56 774 824
57 115 590
58 450 828
59 881 948
60 734 129
61 493 875
62 411 450
63 1000 124
64 220 668
65 781 638
66 39 700
67 813 533
68 51 974
69 797 97
70 301 949
71 828 180
72 624 511
73 307 869
74 513 239
75 228 400
76 836 279
77 524 587
78 424 635
79 981 881
80 770 832
DEMAND_SECTION
1 0
2 1
3 1
4 1
5 1
6 1
7 1
8 1
9 1
10 1
11 1
12 1
13 1
14 1
15 1
16 1
17 1
18 1
19 1
20 1
21 1
22 1
23 1
24 1
25 1
26 1
27 1
28 1
29 1
30 1
31 1
32 1
33 1
34 1
35 1
36 1
37 1
38 1
39 1
40 1
41 1
42 1
43 1
44 1
45 1
46 1
47 1
48 1
49 1
50 1
51 1
52 1
53 1
54 1
55 1
56 1
57 1
58 1
59 1
60 1
61 1
62 1
63 1
64 1
65 1
66 1
67 1
68 1
69 1
70 1
71 1
72 1
73 1
74 1
75 1
76 1
77 1
78 1
79 1
80 1
DEPOT_SECTION
 1
 -1
 EOF 