NAME: I28864-n85-k10
COMMENT : (Fake et al, No of trucks: 10, Optimal value: )
TYPE : CVRP
DIMENSION : 85
EDGE_WEIGHT_TYPE : EUC_2D
CAPACITY : 59
NODE_COORD_SECTION
1 20 597
2 727 511
3 601 864
4 467 525
5 235 464
6 875 608
7 39 172
8 464 283
9 94 558
10 962 115
11 213 254
12 572 795
13 181 390
14 450 886
15 17 342
16 134 664
17 168 262
18 346 283
19 526 824
20 684 353
21 174 444
22 43 422
23 541 389
24 1000 509
25 464 501
26 250 789
27 171 802
28 349 365
29 913 906
30 340 438
31 81 936
32 10 909
33 190 494
34 28 783
35 746 668
36 83 134
37 659 1000
38 660 879
39 643 948
40 859 845
41 859 225
42 255 566
43 236 83
44 370 520
45 738 56
46 259 809
47 977 845
48 904 588
49 616 80
50 482 946
51 978 179
52 381 589
53 776 612
54 247 584
55 518 783
56 169 696
57 972 496
58 834 347
59 999 298
60 113 544
61 836 415
62 352 107
63 960 373
64 84 596
65 319 760
66 632 964
67 752 474
68 547 758
69 416 565
70 0 995
71 746 438
72 464 659
73 66 72
74 548 713
75 900 437
76 534 720
77 348 870
78 647 365
79 274 117
80 902 68
81 169 314
82 470 787
83 635 305
84 456 809
85 574 830
DEMAND_SECTION
1 0
2 8
3 7
4 8
5 11
6 8
7 4
8 3
9 10
10 8
11 5
12 1
13 9
14 2
15 3
16 4
17 11
18 4
19 1
20 10
21 11
22 9
23 9
24 7
25 11
26 2
27 7
28 7
29 10
30 5
31 1
32 1
33 11
34 5
35 3
36 11
37 8
38 8
39 4
40 2
41 9
42 4
43 8
44 11
45 6
46 8
47 11
48 10
49 8
50 5
51 11
52 6
53 6
54 8
55 7
56 3
57 5
58 2
59 3
60 8
61 8
62 10
63 10
64 8
65 2
66 11
67 1
68 4
69 4
70 1
71 2
72 11
73 8
74 7
75 5
76 10
77 6
78 6
79 7
80 3
81 4
82 7
83 2
84 4
85 7
DEPOT_SECTION
 1
 -1
 EOF 