NAME: I28840-n84-k7
COMMENT : (Fake et al, No of trucks: 7, Optimal value: )
TYPE : CVRP
DIMENSION : 84
EDGE_WEIGHT_TYPE : EUC_2D
CAPACITY : 60
NODE_COORD_SECTION
1 103 86
2 308 203
3 715 346
4 263 466
5 543 793
6 595 697
7 498 763
8 217 770
9 845 561
10 458 731
11 53 603
12 252 822
13 282 318
14 629 705
15 136 796
16 20 644
17 771 411
18 155 26
19 895 989
20 102 677
21 599 745
22 224 567
23 769 932
24 86 437
25 979 739
26 652 911
27 343 390
28 658 841
29 352 580
30 695 5
31 373 285
32 931 799
33 507 353
34 742 726
35 404 982
36 893 863
37 445 722
38 733 615
39 412 308
40 468 816
41 839 55
42 837 998
43 765 290
44 583 172
45 906 690
46 760 79
47 397 769
48 779 583
49 245 341
50 716 789
51 975 99
52 161 984
53 931 405
54 439 200
55 878 230
56 434 377
57 146 146
58 33 995
59 820 874
60 502 344
61 188 891
62 26 628
63 935 641
64 243 123
65 663 971
66 64 457
67 878 127
68 168 594
69 310 882
70 505 664
71 731 850
72 88 323
73 70 485
74 995 43
75 795 914
76 444 267
77 638 59
78 308 829
79 352 70
80 518 225
81 701 14
82 427 187
83 281 12
84 357 7
DEMAND_SECTION
1 0
2 3
3 5
4 5
5 1
6 3
7 7
8 7
9 8
10 2
11 1
12 5
13 7
14 3
15 6
16 6
17 7
18 5
19 1
20 3
21 7
22 4
23 7
24 6
25 7
26 7
27 5
28 3
29 7
30 6
31 1
32 1
33 3
34 8
35 2
36 4
37 4
38 2
39 5
40 4
41 8
42 3
43 3
44 4
45 5
46 4
47 1
48 2
49 2
50 7
51 7
52 1
53 5
54 7
55 4
56 8
57 3
58 7
59 7
60 4
61 3
62 6
63 2
64 6
65 7
66 2
67 6
68 4
69 7
70 5
71 8
72 7
73 8
74 7
75 5
76 5
77 7
78 7
79 4
80 3
81 3
82 5
83 2
84 1
DEPOT_SECTION
 1
 -1
 EOF 