NAME: I28838-n71-k10
COMMENT : (Fake et al, No of trucks: 10, Optimal value: )
TYPE : CVRP
DIMENSION : 71
EDGE_WEIGHT_TYPE : EUC_2D
CAPACITY : 16
NODE_COORD_SECTION
1 972 484
2 670 568
3 420 930
4 771 876
5 876 742
6 833 88
7 940 246
8 380 726
9 259 77
10 802 893
11 186 318
12 664 481
13 339 752
14 701 865
15 977 785
16 623 253
17 361 979
18 200 594
19 445 189
20 146 874
21 695 80
22 373 841
23 428 543
24 865 725
25 555 524
26 343 30
27 846 746
28 682 905
29 685 233
30 482 681
31 948 548
32 766 388
33 584 644
34 957 78
35 172 161
36 97 514
37 758 737
38 886 340
39 986 148
40 239 380
41 82 96
42 826 269
43 645 522
44 504 240
45 380 167
46 95 203
47 860 907
48 285 540
49 519 876
50 482 685
51 87 548
52 821 452
53 408 366
54 988 332
55 271 970
56 66 800
57 724 297
58 716 714
59 3 655
60 659 876
61 693 294
62 409 100
63 897 396
64 402 101
65 373 102
66 851 857
67 143 317
68 907 357
69 878 352
70 98 176
71 198 418
DEMAND_SECTION
1 0
2 1
3 3
4 2
5 1
6 2
7 3
8 1
9 1
10 1
11 2
12 1
13 3
14 2
15 3
16 1
17 1
18 2
19 3
20 2
21 3
22 3
23 3
24 1
25 3
26 1
27 2
28 1
29 3
30 2
31 1
32 1
33 3
34 3
35 1
36 3
37 1
38 2
39 3
40 1
41 2
42 3
43 3
44 3
45 2
46 1
47 1
48 1
49 1
50 1
51 1
52 2
53 1
54 3
55 2
56 2
57 3
58 1
59 2
60 3
61 3
62 3
63 3
64 3
65 3
66 1
67 1
68 2
69 1
70 2
71 2
DEPOT_SECTION
 1
 -1
 EOF 