NAME: I28976-n97-k7
COMMENT : (Fake et al, No of trucks: 7, Optimal value: )
TYPE : CVRP
DIMENSION : 97
EDGE_WEIGHT_TYPE : EUC_2D
CAPACITY : 38
NODE_COORD_SECTION
1 598 86
2 902 228
3 839 815
4 503 772
5 567 563
6 130 445
7 748 385
8 308 898
9 255 192
10 550 187
11 690 495
12 6 328
13 712 92
14 328 62
15 315 255
16 188 689
17 217 548
18 630 319
19 315 289
20 384 726
21 385 544
22 656 224
23 546 434
24 302 814
25 376 231
26 597 172
27 433 172
28 692 694
29 486 624
30 749 393
31 312 152
32 507 717
33 296 81
34 573 353
35 809 905
36 579 673
37 800 755
38 378 787
39 700 600
40 685 919
41 881 419
42 931 382
43 490 739
44 360 225
45 922 441
46 965 603
47 158 449
48 728 186
49 711 956
50 549 670
51 523 332
52 678 671
53 20 28
54 396 230
55 937 107
56 282 141
57 947 718
58 52 283
59 954 389
60 702 10
61 817 746
62 528 241
63 8 949
64 904 356
65 186 845
66 548 304
67 622 899
68 496 365
69 625 225
70 324 313
71 637 917
72 943 995
73 530 203
74 582 721
75 900 754
76 603 556
77 64 49
78 789 946
79 368 760
80 7 585
81 22 441
82 685 631
83 278 212
84 120 689
85 77 541
86 12 119
87 681 416
88 333 496
89 662 475
90 708 249
91 117 610
92 659 909
93 596 861
94 985 814
95 17 781
96 775 24
97 533 289
DEMAND_SECTION
1 0
2 2
3 1
4 3
5 1
6 4
7 1
8 1
9 2
10 4
11 2
12 4
13 4
14 1
15 3
16 2
17 3
18 2
19 3
20 1
21 3
22 2
23 1
24 4
25 2
26 1
27 3
28 1
29 1
30 3
31 4
32 2
33 4
34 1
35 4
36 4
37 1
38 2
39 1
40 3
41 4
42 4
43 3
44 3
45 3
46 1
47 1
48 3
49 3
50 1
51 1
52 1
53 1
54 2
55 2
56 3
57 4
58 1
59 1
60 4
61 2
62 2
63 4
64 4
65 4
66 3
67 4
68 1
69 2
70 1
71 3
72 3
73 1
74 2
75 1
76 1
77 3
78 2
79 3
80 1
81 4
82 3
83 3
84 4
85 2
86 4
87 3
88 3
89 4
90 4
91 4
92 2
93 3
94 3
95 3
96 1
97 3
DEPOT_SECTION
 1
 -1
 EOF 