NAME: I28946-n78-k8
COMMENT : (Fake et al, No of trucks: 8, Optimal value: )
TYPE : CVRP
DIMENSION : 78
EDGE_WEIGHT_TYPE : EUC_2D
CAPACITY : 17
NODE_COORD_SECTION
1 230 279
2 684 537
3 16 102
4 162 691
5 583 966
6 398 874
7 300 68
8 595 273
9 766 871
10 736 76
11 606 86
12 284 980
13 140 868
14 976 290
15 132 256
16 694 47
17 156 448
18 611 94
19 305 638
20 91 843
21 479 664
22 860 524
23 571 168
24 77 272
25 750 422
26 792 474
27 612 286
28 260 822
29 721 235
30 911 280
31 201 60
32 403 927
33 500 823
34 291 760
35 359 777
36 519 376
37 356 601
38 672 598
39 517 162
40 406 516
41 311 952
42 282 605
43 960 775
44 567 693
45 28 361
46 696 655
47 998 830
48 541 493
49 388 872
50 757 441
51 305 553
52 113 658
53 692 31
54 760 761
55 466 583
56 141 604
57 244 832
58 338 272
59 949 515
60 819 670
61 960 36
62 837 439
63 843 693
64 349 748
65 102 401
66 855 628
67 702 510
68 271 568
69 313 177
70 195 261
71 907 987
72 453 981
73 543 870
74 879 426
75 571 419
76 712 171
77 835 487
78 281 357
DEMAND_SECTION
1 0
2 2
3 1
4 2
5 1
6 1
7 2
8 1
9 2
10 2
11 2
12 2
13 2
14 2
15 2
16 1
17 1
18 1
19 1
20 2
21 1
22 2
23 1
24 2
25 1
26 1
27 1
28 1
29 2
30 2
31 1
32 1
33 1
34 1
35 2
36 2
37 1
38 2
39 1
40 2
41 2
42 1
43 1
44 2
45 2
46 1
47 1
48 1
49 1
50 1
51 2
52 2
53 2
54 1
55 1
56 1
57 1
58 2
59 1
60 2
61 2
62 1
63 2
64 1
65 1
66 1
67 1
68 1
69 2
70 1
71 1
72 2
73 1
74 2
75 2
76 2
77 1
78 1
DEPOT_SECTION
 1
 -1
 EOF 