NAME: I28974-n73-k8
COMMENT : (Fake et al, No of trucks: 8, Optimal value: )
TYPE : CVRP
DIMENSION : 73
EDGE_WEIGHT_TYPE : EUC_2D
CAPACITY : 15
NODE_COORD_SECTION
1 944 186
2 650 795
3 4 211
4 482 189
5 994 584
6 592 717
7 216 3
8 331 756
9 316 90
10 570 445
11 397 461
12 410 393
13 544 286
14 114 518
15 715 905
16 371 437
17 147 242
18 649 214
19 372 401
20 329 875
21 225 795
22 5 857
23 487 208
24 100 492
25 261 750
26 302 813
27 37 884
28 564 830
29 113 11
30 503 106
31 160 928
32 969 381
33 277 685
34 939 35
35 208 757
36 285 933
37 11 455
38 291 394
39 383 710
40 172 905
41 165 859
42 961 54
43 425 41
44 501 191
45 173 50
46 467 840
47 984 597
48 549 78
49 338 351
50 245 715
51 672 552
52 699 697
53 216 347
54 811 106
55 23 651
56 407 599
57 127 93
58 206 186
59 986 525
60 790 40
61 710 391
62 638 204
63 680 527
64 522 562
65 200 343
66 45 757
67 564 673
68 812 10
69 866 625
70 475 534
71 79 704
72 550 645
73 905 857
DEMAND_SECTION
1 0
2 2
3 2
4 2
5 1
6 1
7 1
8 1
9 2
10 1
11 1
12 2
13 2
14 1
15 1
16 1
17 2
18 2
19 2
20 2
21 1
22 2
23 2
24 1
25 1
26 1
27 1
28 1
29 1
30 1
31 2
32 2
33 1
34 1
35 1
36 2
37 1
38 1
39 2
40 1
41 1
42 2
43 1
44 1
45 1
46 2
47 1
48 1
49 1
50 2
51 1
52 1
53 2
54 1
55 2
56 1
57 1
58 1
59 1
60 1
61 2
62 2
63 1
64 1
65 1
66 1
67 2
68 2
69 1
70 2
71 2
72 2
73 1
DEPOT_SECTION
 1
 -1
 EOF 