NAME: I28902-n97-k6
COMMENT : (Fake et al, No of trucks: 6, Optimal value: )
TYPE : CVRP
DIMENSION : 97
EDGE_WEIGHT_TYPE : EUC_2D
CAPACITY : 28
NODE_COORD_SECTION
1 593 290
2 261 869
3 120 988
4 101 578
5 33 767
6 151 137
7 855 454
8 295 984
9 361 160
10 886 162
11 726 429
12 96 748
13 211 653
14 635 620
15 323 744
16 243 125
17 646 782
18 460 700
19 906 280
20 364 971
21 887 744
22 768 52
23 415 550
24 918 684
25 593 282
26 183 708
27 934 264
28 264 671
29 883 122
30 580 899
31 748 21
32 948 487
33 403 266
34 854 427
35 546 653
36 110 187
37 685 810
38 991 875
39 27 415
40 931 126
41 540 306
42 123 760
43 711 983
44 631 853
45 215 599
46 528 762
47 744 564
48 361 928
49 805 869
50 134 436
51 991 621
52 151 848
53 802 756
54 222 800
55 178 878
56 764 767
57 991 314
58 853 880
59 431 50
60 615 506
61 80 302
62 278 429
63 581 542
64 980 952
65 652 431
66 74 616
67 385 333
68 269 459
69 447 505
70 97 988
71 29 24
72 983 691
73 774 15
74 739 552
75 509 403
76 255 472
77 55 269
78 100 734
79 119 950
80 107 506
81 293 482
82 763 721
83 432 242
84 239 606
85 41 748
86 826 681
87 37 602
88 878 537
89 943 307
90 984 301
91 782 715
92 60 565
93 86 566
94 430 103
95 689 730
96 407 256
97 171 109
DEMAND_SECTION
1 0
2 1
3 2
4 2
5 1
6 1
7 1
8 1
9 1
10 2
11 1
12 1
13 2
14 2
15 2
16 2
17 1
18 2
19 2
20 1
21 1
22 2
23 2
24 2
25 2
26 1
27 2
28 2
29 2
30 1
31 1
32 2
33 2
34 1
35 2
36 2
37 1
38 2
39 1
40 1
41 1
42 1
43 1
44 2
45 1
46 1
47 1
48 2
49 2
50 2
51 1
52 2
53 1
54 2
55 2
56 1
57 1
58 2
59 1
60 1
61 2
62 2
63 1
64 2
65 1
66 2
67 2
68 1
69 1
70 2
71 2
72 1
73 1
74 1
75 1
76 1
77 1
78 2
79 1
80 1
81 1
82 2
83 1
84 2
85 1
86 2
87 1
88 2
89 1
90 2
91 1
92 2
93 1
94 1
95 2
96 1
97 2
DEPOT_SECTION
 1
 -1
 EOF 