NAME: I29063-n74-k8
COMMENT : (Fake et al, No of trucks: 8, Optimal value: )
TYPE : CVRP
DIMENSION : 74
EDGE_WEIGHT_TYPE : EUC_2D
CAPACITY : 27
NODE_COORD_SECTION
1 404 62
2 974 879
3 873 754
4 620 629
5 843 650
6 526 450
7 856 725
8 163 306
9 720 883
10 613 896
11 307 63
12 950 399
13 184 358
14 259 84
15 908 27
16 154 944
17 983 632
18 657 742
19 413 681
20 934 469
21 147 624
22 17 918
23 738 659
24 141 146
25 208 681
26 102 792
27 104 399
28 117 788
29 424 425
30 796 582
31 302 180
32 398 488
33 549 805
34 949 622
35 769 678
36 6 364
37 17 744
38 235 277
39 578 997
40 539 446
41 219 707
42 56 493
43 642 940
44 333 551
45 194 364
46 89 841
47 121 999
48 162 345
49 800 873
50 736 975
51 864 744
52 120 657
53 548 355
54 964 926
55 735 672
56 259 353
57 383 647
58 317 254
59 258 765
60 925 212
61 535 689
62 243 749
63 317 299
64 418 349
65 153 216
66 475 36
67 288 101
68 813 940
69 139 822
70 324 95
71 742 855
72 526 443
73 814 406
74 474 861
DEMAND_SECTION
1 0
2 1
3 3
4 4
5 2
6 5
7 1
8 1
9 4
10 2
11 5
12 5
13 2
14 1
15 1
16 2
17 2
18 2
19 1
20 2
21 3
22 3
23 1
24 3
25 4
26 2
27 4
28 3
29 1
30 1
31 2
32 1
33 2
34 5
35 1
36 4
37 2
38 4
39 2
40 4
41 3
42 1
43 1
44 2
45 5
46 3
47 3
48 1
49 3
50 4
51 1
52 4
53 1
54 3
55 1
56 3
57 3
58 4
59 3
60 5
61 2
62 4
63 3
64 2
65 4
66 3
67 2
68 5
69 5
70 1
71 5
72 3
73 4
74 2
DEPOT_SECTION
 1
 -1
 EOF 