NAME: I29083-n94-k9
COMMENT : (Fake et al, No of trucks: 9, Optimal value: )
TYPE : CVRP
DIMENSION : 94
EDGE_WEIGHT_TYPE : EUC_2D
CAPACITY : 25
NODE_COORD_SECTION
1 989 783
2 437 685
3 683 727
4 350 372
5 226 149
6 773 398
7 216 560
8 273 946
9 542 973
10 265 236
11 598 957
12 630 342
13 223 505
14 186 538
15 629 869
16 400 76
17 699 907
18 855 90
19 208 510
20 447 55
21 965 82
22 118 787
23 566 171
24 265 634
25 799 836
26 550 233
27 117 368
28 741 776
29 458 368
30 175 868
31 410 70
32 656 215
33 477 722
34 856 857
35 200 494
36 860 587
37 728 87
38 323 582
39 979 666
40 661 101
41 924 343
42 612 654
43 209 62
44 464 111
45 101 336
46 729 401
47 838 145
48 73 651
49 842 514
50 658 532
51 227 431
52 593 434
53 918 631
54 527 747
55 874 704
56 869 775
57 117 256
58 613 151
59 489 970
60 81 772
61 456 617
62 936 567
63 913 565
64 511 586
65 986 844
66 644 90
67 329 703
68 315 911
69 684 339
70 747 751
71 259 755
72 955 56
73 170 400
74 291 151
75 998 854
76 230 256
77 934 302
78 889 945
79 169 441
80 836 781
81 775 786
82 82 716
83 525 638
84 477 973
85 422 599
86 84 108
87 975 826
88 753 232
89 911 490
90 534 366
91 184 935
92 996 882
93 976 792
94 440 92
DEMAND_SECTION
1 0
2 1
3 3
4 2
5 1
6 1
7 2
8 2
9 2
10 1
11 1
12 3
13 3
14 3
15 2
16 3
17 1
18 1
19 1
20 1
21 3
22 3
23 3
24 3
25 2
26 3
27 3
28 1
29 3
30 3
31 3
32 3
33 2
34 3
35 3
36 2
37 3
38 1
39 2
40 1
41 3
42 1
43 2
44 3
45 1
46 3
47 1
48 1
49 3
50 1
51 3
52 1
53 1
54 2
55 1
56 1
57 2
58 3
59 2
60 1
61 3
62 3
63 3
64 1
65 1
66 3
67 1
68 3
69 1
70 1
71 3
72 3
73 2
74 3
75 1
76 3
77 1
78 1
79 1
80 1
81 2
82 1
83 3
84 2
85 2
86 1
87 3
88 1
89 3
90 2
91 2
92 3
93 3
94 3
DEPOT_SECTION
 1
 -1
 EOF 