NAME: I29020-n96-k10
COMMENT : (Fake et al, No of trucks: 10, Optimal value: )
TYPE : CVRP
DIMENSION : 96
EDGE_WEIGHT_TYPE : EUC_2D
CAPACITY : 11
NODE_COORD_SECTION
1 980 330
2 26 173
3 657 516
4 806 560
5 235 804
6 980 112
7 568 555
8 368 278
9 941 496
10 267 510
11 140 733
12 204 547
13 2 7
14 192 235
15 459 979
16 213 593
17 136 339
18 432 862
19 953 611
20 759 991
21 827 501
22 230 733
23 33 12
24 361 393
25 844 585
26 996 597
27 399 843
28 679 156
29 10 327
30 942 46
31 212 742
32 440 717
33 567 658
34 743 990
35 387 810
36 323 671
37 923 934
38 286 861
39 682 473
40 288 642
41 525 982
42 241 218
43 871 917
44 49 472
45 814 278
46 310 605
47 876 391
48 612 670
49 354 757
50 865 995
51 440 77
52 508 470
53 640 305
54 423 331
55 232 669
56 954 738
57 229 698
58 264 594
59 196 275
60 950 645
61 291 972
62 400 724
63 156 204
64 553 224
65 508 349
66 640 967
67 46 349
68 667 286
69 552 774
70 496 528
71 864 339
72 75 774
73 710 503
74 241 487
75 88 45
76 899 376
77 362 197
78 349 624
79 535 842
80 789 301
81 324 464
82 143 820
83 517 748
84 21 431
85 996 286
86 843 765
87 922 355
88 826 880
89 63 219
90 445 613
91 104 579
92 240 813
93 946 173
94 26 783
95 882 745
96 915 961
DEMAND_SECTION
1 0
2 1
3 1
4 1
5 1
6 1
7 1
8 1
9 1
10 1
11 1
12 1
13 1
14 1
15 1
16 1
17 1
18 1
19 1
20 1
21 1
22 1
23 1
24 1
25 1
26 1
27 1
28 1
29 1
30 1
31 1
32 1
33 1
34 1
35 1
36 1
37 1
38 1
39 1
40 1
41 1
42 1
43 1
44 1
45 1
46 1
47 1
48 1
49 1
50 1
51 1
52 1
53 1
54 1
55 1
56 1
57 1
58 1
59 1
60 1
61 1
62 1
63 1
64 1
65 1
66 1
67 1
68 1
69 1
70 1
71 1
72 1
73 1
74 1
75 1
76 1
77 1
78 1
79 1
80 1
81 1
82 1
83 1
84 1
85 1
86 1
87 1
88 1
89 1
90 1
91 1
92 1
93 1
94 1
95 1
96 1
DEPOT_SECTION
 1
 -1
 EOF 