NAME: I29081-n84-k10
COMMENT : (Fake et al, No of trucks: 10, Optimal value: )
TYPE : CVRP
DIMENSION : 84
EDGE_WEIGHT_TYPE : EUC_2D
CAPACITY : 10
NODE_COORD_SECTION
1 747 396
2 140 605
3 743 329
4 941 689
5 470 867
6 460 170
7 14 181
8 684 345
9 279 281
10 879 832
11 682 863
12 104 418
13 348 805
14 542 802
15 531 483
16 594 499
17 618 744
18 256 279
19 787 768
20 984 80
21 929 764
22 316 262
23 740 361
24 905 464
25 487 939
26 578 445
27 242 142
28 629 960
29 161 329
30 127 274
31 589 398
32 246 903
33 901 866
34 352 607
35 309 84
36 910 365
37 670 54
38 363 807
39 695 706
40 380 646
41 648 891
42 654 562
43 220 867
44 792 727
45 185 926
46 976 578
47 448 64
48 227 76
49 749 609
50 758 600
51 986 342
52 842 951
53 715 301
54 759 983
55 908 426
56 827 904
57 28 823
58 586 550
59 662 739
60 23 886
61 662 69
62 684 731
63 506 77
64 765 889
65 352 588
66 827 209
67 358 165
68 480 43
69 528 380
70 303 543
71 871 276
72 451 473
73 564 716
74 137 885
75 320 850
76 630 446
77 237 182
78 431 598
79 789 710
80 123 807
81 582 562
82 190 538
83 278 567
84 0 368
DEMAND_SECTION
1 0
2 1
3 1
4 1
5 1
6 1
7 1
8 1
9 1
10 1
11 1
12 1
13 1
14 1
15 1
16 1
17 1
18 1
19 1
20 1
21 1
22 1
23 1
24 1
25 1
26 1
27 1
28 1
29 1
30 1
31 1
32 1
33 1
34 1
35 1
36 1
37 1
38 1
39 1
40 1
41 1
42 1
43 1
44 1
45 1
46 1
47 1
48 1
49 1
50 1
51 1
52 1
53 1
54 1
55 1
56 1
57 1
58 1
59 1
60 1
61 1
62 1
63 1
64 1
65 1
66 1
67 1
68 1
69 1
70 1
71 1
72 1
73 1
74 1
75 1
76 1
77 1
78 1
79 1
80 1
81 1
82 1
83 1
84 1
DEPOT_SECTION
 1
 -1
 EOF 