NAME: I29082-n81-k8
COMMENT : (Fake et al, No of trucks: 8, Optimal value: )
TYPE : CVRP
DIMENSION : 81
EDGE_WEIGHT_TYPE : EUC_2D
CAPACITY : 27
NODE_COORD_SECTION
1 588 882
2 531 45
3 803 495
4 340 929
5 174 513
6 853 420
7 414 501
8 187 94
9 0 310
10 199 645
11 685 999
12 522 46
13 995 361
14 591 974
15 494 880
16 728 486
17 924 255
18 251 947
19 119 535
20 241 351
21 156 302
22 676 582
23 398 129
24 560 748
25 529 113
26 929 928
27 55 970
28 7 269
29 940 904
30 840 448
31 343 117
32 77 807
33 590 415
34 884 390
35 317 740
36 509 221
37 418 652
38 607 390
39 756 510
40 989 371
41 674 155
42 464 914
43 899 456
44 708 539
45 690 924
46 650 811
47 547 60
48 539 302
49 623 562
50 474 387
51 465 94
52 316 609
53 658 67
54 261 98
55 251 611
56 737 400
57 123 545
58 157 831
59 818 711
60 263 142
61 586 485
62 331 617
63 327 299
64 140 950
65 122 796
66 148 967
67 241 602
68 426 326
69 870 706
70 264 944
71 482 668
72 386 395
73 823 120
74 327 613
75 313 511
76 451 754
77 813 526
78 340 589
79 468 474
80 755 302
81 475 168
DEMAND_SECTION
1 0
2 2
3 1
4 2
5 4
6 2
7 3
8 4
9 3
10 1
11 3
12 3
13 4
14 4
15 3
16 2
17 4
18 2
19 3
20 1
21 4
22 1
23 2
24 4
25 4
26 3
27 2
28 2
29 1
30 2
31 4
32 4
33 1
34 3
35 1
36 2
37 4
38 1
39 2
40 4
41 1
42 1
43 2
44 2
45 2
46 1
47 2
48 1
49 1
50 3
51 3
52 3
53 1
54 4
55 4
56 4
57 1
58 1
59 4
60 4
61 1
62 2
63 1
64 2
65 3
66 2
67 4
68 2
69 1
70 3
71 1
72 4
73 3
74 3
75 3
76 1
77 2
78 3
79 1
80 4
81 3
DEPOT_SECTION
 1
 -1
 EOF 