NAME: I2916-n36-k4
COMMENT : (Fake et al, No of trucks: 4, Optimal value: )
TYPE : CVRP
DIMENSION : 36
EDGE_WEIGHT_TYPE : EUC_2D
CAPACITY : 41
NODE_COORD_SECTION
1 73 609
2 3 599
3 520 374
4 250 258
5 614 965
6 643 767
7 442 238
8 802 830
9 192 282
10 513 622
11 419 121
12 550 931
13 744 616
14 775 334
15 529 524
16 812 738
17 995 139
18 284 802
19 131 114
20 247 976
21 509 726
22 734 332
23 120 832
24 759 316
25 812 235
26 237 935
27 247 385
28 731 148
29 908 544
30 328 453
31 526 284
32 399 467
33 3 835
34 92 673
35 639 320
36 671 386
DEMAND_SECTION
1 0
2 4
3 2
4 6
5 6
6 3
7 4
8 1
9 4
10 4
11 5
12 2
13 6
14 6
15 3
16 4
17 5
18 2
19 1
20 1
21 5
22 5
23 5
24 6
25 5
26 5
27 6
28 1
29 5
30 2
31 4
32 6
33 2
34 6
35 3
36 5
DEPOT_SECTION
 1
 -1
 EOF 