NAME: I29136-n95-k6
COMMENT : (Fake et al, No of trucks: 6, Optimal value: )
TYPE : CVRP
DIMENSION : 95
EDGE_WEIGHT_TYPE : EUC_2D
CAPACITY : 38
NODE_COORD_SECTION
1 235 802
2 224 584
3 399 217
4 527 108
5 889 500
6 849 244
7 695 421
8 871 813
9 828 102
10 862 448
11 723 376
12 473 82
13 956 812
14 123 548
15 851 252
16 919 658
17 902 948
18 714 554
19 909 755
20 26 486
21 67 401
22 817 883
23 868 404
24 759 773
25 898 0
26 604 59
27 205 498
28 689 603
29 247 817
30 682 996
31 383 537
32 347 110
33 650 149
34 716 695
35 532 942
36 636 808
37 298 704
38 656 546
39 378 915
40 879 8
41 524 895
42 985 782
43 500 891
44 992 322
45 655 532
46 165 390
47 419 274
48 565 807
49 300 525
50 143 849
51 603 333
52 706 403
53 546 597
54 473 572
55 942 484
56 835 125
57 629 431
58 45 922
59 689 252
60 295 528
61 812 397
62 879 846
63 427 862
64 322 910
65 712 788
66 991 728
67 142 843
68 452 889
69 149 113
70 812 221
71 752 314
72 356 345
73 258 166
74 593 519
75 656 147
76 769 354
77 70 764
78 657 73
79 317 481
80 307 779
81 285 230
82 310 466
83 466 579
84 205 318
85 640 926
86 896 320
87 727 862
88 543 928
89 663 705
90 245 397
91 481 345
92 698 476
93 119 305
94 197 897
95 749 161
DEMAND_SECTION
1 0
2 3
3 1
4 2
5 1
6 2
7 2
8 3
9 3
10 2
11 1
12 2
13 1
14 1
15 1
16 3
17 1
18 2
19 3
20 1
21 2
22 1
23 1
24 3
25 3
26 2
27 2
28 3
29 3
30 1
31 1
32 1
33 2
34 2
35 1
36 3
37 1
38 1
39 1
40 3
41 2
42 1
43 2
44 2
45 2
46 2
47 3
48 1
49 2
50 1
51 3
52 2
53 3
54 2
55 2
56 2
57 3
58 2
59 3
60 1
61 2
62 3
63 1
64 2
65 2
66 2
67 1
68 2
69 1
70 1
71 2
72 2
73 3
74 2
75 3
76 2
77 2
78 3
79 3
80 3
81 3
82 1
83 3
84 1
85 2
86 2
87 1
88 1
89 3
90 2
91 1
92 3
93 1
94 3
95 3
DEPOT_SECTION
 1
 -1
 EOF 