NAME: I29168-n90-k9
COMMENT : (Fake et al, No of trucks: 9, Optimal value: )
TYPE : CVRP
DIMENSION : 90
EDGE_WEIGHT_TYPE : EUC_2D
CAPACITY : 64
NODE_COORD_SECTION
1 273 187
2 98 503
3 453 286
4 698 703
5 178 433
6 934 796
7 631 371
8 856 340
9 323 922
10 719 350
11 108 115
12 437 792
13 612 712
14 732 223
15 83 952
16 375 298
17 10 93
18 979 931
19 755 485
20 270 391
21 199 950
22 296 847
23 544 437
24 348 250
25 270 281
26 581 602
27 685 120
28 748 477
29 465 838
30 159 827
31 429 53
32 252 187
33 665 153
34 530 162
35 349 280
36 940 139
37 306 11
38 553 890
39 921 782
40 455 65
41 373 631
42 273 353
43 773 833
44 742 904
45 127 29
46 67 783
47 380 681
48 973 991
49 68 131
50 834 634
51 804 191
52 826 365
53 150 592
54 45 583
55 416 938
56 435 642
57 880 583
58 508 384
59 545 779
60 969 786
61 23 354
62 610 525
63 500 126
64 392 668
65 355 906
66 948 209
67 58 44
68 196 91
69 5 560
70 822 287
71 680 983
72 590 726
73 775 676
74 209 913
75 509 684
76 9 152
77 864 204
78 337 376
79 20 108
80 688 648
81 293 762
82 400 856
83 944 516
84 567 157
85 409 891
86 605 411
87 146 954
88 682 437
89 438 619
90 179 95
DEMAND_SECTION
1 0
2 8
3 5
4 3
5 11
6 11
7 2
8 8
9 2
10 6
11 8
12 1
13 4
14 8
15 10
16 8
17 8
18 6
19 11
20 3
21 9
22 8
23 5
24 9
25 10
26 2
27 2
28 1
29 5
30 10
31 4
32 3
33 5
34 9
35 1
36 11
37 6
38 8
39 5
40 4
41 4
42 8
43 7
44 9
45 2
46 9
47 7
48 1
49 7
50 5
51 9
52 5
53 9
54 1
55 6
56 5
57 11
58 4
59 5
60 3
61 2
62 1
63 10
64 5
65 7
66 1
67 11
68 8
69 8
70 7
71 4
72 7
73 7
74 6
75 7
76 9
77 7
78 11
79 8
80 7
81 4
82 4
83 1
84 5
85 1
86 3
87 1
88 9
89 6
90 2
DEPOT_SECTION
 1
 -1
 EOF 