NAME: I29239-n87-k8
COMMENT : (Fake et al, No of trucks: 8, Optimal value: )
TYPE : CVRP
DIMENSION : 87
EDGE_WEIGHT_TYPE : EUC_2D
CAPACITY : 65
NODE_COORD_SECTION
1 406 877
2 504 815
3 231 740
4 530 295
5 752 914
6 290 40
7 29 234
8 626 908
9 297 367
10 211 250
11 299 890
12 772 463
13 770 796
14 768 606
15 642 320
16 542 731
17 265 639
18 886 681
19 732 978
20 933 858
21 375 328
22 487 10
23 135 360
24 825 920
25 861 184
26 699 804
27 285 289
28 415 553
29 492 515
30 975 145
31 770 931
32 342 525
33 6 614
34 445 852
35 747 889
36 118 166
37 539 555
38 26 77
39 930 657
40 416 197
41 102 38
42 961 147
43 10 827
44 792 900
45 945 933
46 94 935
47 567 608
48 208 520
49 252 113
50 839 348
51 201 782
52 346 424
53 247 621
54 880 1
55 259 257
56 37 569
57 156 796
58 892 142
59 943 366
60 696 970
61 734 658
62 923 388
63 773 680
64 745 38
65 750 286
66 717 842
67 208 980
68 546 704
69 514 802
70 212 456
71 663 856
72 546 290
73 444 845
74 737 909
75 111 780
76 584 290
77 450 82
78 783 655
79 478 36
80 97 778
81 799 126
82 826 568
83 125 175
84 405 462
85 877 284
86 673 737
87 814 894
DEMAND_SECTION
1 0
2 2
3 5
4 1
5 7
6 8
7 6
8 9
9 3
10 2
11 8
12 6
13 9
14 9
15 5
16 2
17 7
18 8
19 1
20 6
21 2
22 8
23 2
24 7
25 1
26 6
27 1
28 3
29 5
30 9
31 6
32 3
33 2
34 9
35 8
36 2
37 6
38 4
39 5
40 1
41 6
42 5
43 9
44 2
45 9
46 7
47 8
48 4
49 8
50 8
51 4
52 5
53 7
54 3
55 3
56 8
57 1
58 8
59 3
60 9
61 5
62 9
63 9
64 8
65 7
66 3
67 1
68 9
69 6
70 9
71 3
72 6
73 2
74 6
75 3
76 6
77 5
78 5
79 1
80 4
81 4
82 9
83 7
84 7
85 9
86 8
87 8
DEPOT_SECTION
 1
 -1
 EOF 