NAME: I29225-n72-k6
COMMENT : (Fake et al, No of trucks: 6, Optimal value: )
TYPE : CVRP
DIMENSION : 72
EDGE_WEIGHT_TYPE : EUC_2D
CAPACITY : 62
NODE_COORD_SECTION
1 6 127
2 972 797
3 393 417
4 249 128
5 784 667
6 956 246
7 381 776
8 693 594
9 300 902
10 405 424
11 492 694
12 29 782
13 933 487
14 318 814
15 207 244
16 152 96
17 440 662
18 78 641
19 266 321
20 520 525
21 194 96
22 715 779
23 117 565
24 830 983
25 183 168
26 180 851
27 672 780
28 183 66
29 930 796
30 74 494
31 330 698
32 322 544
33 739 252
34 105 804
35 129 893
36 59 708
37 329 179
38 803 751
39 22 178
40 616 539
41 611 282
42 827 817
43 626 568
44 445 812
45 50 608
46 171 364
47 43 437
48 616 847
49 163 544
50 701 999
51 942 738
52 853 54
53 70 215
54 130 201
55 702 718
56 741 275
57 598 304
58 371 675
59 369 497
60 277 793
61 13 959
62 346 82
63 806 204
64 956 341
65 261 425
66 67 25
67 854 481
68 632 644
69 242 727
70 420 701
71 738 692
72 969 616
DEMAND_SECTION
1 0
2 2
3 2
4 6
5 6
6 3
7 7
8 5
9 4
10 6
11 7
12 5
13 5
14 6
15 6
16 2
17 8
18 7
19 5
20 3
21 8
22 6
23 8
24 7
25 4
26 4
27 5
28 6
29 7
30 5
31 1
32 1
33 7
34 3
35 3
36 6
37 1
38 6
39 2
40 6
41 1
42 2
43 3
44 7
45 4
46 3
47 4
48 4
49 4
50 7
51 2
52 5
53 3
54 5
55 8
56 6
57 2
58 3
59 4
60 2
61 2
62 6
63 7
64 7
65 6
66 7
67 8
68 4
69 7
70 2
71 5
72 4
DEPOT_SECTION
 1
 -1
 EOF 