NAME: I29379-n85-k10
COMMENT : (Fake et al, No of trucks: 10, Optimal value: )
TYPE : CVRP
DIMENSION : 85
EDGE_WEIGHT_TYPE : EUC_2D
CAPACITY : 53
NODE_COORD_SECTION
1 38 82
2 708 349
3 329 737
4 362 496
5 7 626
6 813 4
7 86 820
8 173 389
9 857 199
10 258 196
11 303 807
12 114 630
13 82 214
14 729 192
15 257 234
16 118 126
17 619 222
18 448 17
19 849 46
20 562 922
21 24 894
22 886 212
23 313 513
24 351 316
25 592 510
26 16 166
27 296 560
28 850 939
29 535 43
30 636 488
31 35 27
32 807 315
33 95 718
34 155 321
35 938 318
36 707 424
37 447 299
38 443 245
39 443 290
40 981 311
41 875 204
42 299 660
43 695 207
44 910 301
45 491 447
46 40 117
47 761 778
48 847 447
49 998 780
50 139 819
51 118 4
52 721 305
53 67 18
54 267 577
55 787 240
56 728 130
57 813 605
58 136 962
59 704 772
60 220 570
61 975 19
62 490 203
63 123 11
64 424 486
65 837 612
66 715 894
67 924 992
68 311 131
69 492 658
70 819 420
71 348 695
72 942 694
73 253 501
74 872 478
75 148 155
76 956 119
77 687 400
78 308 591
79 714 971
80 279 704
81 917 754
82 340 543
83 867 337
84 73 853
85 96 205
DEMAND_SECTION
1 0
2 8
3 1
4 2
5 3
6 4
7 9
8 8
9 7
10 6
11 7
12 2
13 8
14 7
15 8
16 4
17 2
18 6
19 5
20 8
21 1
22 9
23 6
24 1
25 3
26 9
27 3
28 8
29 9
30 2
31 3
32 1
33 3
34 7
35 6
36 2
37 8
38 6
39 4
40 6
41 2
42 10
43 7
44 4
45 1
46 6
47 1
48 9
49 8
50 6
51 10
52 8
53 7
54 9
55 8
56 8
57 4
58 1
59 3
60 8
61 2
62 7
63 1
64 9
65 4
66 5
67 3
68 4
69 9
70 10
71 5
72 7
73 7
74 10
75 8
76 6
77 4
78 4
79 10
80 9
81 3
82 9
83 7
84 6
85 3
DEPOT_SECTION
 1
 -1
 EOF 