NAME: I29464-n83-k9
COMMENT : (Fake et al, No of trucks: 9, Optimal value: )
TYPE : CVRP
DIMENSION : 83
EDGE_WEIGHT_TYPE : EUC_2D
CAPACITY : 46
NODE_COORD_SECTION
1 462 328
2 85 808
3 437 383
4 224 312
5 509 989
6 41 617
7 22 950
8 186 586
9 371 418
10 57 904
11 766 224
12 295 433
13 297 701
14 522 34
15 592 821
16 932 274
17 363 822
18 366 871
19 634 31
20 940 319
21 310 812
22 798 422
23 194 379
24 687 387
25 933 7
26 640 156
27 425 339
28 321 143
29 518 518
30 584 732
31 692 295
32 807 612
33 655 837
34 646 131
35 416 243
36 899 242
37 993 798
38 696 194
39 673 285
40 175 33
41 890 856
42 902 408
43 451 905
44 829 632
45 197 812
46 260 206
47 525 170
48 179 905
49 681 491
50 100 2
51 191 87
52 556 898
53 701 643
54 471 831
55 492 961
56 708 926
57 551 933
58 162 350
59 860 356
60 55 703
61 240 188
62 228 76
63 140 209
64 158 491
65 824 211
66 420 240
67 120 771
68 617 123
69 546 975
70 334 928
71 887 567
72 758 746
73 178 451
74 804 933
75 394 107
76 348 854
77 611 673
78 934 345
79 755 584
80 819 952
81 456 430
82 706 775
83 377 841
DEMAND_SECTION
1 0
2 5
3 8
4 5
5 1
6 1
7 2
8 1
9 2
10 5
11 3
12 8
13 2
14 5
15 7
16 8
17 3
18 4
19 5
20 3
21 1
22 4
23 6
24 2
25 5
26 3
27 1
28 7
29 5
30 1
31 7
32 4
33 3
34 3
35 4
36 8
37 4
38 4
39 1
40 6
41 7
42 8
43 5
44 3
45 6
46 4
47 8
48 3
49 2
50 7
51 2
52 4
53 3
54 3
55 1
56 4
57 5
58 8
59 3
60 7
61 6
62 4
63 1
64 4
65 2
66 8
67 5
68 2
69 3
70 3
71 3
72 5
73 8
74 8
75 3
76 6
77 6
78 5
79 3
80 2
81 6
82 8
83 7
DEPOT_SECTION
 1
 -1
 EOF 