NAME: I29473-n93-k10
COMMENT : (Fake et al, No of trucks: 10, Optimal value: )
TYPE : CVRP
DIMENSION : 93
EDGE_WEIGHT_TYPE : EUC_2D
CAPACITY : 22
NODE_COORD_SECTION
1 192 78
2 112 574
3 615 268
4 545 529
5 82 545
6 973 626
7 405 922
8 756 39
9 715 770
10 613 458
11 583 934
12 456 141
13 970 922
14 930 143
15 589 984
16 173 657
17 157 927
18 825 474
19 122 555
20 720 915
21 261 577
22 334 249
23 115 939
24 574 838
25 464 999
26 758 271
27 825 53
28 366 808
29 366 300
30 272 987
31 313 549
32 488 776
33 567 712
34 912 583
35 249 894
36 833 660
37 841 394
38 331 546
39 232 549
40 755 747
41 72 150
42 208 972
43 189 353
44 436 595
45 569 359
46 859 698
47 962 483
48 572 47
49 116 534
50 141 154
51 152 72
52 351 792
53 294 730
54 560 869
55 937 707
56 445 506
57 466 368
58 216 91
59 347 163
60 209 110
61 727 56
62 499 322
63 860 245
64 669 875
65 0 704
66 175 44
67 299 868
68 631 617
69 201 399
70 693 26
71 452 724
72 975 932
73 849 130
74 804 135
75 358 746
76 85 375
77 296 9
78 937 699
79 459 914
80 693 901
81 544 87
82 66 700
83 946 328
84 465 589
85 46 752
86 855 626
87 182 44
88 588 840
89 486 238
90 504 147
91 772 194
92 782 59
93 203 45
DEMAND_SECTION
1 0
2 3
3 1
4 1
5 2
6 2
7 1
8 2
9 3
10 1
11 3
12 2
13 1
14 1
15 3
16 2
17 3
18 1
19 3
20 1
21 2
22 3
23 2
24 1
25 3
26 3
27 1
28 2
29 3
30 1
31 2
32 1
33 3
34 3
35 3
36 1
37 3
38 3
39 1
40 1
41 3
42 1
43 2
44 1
45 1
46 3
47 1
48 1
49 2
50 2
51 2
52 1
53 2
54 1
55 2
56 2
57 3
58 1
59 3
60 3
61 2
62 2
63 3
64 1
65 2
66 2
67 3
68 3
69 3
70 2
71 2
72 3
73 3
74 2
75 3
76 3
77 3
78 1
79 2
80 2
81 1
82 3
83 3
84 2
85 2
86 1
87 1
88 2
89 3
90 3
91 1
92 3
93 1
DEPOT_SECTION
 1
 -1
 EOF 