NAME: I29456-n88-k6
COMMENT : (Fake et al, No of trucks: 6, Optimal value: )
TYPE : CVRP
DIMENSION : 88
EDGE_WEIGHT_TYPE : EUC_2D
CAPACITY : 75
NODE_COORD_SECTION
1 801 723
2 321 404
3 147 162
4 363 643
5 76 8
6 483 110
7 317 347
8 207 291
9 919 624
10 424 619
11 564 924
12 163 297
13 90 274
14 518 178
15 865 704
16 9 195
17 39 545
18 947 361
19 418 513
20 770 229
21 89 550
22 410 947
23 432 759
24 423 34
25 118 959
26 544 892
27 332 37
28 558 297
29 610 256
30 148 934
31 505 995
32 987 428
33 273 104
34 452 40
35 572 333
36 470 143
37 972 995
38 675 747
39 122 616
40 964 148
41 916 630
42 770 494
43 66 866
44 33 16
45 396 292
46 765 267
47 592 773
48 403 796
49 438 255
50 122 655
51 477 190
52 212 708
53 789 519
54 268 277
55 935 90
56 88 705
57 94 989
58 859 93
59 271 353
60 934 891
61 182 152
62 272 113
63 397 535
64 357 381
65 643 516
66 345 261
67 147 980
68 951 587
69 650 720
70 905 312
71 557 353
72 193 685
73 79 443
74 880 255
75 477 959
76 228 978
77 756 148
78 515 989
79 338 258
80 438 219
81 813 624
82 795 921
83 677 865
84 276 990
85 129 513
86 566 440
87 122 144
88 923 481
DEMAND_SECTION
1 0
2 7
3 1
4 7
5 3
6 2
7 7
8 2
9 4
10 8
11 8
12 6
13 2
14 2
15 3
16 1
17 8
18 3
19 5
20 2
21 4
22 6
23 8
24 3
25 5
26 2
27 6
28 6
29 7
30 3
31 4
32 1
33 2
34 7
35 2
36 2
37 2
38 8
39 1
40 1
41 2
42 5
43 6
44 7
45 8
46 1
47 2
48 6
49 8
50 1
51 2
52 8
53 4
54 8
55 1
56 4
57 2
58 1
59 8
60 5
61 2
62 7
63 1
64 4
65 1
66 6
67 3
68 2
69 6
70 6
71 3
72 6
73 3
74 5
75 4
76 2
77 5
78 4
79 7
80 6
81 7
82 8
83 6
84 6
85 8
86 4
87 1
88 5
DEPOT_SECTION
 1
 -1
 EOF 