NAME: I29484-n80-k8
COMMENT : (Fake et al, No of trucks: 8, Optimal value: )
TYPE : CVRP
DIMENSION : 80
EDGE_WEIGHT_TYPE : EUC_2D
CAPACITY : 21
NODE_COORD_SECTION
1 123 359
2 866 703
3 53 105
4 26 124
5 105 902
6 983 751
7 256 16
8 449 494
9 71 13
10 892 806
11 400 84
12 317 879
13 888 881
14 879 774
15 605 937
16 890 593
17 62 197
18 814 593
19 441 612
20 266 967
21 453 758
22 177 400
23 946 327
24 131 600
25 511 503
26 967 836
27 147 282
28 217 619
29 489 498
30 1 159
31 898 69
32 625 214
33 642 956
34 286 580
35 510 703
36 950 290
37 642 387
38 313 538
39 985 463
40 734 984
41 16 521
42 795 189
43 546 257
44 443 853
45 520 574
46 747 221
47 114 51
48 885 452
49 526 821
50 377 883
51 828 525
52 705 507
53 272 363
54 839 229
55 579 565
56 313 539
57 642 402
58 586 707
59 732 562
60 395 918
61 358 459
62 340 44
63 290 472
64 250 329
65 210 825
66 949 11
67 67 803
68 317 382
69 233 813
70 971 856
71 272 402
72 781 667
73 895 585
74 650 100
75 653 679
76 304 858
77 683 728
78 263 744
79 453 521
80 846 262
DEMAND_SECTION
1 0
2 1
3 2
4 1
5 3
6 3
7 1
8 1
9 2
10 1
11 3
12 2
13 3
14 3
15 1
16 3
17 1
18 3
19 1
20 2
21 1
22 1
23 1
24 2
25 2
26 2
27 2
28 2
29 1
30 3
31 3
32 3
33 2
34 2
35 3
36 2
37 1
38 2
39 2
40 3
41 1
42 2
43 1
44 1
45 3
46 1
47 1
48 1
49 3
50 1
51 1
52 1
53 3
54 2
55 3
56 2
57 1
58 3
59 3
60 1
61 2
62 1
63 1
64 2
65 3
66 3
67 2
68 1
69 1
70 3
71 2
72 3
73 2
74 3
75 2
76 2
77 2
78 1
79 1
80 3
DEPOT_SECTION
 1
 -1
 EOF 