NAME: I29406-n98-k8
COMMENT : (Fake et al, No of trucks: 8, Optimal value: )
TYPE : CVRP
DIMENSION : 98
EDGE_WEIGHT_TYPE : EUC_2D
CAPACITY : 27
NODE_COORD_SECTION
1 503 731
2 104 211
3 615 905
4 158 312
5 459 193
6 650 624
7 305 786
8 158 648
9 650 103
10 115 651
11 59 911
12 974 740
13 88 288
14 643 833
15 765 187
16 293 761
17 705 5
18 955 828
19 2 836
20 171 918
21 368 615
22 249 126
23 898 893
24 988 977
25 492 996
26 659 230
27 843 293
28 696 499
29 209 809
30 302 610
31 768 525
32 474 455
33 545 386
34 226 781
35 669 439
36 182 667
37 406 195
38 518 254
39 565 178
40 418 305
41 871 472
42 795 154
43 300 239
44 992 787
45 25 877
46 554 394
47 62 371
48 607 762
49 591 209
50 457 947
51 215 948
52 525 316
53 392 440
54 269 483
55 144 733
56 648 13
57 925 183
58 293 526
59 654 937
60 124 524
61 742 625
62 53 770
63 91 30
64 115 553
65 60 320
66 874 679
67 783 645
68 600 817
69 796 989
70 774 907
71 872 54
72 750 581
73 685 729
74 957 75
75 157 179
76 205 174
77 534 173
78 620 564
79 231 736
80 486 436
81 479 94
82 764 688
83 26 156
84 292 470
85 762 364
86 662 571
87 224 379
88 731 580
89 944 56
90 550 957
91 693 137
92 609 297
93 86 535
94 167 724
95 712 676
96 433 28
97 788 780
98 151 412
DEMAND_SECTION
1 0
2 2
3 1
4 3
5 1
6 3
7 2
8 2
9 1
10 1
11 3
12 3
13 2
14 2
15 1
16 1
17 2
18 3
19 3
20 2
21 3
22 1
23 1
24 1
25 3
26 1
27 2
28 1
29 3
30 2
31 1
32 3
33 1
34 1
35 1
36 2
37 1
38 3
39 1
40 1
41 2
42 1
43 2
44 3
45 3
46 1
47 1
48 1
49 2
50 1
51 3
52 1
53 3
54 1
55 1
56 3
57 2
58 1
59 2
60 1
61 2
62 1
63 1
64 2
65 1
66 3
67 1
68 2
69 3
70 1
71 2
72 3
73 1
74 3
75 2
76 1
77 2
78 2
79 1
80 2
81 3
82 3
83 1
84 2
85 3
86 1
87 3
88 1
89 1
90 3
91 2
92 3
93 3
94 1
95 1
96 3
97 2
98 2
DEPOT_SECTION
 1
 -1
 EOF 