NAME: I29467-n90-k9
COMMENT : (Fake et al, No of trucks: 9, Optimal value: )
TYPE : CVRP
DIMENSION : 90
EDGE_WEIGHT_TYPE : EUC_2D
CAPACITY : 69
NODE_COORD_SECTION
1 494 282
2 39 934
3 130 939
4 896 264
5 953 384
6 982 158
7 172 997
8 766 786
9 993 453
10 533 582
11 849 522
12 361 470
13 213 494
14 440 204
15 473 59
16 772 897
17 970 915
18 311 202
19 827 563
20 999 57
21 940 702
22 891 131
23 363 260
24 633 909
25 422 971
26 709 745
27 354 398
28 98 916
29 657 717
30 732 942
31 274 458
32 577 930
33 939 789
34 997 339
35 539 986
36 914 253
37 234 237
38 50 438
39 313 34
40 909 718
41 492 391
42 203 806
43 952 562
44 284 27
45 308 443
46 791 706
47 795 644
48 641 433
49 216 952
50 760 896
51 73 315
52 155 27
53 343 97
54 847 644
55 953 797
56 789 698
57 473 148
58 723 284
59 375 77
60 341 358
61 899 786
62 238 58
63 340 233
64 779 575
65 396 614
66 640 550
67 872 233
68 336 257
69 719 23
70 795 984
71 435 228
72 725 815
73 612 230
74 356 134
75 944 302
76 259 390
77 389 438
78 291 491
79 882 984
80 276 152
81 230 549
82 479 112
83 746 543
84 664 4
85 623 448
86 24 452
87 682 152
88 48 234
89 807 669
90 977 11
DEMAND_SECTION
1 0
2 9
3 5
4 2
5 4
6 9
7 1
8 4
9 4
10 11
11 2
12 8
13 8
14 8
15 9
16 6
17 6
18 5
19 3
20 8
21 1
22 3
23 8
24 2
25 4
26 3
27 6
28 4
29 8
30 6
31 9
32 2
33 11
34 4
35 3
36 4
37 6
38 9
39 3
40 9
41 3
42 1
43 7
44 11
45 2
46 9
47 10
48 8
49 2
50 7
51 9
52 6
53 11
54 10
55 7
56 1
57 7
58 2
59 5
60 3
61 10
62 3
63 8
64 3
65 3
66 6
67 9
68 3
69 9
70 9
71 6
72 2
73 10
74 5
75 9
76 11
77 3
78 8
79 1
80 9
81 7
82 3
83 10
84 9
85 9
86 7
87 10
88 5
89 3
90 6
DEPOT_SECTION
 1
 -1
 EOF 