NAME: I29586-n79-k8
COMMENT : (Fake et al, No of trucks: 8, Optimal value: )
TYPE : CVRP
DIMENSION : 79
EDGE_WEIGHT_TYPE : EUC_2D
CAPACITY : 35
NODE_COORD_SECTION
1 838 82
2 937 579
3 261 873
4 755 377
5 398 637
6 933 873
7 770 283
8 25 454
9 394 217
10 33 272
11 451 599
12 165 871
13 827 287
14 565 580
15 995 890
16 193 341
17 156 662
18 80 841
19 551 858
20 133 447
21 502 376
22 187 515
23 801 910
24 800 145
25 946 317
26 849 705
27 465 268
28 719 571
29 996 840
30 490 957
31 684 713
32 830 751
33 845 548
34 950 225
35 577 586
36 863 312
37 403 824
38 811 25
39 621 503
40 753 382
41 412 52
42 552 988
43 805 368
44 749 420
45 738 179
46 639 930
47 237 30
48 883 616
49 577 556
50 613 145
51 253 967
52 37 689
53 585 405
54 310 795
55 206 638
56 925 281
57 876 654
58 116 919
59 286 892
60 820 861
61 204 955
62 750 885
63 707 368
64 691 56
65 826 736
66 399 888
67 737 948
68 611 609
69 66 518
70 54 428
71 521 810
72 849 1000
73 26 320
74 392 197
75 283 706
76 100 467
77 551 917
78 589 778
79 527 340
DEMAND_SECTION
1 0
2 3
3 6
4 5
5 3
6 6
7 1
8 3
9 4
10 2
11 3
12 1
13 5
14 6
15 5
16 3
17 2
18 5
19 4
20 6
21 1
22 3
23 1
24 2
25 5
26 3
27 1
28 2
29 2
30 5
31 3
32 3
33 4
34 1
35 5
36 1
37 4
38 5
39 5
40 2
41 4
42 6
43 4
44 3
45 3
46 2
47 1
48 6
49 6
50 2
51 3
52 1
53 4
54 1
55 5
56 2
57 6
58 1
59 3
60 6
61 2
62 5
63 4
64 2
65 3
66 1
67 2
68 4
69 3
70 1
71 2
72 3
73 4
74 3
75 2
76 5
77 4
78 6
79 5
DEPOT_SECTION
 1
 -1
 EOF 