NAME: I29675-n97-k7
COMMENT : (Fake et al, No of trucks: 7, Optimal value: )
TYPE : CVRP
DIMENSION : 97
EDGE_WEIGHT_TYPE : EUC_2D
CAPACITY : 33
NODE_COORD_SECTION
1 693 974
2 515 896
3 813 492
4 302 481
5 263 702
6 916 928
7 173 206
8 127 378
9 469 254
10 592 68
11 214 253
12 85 776
13 957 288
14 579 785
15 336 395
16 796 530
17 625 967
18 501 746
19 769 470
20 102 2
21 150 525
22 169 989
23 527 103
24 297 78
25 447 848
26 342 684
27 301 775
28 111 988
29 623 302
30 347 249
31 866 521
32 982 704
33 634 333
34 941 471
35 601 696
36 995 508
37 84 714
38 368 210
39 401 22
40 618 843
41 922 290
42 895 592
43 748 684
44 182 926
45 130 515
46 148 863
47 237 336
48 961 784
49 949 142
50 537 826
51 299 342
52 935 249
53 395 464
54 334 125
55 493 780
56 915 1
57 402 236
58 620 63
59 665 843
60 564 536
61 416 249
62 905 360
63 873 370
64 249 477
65 458 395
66 909 13
67 722 55
68 940 338
69 615 194
70 340 642
71 691 974
72 1 47
73 925 971
74 587 305
75 100 767
76 284 414
77 168 937
78 595 32
79 180 747
80 571 265
81 471 790
82 952 547
83 426 249
84 207 702
85 454 901
86 176 172
87 282 652
88 44 737
89 893 595
90 392 357
91 362 189
92 760 750
93 624 442
94 239 830
95 379 568
96 49 391
97 874 428
DEMAND_SECTION
1 0
2 3
3 2
4 3
5 2
6 2
7 3
8 1
9 1
10 3
11 3
12 2
13 2
14 2
15 1
16 2
17 1
18 3
19 2
20 2
21 2
22 1
23 1
24 1
25 1
26 1
27 2
28 3
29 3
30 3
31 3
32 2
33 3
34 1
35 2
36 3
37 2
38 1
39 1
40 2
41 2
42 3
43 1
44 1
45 3
46 2
47 2
48 2
49 1
50 1
51 2
52 3
53 3
54 1
55 1
56 3
57 3
58 1
59 1
60 3
61 3
62 2
63 1
64 1
65 1
66 2
67 3
68 1
69 3
70 2
71 1
72 2
73 1
74 1
75 3
76 2
77 1
78 1
79 3
80 3
81 2
82 1
83 1
84 3
85 3
86 2
87 3
88 3
89 2
90 3
91 1
92 2
93 2
94 2
95 1
96 3
97 3
DEPOT_SECTION
 1
 -1
 EOF 