NAME: I29605-n85-k6
COMMENT : (Fake et al, No of trucks: 6, Optimal value: )
TYPE : CVRP
DIMENSION : 85
EDGE_WEIGHT_TYPE : EUC_2D
CAPACITY : 46
NODE_COORD_SECTION
1 244 787
2 617 615
3 845 558
4 285 596
5 216 532
6 153 341
7 608 579
8 345 885
9 87 539
10 342 138
11 671 907
12 416 718
13 911 116
14 609 941
15 91 42
16 459 6
17 715 129
18 736 283
19 833 908
20 456 470
21 42 592
22 592 942
23 821 654
24 612 684
25 734 344
26 812 4
27 418 772
28 0 550
29 37 77
30 135 349
31 703 120
32 657 14
33 504 478
34 722 70
35 695 956
36 252 3
37 106 314
38 989 697
39 142 708
40 193 350
41 73 173
42 531 466
43 743 638
44 364 576
45 706 216
46 452 762
47 785 323
48 730 877
49 936 417
50 699 680
51 346 858
52 726 709
53 799 643
54 596 609
55 222 817
56 105 575
57 980 275
58 575 358
59 148 67
60 950 755
61 241 1
62 984 180
63 924 243
64 458 385
65 765 876
66 910 664
67 595 702
68 447 948
69 674 673
70 650 908
71 745 762
72 43 184
73 795 784
74 66 242
75 928 924
76 950 13
77 542 860
78 748 91
79 618 812
80 834 326
81 109 57
82 215 735
83 379 839
84 354 692
85 578 267
DEMAND_SECTION
1 0
2 1
3 3
4 4
5 3
6 5
7 5
8 2
9 1
10 5
11 3
12 4
13 3
14 2
15 4
16 1
17 2
18 1
19 2
20 4
21 2
22 4
23 3
24 3
25 5
26 1
27 3
28 4
29 3
30 1
31 4
32 4
33 4
34 3
35 5
36 5
37 3
38 2
39 4
40 2
41 2
42 4
43 5
44 5
45 4
46 5
47 3
48 3
49 4
50 2
51 3
52 2
53 4
54 2
55 1
56 3
57 1
58 1
59 5
60 4
61 1
62 1
63 5
64 3
65 4
66 2
67 4
68 1
69 5
70 4
71 2
72 4
73 3
74 1
75 1
76 1
77 5
78 1
79 3
80 4
81 3
82 2
83 4
84 3
85 1
DEPOT_SECTION
 1
 -1
 EOF 