NAME: I29600-n99-k7
COMMENT : (Fake et al, No of trucks: 7, Optimal value: )
TYPE : CVRP
DIMENSION : 99
EDGE_WEIGHT_TYPE : EUC_2D
CAPACITY : 78
NODE_COORD_SECTION
1 875 559
2 63 454
3 22 18
4 319 102
5 163 213
6 134 145
7 247 854
8 224 345
9 465 246
10 866 558
11 583 370
12 544 1000
13 798 712
14 318 319
15 316 659
16 399 931
17 786 510
18 791 168
19 92 966
20 984 26
21 377 702
22 599 477
23 835 352
24 58 438
25 998 439
26 502 278
27 320 780
28 329 580
29 479 940
30 950 38
31 878 498
32 276 972
33 370 277
34 701 376
35 552 758
36 58 298
37 207 636
38 73 142
39 731 407
40 562 747
41 997 698
42 456 783
43 107 226
44 263 444
45 218 594
46 493 169
47 517 236
48 126 269
49 376 164
50 111 565
51 929 380
52 52 191
53 969 369
54 203 141
55 356 328
56 341 343
57 733 627
58 514 904
59 200 795
60 896 342
61 863 574
62 145 73
63 273 244
64 794 730
65 633 857
66 780 539
67 693 843
68 117 887
69 713 688
70 616 655
71 83 626
72 793 219
73 599 151
74 305 610
75 144 293
76 223 880
77 872 924
78 919 205
79 985 213
80 167 608
81 255 28
82 266 501
83 624 652
84 946 296
85 808 284
86 488 608
87 894 345
88 810 688
89 488 226
90 251 130
91 983 983
92 860 278
93 358 245
94 192 532
95 205 42
96 831 633
97 934 714
98 492 599
99 355 201
DEMAND_SECTION
1 0
2 3
3 7
4 4
5 6
6 3
7 7
8 3
9 3
10 7
11 3
12 7
13 4
14 1
15 7
16 7
17 2
18 6
19 2
20 1
21 3
22 7
23 2
24 7
25 4
26 7
27 5
28 1
29 5
30 6
31 2
32 3
33 2
34 3
35 1
36 5
37 5
38 5
39 1
40 2
41 2
42 7
43 7
44 7
45 7
46 6
47 1
48 5
49 4
50 4
51 6
52 7
53 5
54 4
55 5
56 4
57 7
58 5
59 2
60 4
61 7
62 2
63 6
64 1
65 4
66 6
67 3
68 6
69 5
70 2
71 7
72 4
73 4
74 3
75 6
76 6
77 2
78 7
79 2
80 2
81 5
82 2
83 6
84 6
85 7
86 4
87 6
88 7
89 3
90 7
91 6
92 7
93 4
94 6
95 3
96 5
97 7
98 6
99 5
DEPOT_SECTION
 1
 -1
 EOF 