NAME: I29665-n94-k10
COMMENT : (Fake et al, No of trucks: 10, Optimal value: )
TYPE : CVRP
DIMENSION : 94
EDGE_WEIGHT_TYPE : EUC_2D
CAPACITY : 31
NODE_COORD_SECTION
1 467 59
2 21 138
3 817 324
4 775 4
5 125 38
6 380 444
7 234 133
8 412 185
9 906 446
10 211 757
11 220 29
12 176 807
13 331 549
14 721 227
15 33 558
16 486 165
17 752 572
18 315 560
19 974 102
20 443 750
21 462 162
22 236 830
23 253 411
24 256 628
25 116 637
26 728 53
27 568 479
28 50 986
29 406 990
30 44 755
31 216 163
32 183 941
33 140 295
34 180 245
35 661 405
36 555 376
37 703 440
38 509 249
39 992 152
40 188 11
41 421 416
42 948 182
43 218 771
44 463 112
45 15 978
46 743 944
47 84 261
48 722 240
49 167 156
50 121 520
51 754 765
52 233 313
53 69 487
54 257 444
55 416 754
56 159 628
57 230 131
58 746 375
59 778 297
60 661 895
61 740 640
62 745 730
63 864 458
64 482 667
65 544 585
66 292 220
67 990 363
68 987 279
69 545 909
70 614 431
71 370 187
72 589 645
73 558 12
74 78 999
75 586 221
76 395 813
77 526 680
78 372 707
79 129 796
80 93 952
81 670 612
82 72 452
83 456 224
84 513 905
85 647 642
86 392 633
87 199 367
88 4 638
89 117 718
90 540 761
91 89 115
92 395 601
93 336 327
94 66 134
DEMAND_SECTION
1 0
2 2
3 1
4 4
5 5
6 1
7 1
8 2
9 3
10 1
11 4
12 1
13 4
14 1
15 2
16 1
17 5
18 2
19 2
20 1
21 2
22 2
23 4
24 1
25 1
26 5
27 2
28 1
29 5
30 2
31 4
32 5
33 2
34 1
35 4
36 3
37 3
38 1
39 5
40 5
41 4
42 1
43 4
44 5
45 1
46 5
47 2
48 3
49 5
50 2
51 2
52 3
53 1
54 5
55 5
56 3
57 4
58 5
59 5
60 1
61 2
62 2
63 3
64 4
65 1
66 3
67 3
68 4
69 3
70 1
71 5
72 4
73 4
74 3
75 5
76 3
77 3
78 3
79 1
80 2
81 4
82 3
83 4
84 1
85 2
86 4
87 2
88 5
89 3
90 3
91 1
92 4
93 3
94 5
DEPOT_SECTION
 1
 -1
 EOF 