NAME: I29677-n77-k8
COMMENT : (Fake et al, No of trucks: 8, Optimal value: )
TYPE : CVRP
DIMENSION : 77
EDGE_WEIGHT_TYPE : EUC_2D
CAPACITY : 17
NODE_COORD_SECTION
1 864 871
2 357 221
3 674 846
4 431 640
5 483 248
6 346 526
7 668 354
8 84 336
9 88 600
10 38 425
11 115 493
12 133 104
13 489 740
14 771 138
15 140 100
16 501 672
17 90 552
18 124 360
19 192 424
20 938 828
21 634 441
22 453 794
23 948 171
24 826 656
25 793 858
26 184 428
27 181 733
28 844 245
29 496 962
30 56 752
31 512 529
32 639 110
33 46 845
34 137 100
35 123 37
36 596 374
37 911 206
38 127 407
39 526 105
40 342 666
41 822 820
42 870 991
43 337 455
44 27 510
45 9 470
46 370 36
47 315 787
48 654 396
49 721 871
50 253 226
51 548 489
52 86 263
53 986 120
54 102 17
55 534 891
56 426 134
57 156 946
58 215 841
59 333 420
60 501 185
61 711 294
62 940 232
63 710 506
64 865 623
65 961 2
66 496 306
67 137 75
68 889 861
69 781 586
70 255 478
71 492 775
72 737 942
73 309 484
74 444 389
75 570 211
76 863 247
77 828 436
DEMAND_SECTION
1 0
2 2
3 1
4 2
5 2
6 2
7 1
8 2
9 1
10 1
11 1
12 1
13 1
14 1
15 2
16 1
17 2
18 1
19 2
20 1
21 1
22 2
23 2
24 2
25 2
26 1
27 2
28 2
29 2
30 1
31 2
32 1
33 1
34 1
35 1
36 2
37 2
38 1
39 1
40 1
41 1
42 1
43 1
44 2
45 1
46 2
47 2
48 2
49 2
50 2
51 2
52 2
53 1
54 1
55 1
56 2
57 1
58 1
59 1
60 1
61 2
62 2
63 2
64 2
65 1
66 2
67 1
68 1
69 2
70 2
71 2
72 1
73 2
74 1
75 2
76 1
77 2
DEPOT_SECTION
 1
 -1
 EOF 