NAME: I29713-n82-k7
COMMENT : (Fake et al, No of trucks: 7, Optimal value: )
TYPE : CVRP
DIMENSION : 82
EDGE_WEIGHT_TYPE : EUC_2D
CAPACITY : 75
NODE_COORD_SECTION
1 914 431
2 116 92
3 216 269
4 835 891
5 928 20
6 518 550
7 130 940
8 961 314
9 28 532
10 480 590
11 295 83
12 815 464
13 791 686
14 952 15
15 486 601
16 600 955
17 873 500
18 600 194
19 438 760
20 142 473
21 173 609
22 608 360
23 848 360
24 481 297
25 454 395
26 591 950
27 819 599
28 591 844
29 283 319
30 680 444
31 501 122
32 868 77
33 780 589
34 631 585
35 847 375
36 587 480
37 589 778
38 972 457
39 934 394
40 708 895
41 521 426
42 69 98
43 866 301
44 639 540
45 611 389
46 933 432
47 269 500
48 466 352
49 414 929
50 555 66
51 776 449
52 834 245
53 423 32
54 837 597
55 368 680
56 905 783
57 115 831
58 547 408
59 709 926
60 254 692
61 464 65
62 259 61
63 184 510
64 130 679
65 975 825
66 340 121
67 883 830
68 270 890
69 50 435
70 19 223
71 422 780
72 157 349
73 596 881
74 603 326
75 99 58
76 871 212
77 599 346
78 159 67
79 266 816
80 67 279
81 913 719
82 921 182
DEMAND_SECTION
1 0
2 6
3 11
4 3
5 10
6 4
7 10
8 2
9 11
10 3
11 9
12 7
13 6
14 9
15 9
16 1
17 7
18 5
19 6
20 1
21 2
22 3
23 2
24 9
25 5
26 9
27 10
28 7
29 6
30 5
31 5
32 1
33 2
34 2
35 10
36 7
37 3
38 3
39 4
40 10
41 8
42 3
43 6
44 1
45 8
46 5
47 4
48 1
49 7
50 3
51 9
52 5
53 11
54 7
55 5
56 3
57 11
58 3
59 7
60 10
61 6
62 8
63 8
64 6
65 11
66 4
67 11
68 1
69 1
70 7
71 5
72 5
73 8
74 1
75 2
76 11
77 10
78 2
79 11
80 7
81 10
82 11
DEPOT_SECTION
 1
 -1
 EOF 