NAME: I29735-n83-k8
COMMENT : (Fake et al, No of trucks: 8, Optimal value: )
TYPE : CVRP
DIMENSION : 83
EDGE_WEIGHT_TYPE : EUC_2D
CAPACITY : 46
NODE_COORD_SECTION
1 223 811
2 334 144
3 422 153
4 565 987
5 364 420
6 472 218
7 753 519
8 352 530
9 246 693
10 746 15
11 223 162
12 810 306
13 408 747
14 433 343
15 489 124
16 116 565
17 83 734
18 221 920
19 275 121
20 749 612
21 786 241
22 888 420
23 244 30
24 580 565
25 244 558
26 269 542
27 463 582
28 108 156
29 387 761
30 114 439
31 516 98
32 899 987
33 410 200
34 74 669
35 11 153
36 664 234
37 275 0
38 914 874
39 966 239
40 693 820
41 666 104
42 237 185
43 432 251
44 866 697
45 681 136
46 282 210
47 0 715
48 509 974
49 415 207
50 558 455
51 214 806
52 937 220
53 76 796
54 662 828
55 437 490
56 736 942
57 813 473
58 930 919
59 14 202
60 942 377
61 360 140
62 555 402
63 155 193
64 433 448
65 608 256
66 26 139
67 104 990
68 211 769
69 110 146
70 213 261
71 417 47
72 734 255
73 937 599
74 482 173
75 974 29
76 531 727
77 608 30
78 276 196
79 508 235
80 419 418
81 612 624
82 306 101
83 219 851
DEMAND_SECTION
1 0
2 4
3 3
4 1
5 7
6 7
7 7
8 3
9 4
10 6
11 5
12 7
13 5
14 1
15 4
16 7
17 3
18 1
19 1
20 5
21 1
22 5
23 5
24 1
25 7
26 7
27 6
28 5
29 5
30 1
31 2
32 4
33 5
34 6
35 4
36 7
37 4
38 4
39 7
40 4
41 4
42 3
43 5
44 3
45 2
46 3
47 6
48 1
49 4
50 5
51 1
52 6
53 3
54 7
55 6
56 5
57 5
58 2
59 1
60 2
61 6
62 5
63 6
64 7
65 4
66 3
67 3
68 4
69 3
70 3
71 7
72 1
73 2
74 4
75 3
76 2
77 2
78 6
79 1
80 5
81 1
82 2
83 2
DEPOT_SECTION
 1
 -1
 EOF 