NAME: I2976-n40-k3
COMMENT : (Fake et al, No of trucks: 3, Optimal value: )
TYPE : CVRP
DIMENSION : 40
EDGE_WEIGHT_TYPE : EUC_2D
CAPACITY : 92
NODE_COORD_SECTION
1 318 736
2 92 152
3 120 342
4 280 979
5 461 230
6 679 400
7 712 585
8 818 681
9 38 866
10 369 632
11 72 228
12 612 411
13 697 937
14 651 561
15 931 859
16 123 794
17 327 27
18 773 345
19 104 1
20 673 620
21 161 425
22 390 273
23 419 300
24 937 867
25 821 960
26 564 154
27 842 795
28 717 240
29 39 342
30 824 229
31 175 34
32 261 555
33 181 351
34 677 389
35 81 5
36 906 715
37 619 111
38 883 444
39 655 778
40 98 259
DEMAND_SECTION
1 0
2 1
3 5
4 5
5 2
6 3
7 8
8 11
9 2
10 2
11 9
12 5
13 8
14 5
15 2
16 2
17 3
18 6
19 1
20 7
21 5
22 11
23 11
24 11
25 10
26 8
27 7
28 4
29 9
30 11
31 11
32 10
33 1
34 4
35 11
36 10
37 4
38 9
39 8
40 10
DEPOT_SECTION
 1
 -1
 EOF 