NAME: I2993-n46-k4
COMMENT : (Fake et al, No of trucks: 4, Optimal value: )
TYPE : CVRP
DIMENSION : 46
EDGE_WEIGHT_TYPE : EUC_2D
CAPACITY : 44
NODE_COORD_SECTION
1 939 162
2 692 516
3 405 970
4 123 433
5 552 805
6 445 811
7 552 325
8 627 567
9 813 335
10 996 551
11 951 499
12 18 896
13 371 379
14 978 425
15 42 903
16 597 919
17 466 804
18 470 731
19 120 108
20 375 198
21 301 735
22 87 866
23 970 236
24 664 206
25 745 306
26 103 191
27 166 183
28 857 449
29 561 152
30 999 503
31 500 724
32 706 179
33 150 726
34 672 506
35 168 934
36 26 459
37 151 493
38 469 118
39 914 856
40 345 360
41 76 181
42 659 619
43 499 346
44 112 78
45 569 186
46 933 895
DEMAND_SECTION
1 0
2 3
3 4
4 3
5 4
6 4
7 4
8 2
9 2
10 5
11 5
12 5
13 1
14 5
15 5
16 6
17 1
18 2
19 3
20 4
21 1
22 4
23 5
24 6
25 2
26 3
27 5
28 4
29 6
30 6
31 4
32 3
33 3
34 4
35 1
36 3
37 2
38 2
39 2
40 1
41 4
42 1
43 6
44 4
45 6
46 3
DEPOT_SECTION
 1
 -1
 EOF 