NAME: I29982-n79-k8
COMMENT : (Fake et al, No of trucks: 8, Optimal value: )
TYPE : CVRP
DIMENSION : 79
EDGE_WEIGHT_TYPE : EUC_2D
CAPACITY : 49
NODE_COORD_SECTION
1 409 592
2 155 607
3 524 315
4 388 739
5 257 734
6 332 327
7 836 468
8 225 380
9 983 796
10 423 466
11 530 265
12 172 847
13 219 784
14 629 688
15 525 238
16 173 489
17 136 697
18 274 381
19 92 984
20 798 68
21 446 986
22 734 667
23 55 409
24 532 211
25 56 781
26 622 221
27 366 777
28 180 553
29 216 314
30 921 709
31 978 718
32 999 399
33 495 703
34 617 774
35 281 288
36 345 325
37 583 266
38 60 887
39 101 397
40 145 997
41 45 168
42 350 34
43 200 84
44 426 435
45 25 146
46 374 699
47 382 770
48 608 101
49 4 551
50 806 132
51 180 812
52 40 357
53 364 118
54 565 866
55 839 198
56 12 207
57 697 39
58 288 694
59 238 686
60 618 543
61 532 857
62 955 518
63 644 185
64 610 504
65 874 356
66 94 119
67 68 282
68 304 308
69 746 487
70 319 571
71 914 651
72 67 815
73 335 980
74 72 642
75 57 47
76 519 378
77 347 680
78 603 124
79 258 485
DEMAND_SECTION
1 0
2 1
3 8
4 6
5 6
6 3
7 8
8 2
9 5
10 1
11 4
12 3
13 1
14 6
15 6
16 8
17 7
18 3
19 7
20 1
21 6
22 7
23 4
24 1
25 4
26 5
27 5
28 5
29 7
30 3
31 7
32 6
33 8
34 5
35 3
36 6
37 2
38 5
39 1
40 6
41 3
42 1
43 2
44 3
45 7
46 1
47 2
48 1
49 2
50 6
51 4
52 6
53 4
54 3
55 7
56 5
57 5
58 3
59 3
60 7
61 2
62 8
63 6
64 8
65 7
66 8
67 6
68 5
69 4
70 1
71 6
72 2
73 7
74 3
75 8
76 6
77 4
78 6
79 1
DEPOT_SECTION
 1
 -1
 EOF 