NAME: I29996-n72-k7
COMMENT : (Fake et al, No of trucks: 7, Optimal value: )
TYPE : CVRP
DIMENSION : 72
EDGE_WEIGHT_TYPE : EUC_2D
CAPACITY : 53
NODE_COORD_SECTION
1 612 509
2 467 889
3 883 79
4 468 511
5 255 294
6 68 574
7 629 121
8 631 440
9 456 857
10 736 263
11 555 801
12 627 292
13 254 468
14 647 139
15 367 733
16 143 389
17 722 36
18 931 981
19 465 796
20 895 656
21 676 769
22 377 197
23 876 419
24 637 111
25 809 24
26 239 657
27 745 222
28 390 8
29 7 737
30 25 562
31 636 209
32 211 822
33 391 663
34 983 981
35 339 507
36 276 760
37 82 211
38 492 121
39 928 655
40 518 402
41 894 389
42 536 1
43 737 959
44 451 701
45 685 462
46 594 144
47 677 962
48 673 986
49 190 255
50 284 34
51 560 929
52 565 66
53 740 619
54 765 829
55 409 199
56 633 888
57 670 880
58 604 696
59 535 484
60 249 391
61 767 599
62 123 690
63 769 547
64 200 718
65 823 917
66 903 62
67 27 360
68 289 998
69 648 542
70 255 25
71 537 323
72 452 593
DEMAND_SECTION
1 0
2 3
3 8
4 6
5 2
6 1
7 8
8 7
9 1
10 4
11 3
12 1
13 5
14 2
15 7
16 8
17 2
18 6
19 2
20 6
21 3
22 7
23 6
24 8
25 8
26 2
27 6
28 2
29 4
30 1
31 3
32 3
33 7
34 1
35 1
36 3
37 1
38 3
39 3
40 3
41 4
42 3
43 8
44 8
45 4
46 5
47 6
48 7
49 4
50 1
51 6
52 7
53 8
54 4
55 5
56 2
57 5
58 7
59 1
60 3
61 1
62 2
63 5
64 4
65 6
66 3
67 1
68 7
69 6
70 4
71 8
72 4
DEPOT_SECTION
 1
 -1
 EOF 