NAME: I29976-n70-k6
COMMENT : (Fake et al, No of trucks: 6, Optimal value: )
TYPE : CVRP
DIMENSION : 70
EDGE_WEIGHT_TYPE : EUC_2D
CAPACITY : 60
NODE_COORD_SECTION
1 235 673
2 203 634
3 351 77
4 224 79
5 794 787
6 960 359
7 990 113
8 28 842
9 596 581
10 813 591
11 982 56
12 695 101
13 123 665
14 409 71
15 353 637
16 757 156
17 435 192
18 270 745
19 869 963
20 993 795
21 962 837
22 447 385
23 5 117
24 941 474
25 322 494
26 705 809
27 109 616
28 738 110
29 495 200
30 560 393
31 745 155
32 250 118
33 227 406
34 720 971
35 199 972
36 474 714
37 754 282
38 112 141
39 843 169
40 811 129
41 943 317
42 618 319
43 756 669
44 253 114
45 692 926
46 131 418
47 56 503
48 823 626
49 259 804
50 448 988
51 317 499
52 714 324
53 317 581
54 576 871
55 345 872
56 610 42
57 957 217
58 433 526
59 536 850
60 362 974
61 569 248
62 686 268
63 59 385
64 28 520
65 388 227
66 724 186
67 957 154
68 881 14
69 814 982
70 989 506
DEMAND_SECTION
1 0
2 4
3 1
4 3
5 3
6 6
7 2
8 1
9 1
10 3
11 1
12 2
13 6
14 6
15 6
16 1
17 2
18 1
19 7
20 2
21 6
22 7
23 8
24 7
25 2
26 8
27 3
28 2
29 8
30 3
31 3
32 2
33 7
34 2
35 7
36 8
37 3
38 7
39 6
40 1
41 1
42 1
43 1
44 6
45 8
46 8
47 6
48 2
49 5
50 6
51 5
52 6
53 8
54 5
55 8
56 6
57 1
58 4
59 7
60 5
61 7
62 5
63 6
64 5
65 8
66 6
67 7
68 6
69 7
70 3
DEPOT_SECTION
 1
 -1
 EOF 