NAME: I29953-n77-k8
COMMENT : (Fake et al, No of trucks: 8, Optimal value: )
TYPE : CVRP
DIMENSION : 77
EDGE_WEIGHT_TYPE : EUC_2D
CAPACITY : 66
NODE_COORD_SECTION
1 309 686
2 220 388
3 250 837
4 530 873
5 9 856
6 240 155
7 483 178
8 639 539
9 329 498
10 469 634
11 822 124
12 197 370
13 474 779
14 796 821
15 629 34
16 35 775
17 583 374
18 399 798
19 501 558
20 739 167
21 925 685
22 774 694
23 923 523
24 236 733
25 944 179
26 621 254
27 348 541
28 637 819
29 949 625
30 135 809
31 254 828
32 72 606
33 175 364
34 764 313
35 431 732
36 572 809
37 459 874
38 425 2
39 688 246
40 58 644
41 747 663
42 984 328
43 483 501
44 576 312
45 733 855
46 647 953
47 810 102
48 239 781
49 475 566
50 241 479
51 636 40
52 10 717
53 580 989
54 111 745
55 941 452
56 502 309
57 179 622
58 867 383
59 212 854
60 804 683
61 646 357
62 665 801
63 618 402
64 565 973
65 325 553
66 86 937
67 4 613
68 414 362
69 375 745
70 172 184
71 69 238
72 652 260
73 493 756
74 429 895
75 66 987
76 451 775
77 632 758
DEMAND_SECTION
1 0
2 5
3 10
4 1
5 1
6 5
7 2
8 2
9 3
10 4
11 11
12 7
13 2
14 4
15 8
16 2
17 2
18 9
19 1
20 7
21 3
22 8
23 3
24 1
25 3
26 10
27 9
28 9
29 2
30 3
31 8
32 10
33 6
34 4
35 3
36 3
37 8
38 7
39 2
40 6
41 11
42 9
43 3
44 5
45 1
46 9
47 2
48 2
49 5
50 1
51 7
52 9
53 11
54 4
55 11
56 11
57 9
58 1
59 4
60 11
61 6
62 8
63 3
64 5
65 8
66 10
67 8
68 5
69 8
70 9
71 8
72 9
73 10
74 11
75 9
76 1
77 7
DEPOT_SECTION
 1
 -1
 EOF 