NAME: I2998-n25-k4
COMMENT : (Fake et al, No of trucks: 4, Optimal value: )
TYPE : CVRP
DIMENSION : 25
EDGE_WEIGHT_TYPE : EUC_2D
CAPACITY : 26
NODE_COORD_SECTION
1 823 107
2 215 563
3 576 740
4 190 31
5 496 154
6 184 324
7 685 663
8 173 98
9 247 527
10 705 136
11 671 963
12 822 903
13 935 705
14 458 691
15 248 83
16 715 96
17 228 845
18 717 753
19 946 281
20 343 54
21 707 122
22 623 676
23 961 476
24 921 532
25 714 558
DEMAND_SECTION
1 0
2 4
3 2
4 6
5 5
6 5
7 2
8 2
9 6
10 2
11 1
12 6
13 4
14 4
15 2
16 6
17 6
18 2
19 5
20 6
21 4
22 1
23 2
24 5
25 6
DEPOT_SECTION
 1
 -1
 EOF 