NAME: I29917-n72-k6
COMMENT : (Fake et al, No of trucks: 6, Optimal value: )
TYPE : CVRP
DIMENSION : 72
EDGE_WEIGHT_TYPE : EUC_2D
CAPACITY : 76
NODE_COORD_SECTION
1 773 998
2 918 493
3 35 740
4 704 382
5 130 318
6 674 569
7 141 454
8 328 675
9 474 337
10 825 719
11 71 714
12 509 469
13 716 632
14 370 16
15 378 746
16 737 508
17 475 299
18 763 51
19 700 84
20 237 124
21 763 23
22 668 874
23 770 68
24 166 703
25 536 944
26 953 103
27 260 822
28 721 323
29 780 88
30 318 959
31 839 571
32 41 873
33 161 668
34 191 994
35 890 493
36 588 770
37 779 928
38 439 335
39 712 609
40 387 989
41 201 345
42 768 83
43 113 69
44 818 849
45 385 901
46 134 290
47 85 413
48 141 900
49 920 410
50 415 760
51 345 407
52 985 206
53 988 833
54 527 106
55 975 427
56 336 492
57 826 613
58 328 818
59 128 528
60 15 82
61 236 784
62 704 610
63 831 351
64 820 853
65 228 704
66 471 549
67 28 330
68 692 520
69 952 652
70 609 57
71 239 277
72 419 121
DEMAND_SECTION
1 0
2 9
3 4
4 6
5 7
6 5
7 1
8 10
9 6
10 2
11 3
12 10
13 1
14 1
15 2
16 8
17 9
18 2
19 1
20 2
21 5
22 6
23 7
24 4
25 2
26 1
27 7
28 10
29 1
30 7
31 7
32 7
33 5
34 5
35 7
36 7
37 7
38 9
39 10
40 2
41 1
42 7
43 7
44 4
45 10
46 1
47 6
48 6
49 4
50 7
51 3
52 1
53 3
54 4
55 4
56 8
57 7
58 8
59 7
60 9
61 8
62 3
63 5
64 10
65 4
66 6
67 4
68 10
69 8
70 5
71 2
72 3
DEPOT_SECTION
 1
 -1
 EOF 