NAME: I29904-n70-k9
COMMENT : (Fake et al, No of trucks: 9, Optimal value: )
TYPE : CVRP
DIMENSION : 70
EDGE_WEIGHT_TYPE : EUC_2D
CAPACITY : 49
NODE_COORD_SECTION
1 884 784
2 282 492
3 176 468
4 794 274
5 992 963
6 536 440
7 35 774
8 605 293
9 976 155
10 242 390
11 464 718
12 367 343
13 65 763
14 320 969
15 468 823
16 794 586
17 345 583
18 959 266
19 2 250
20 724 738
21 701 508
22 51 102
23 777 716
24 615 948
25 160 14
26 340 666
27 94 308
28 553 544
29 498 875
30 308 426
31 357 156
32 91 31
33 160 950
34 96 786
35 854 181
36 613 899
37 588 56
38 809 46
39 418 403
40 950 163
41 257 146
42 4 153
43 552 189
44 430 814
45 419 335
46 972 253
47 375 434
48 418 755
49 928 107
50 556 459
51 375 698
52 540 126
53 402 836
54 946 219
55 383 942
56 10 863
57 613 667
58 583 419
59 735 268
60 885 216
61 255 239
62 924 581
63 464 693
64 496 798
65 144 262
66 417 513
67 638 334
68 297 216
69 412 687
70 859 512
DEMAND_SECTION
1 0
2 4
3 10
4 3
5 2
6 3
7 9
8 2
9 8
10 1
11 6
12 3
13 1
14 3
15 2
16 2
17 10
18 2
19 9
20 8
21 5
22 1
23 9
24 8
25 1
26 8
27 9
28 4
29 5
30 2
31 10
32 8
33 7
34 8
35 10
36 9
37 3
38 10
39 6
40 7
41 4
42 5
43 9
44 7
45 10
46 3
47 1
48 3
49 8
50 4
51 2
52 3
53 2
54 9
55 4
56 9
57 2
58 5
59 9
60 10
61 9
62 1
63 6
64 3
65 2
66 4
67 3
68 7
69 9
70 8
DEPOT_SECTION
 1
 -1
 EOF 