NAME: I29958-n90-k7
COMMENT : (Fake et al, No of trucks: 7, Optimal value: )
TYPE : CVRP
DIMENSION : 90
EDGE_WEIGHT_TYPE : EUC_2D
CAPACITY : 52
NODE_COORD_SECTION
1 299 419
2 631 913
3 997 327
4 916 10
5 977 935
6 364 7
7 44 680
8 908 354
9 717 410
10 686 816
11 86 87
12 946 676
13 539 557
14 985 519
15 90 483
16 699 346
17 366 708
18 389 159
19 329 902
20 288 705
21 696 631
22 453 810
23 126 652
24 69 54
25 562 150
26 804 628
27 512 498
28 69 766
29 617 68
30 447 409
31 915 514
32 673 322
33 282 404
34 784 907
35 961 80
36 95 418
37 297 498
38 890 915
39 375 803
40 457 730
41 63 532
42 694 457
43 558 160
44 80 901
45 153 98
46 78 564
47 154 514
48 286 761
49 425 553
50 171 200
51 684 353
52 30 541
53 396 130
54 411 655
55 457 506
56 574 371
57 933 838
58 181 32
59 692 167
60 260 930
61 865 90
62 159 49
63 879 47
64 498 870
65 709 815
66 842 924
67 547 554
68 875 641
69 578 878
70 174 605
71 390 864
72 952 286
73 289 876
74 269 964
75 83 172
76 63 179
77 836 146
78 233 648
79 179 51
80 635 777
81 905 50
82 11 527
83 110 245
84 346 767
85 527 537
86 69 29
87 229 390
88 268 816
89 132 246
90 583 156
DEMAND_SECTION
1 0
2 4
3 6
4 6
5 4
6 5
7 5
8 1
9 1
10 4
11 6
12 1
13 3
14 1
15 6
16 2
17 6
18 6
19 5
20 2
21 5
22 3
23 6
24 2
25 3
26 2
27 1
28 1
29 5
30 3
31 1
32 5
33 1
34 4
35 2
36 4
37 4
38 6
39 6
40 3
41 5
42 3
43 5
44 5
45 4
46 2
47 6
48 3
49 6
50 4
51 2
52 2
53 6
54 5
55 1
56 3
57 1
58 2
59 1
60 4
61 1
62 3
63 3
64 5
65 3
66 1
67 1
68 4
69 5
70 2
71 4
72 4
73 6
74 2
75 3
76 3
77 4
78 4
79 5
80 2
81 5
82 5
83 1
84 3
85 2
86 4
87 1
88 4
89 3
90 3
DEPOT_SECTION
 1
 -1
 EOF 