NAME: I3086-n35-k3
COMMENT : (Fake et al, No of trucks: 3, Optimal value: )
TYPE : CVRP
DIMENSION : 35
EDGE_WEIGHT_TYPE : EUC_2D
CAPACITY : 59
NODE_COORD_SECTION
1 159 771
2 730 313
3 65 932
4 432 405
5 982 678
6 549 403
7 138 186
8 470 552
9 23 722
10 863 20
11 978 187
12 373 606
13 824 126
14 246 620
15 700 523
16 782 310
17 168 138
18 313 950
19 593 690
20 601 890
21 884 838
22 51 184
23 48 109
24 191 644
25 521 196
26 710 159
27 159 474
28 895 884
29 464 122
30 263 232
31 993 850
32 64 158
33 436 187
34 946 565
35 522 223
DEMAND_SECTION
1 0
2 6
3 2
4 8
5 4
6 7
7 6
8 6
9 3
10 6
11 2
12 7
13 2
14 3
15 4
16 6
17 1
18 3
19 7
20 4
21 3
22 2
23 3
24 7
25 1
26 8
27 8
28 3
29 3
30 6
31 3
32 4
33 5
34 4
35 8
DEPOT_SECTION
 1
 -1
 EOF 