NAME: I3113-n29-k4
COMMENT : (Fake et al, No of trucks: 4, Optimal value: )
TYPE : CVRP
DIMENSION : 29
EDGE_WEIGHT_TYPE : EUC_2D
CAPACITY : 29
NODE_COORD_SECTION
1 982 514
2 926 421
3 583 898
4 172 549
5 254 213
6 29 628
7 531 852
8 951 532
9 582 88
10 188 17
11 588 208
12 570 588
13 468 686
14 893 254
15 958 551
16 52 82
17 166 386
18 684 41
19 91 162
20 346 429
21 869 714
22 952 795
23 620 869
24 213 780
25 884 542
26 909 844
27 958 673
28 146 950
29 401 847
DEMAND_SECTION
1 0
2 3
3 4
4 4
5 1
6 4
7 1
8 7
9 1
10 7
11 6
12 8
13 1
14 3
15 2
16 7
17 5
18 1
19 2
20 8
21 2
22 5
23 6
24 3
25 3
26 1
27 1
28 8
29 3
DEPOT_SECTION
 1
 -1
 EOF 