NAME: I3122-n47-k4
COMMENT : (Fake et al, No of trucks: 4, Optimal value: )
TYPE : CVRP
DIMENSION : 47
EDGE_WEIGHT_TYPE : EUC_2D
CAPACITY : 56
NODE_COORD_SECTION
1 667 208
2 63 189
3 627 864
4 704 709
5 136 51
6 592 959
7 501 226
8 719 594
9 748 644
10 981 712
11 847 0
12 327 827
13 634 967
14 44 964
15 534 832
16 258 233
17 6 34
18 538 264
19 226 789
20 649 394
21 21 528
22 399 153
23 978 886
24 53 243
25 304 842
26 59 747
27 608 369
28 914 466
29 575 61
30 103 828
31 887 721
32 592 292
33 632 326
34 327 574
35 137 250
36 219 923
37 230 611
38 340 801
39 211 973
40 801 918
41 539 808
42 716 525
43 892 819
44 290 218
45 914 20
46 966 387
47 315 417
DEMAND_SECTION
1 0
2 6
3 1
4 5
5 8
6 2
7 6
8 2
9 7
10 5
11 5
12 2
13 6
14 1
15 6
16 2
17 4
18 5
19 1
20 8
21 1
22 2
23 3
24 1
25 2
26 1
27 1
28 2
29 4
30 2
31 4
32 8
33 7
34 3
35 7
36 6
37 7
38 4
39 2
40 9
41 4
42 1
43 5
44 3
45 3
46 7
47 9
DEPOT_SECTION
 1
 -1
 EOF 