NAME: I323-n32-k3
COMMENT : (Fake et al, No of trucks: 3, Optimal value: )
TYPE : CVRP
DIMENSION : 32
EDGE_WEIGHT_TYPE : EUC_2D
CAPACITY : 29
NODE_COORD_SECTION
1 553 718
2 968 614
3 584 173
4 535 811
5 330 372
6 605 540
7 605 722
8 267 760
9 709 483
10 205 378
11 2 321
12 355 670
13 202 607
14 339 29
15 600 377
16 120 959
17 855 144
18 359 950
19 126 247
20 371 653
21 991 153
22 646 156
23 112 624
24 762 924
25 922 757
26 33 674
27 910 950
28 959 986
29 935 860
30 298 514
31 342 994
32 999 659
DEMAND_SECTION
1 0
2 3
3 3
4 4
5 4
6 1
7 2
8 1
9 4
10 1
11 2
12 4
13 2
14 2
15 2
16 1
17 3
18 4
19 4
20 1
21 1
22 4
23 2
24 4
25 3
26 1
27 3
28 4
29 3
30 1
31 2
32 2
DEPOT_SECTION
 1
 -1
 EOF 