NAME: I3233-n29-k6
COMMENT : (Fake et al, No of trucks: 6, Optimal value: )
TYPE : CVRP
DIMENSION : 29
EDGE_WEIGHT_TYPE : EUC_2D
CAPACITY : 8
NODE_COORD_SECTION
1 861 627
2 558 75
3 367 305
4 924 87
5 54 970
6 716 474
7 500 643
8 370 72
9 847 337
10 197 641
11 965 935
12 729 430
13 579 834
14 565 809
15 975 457
16 567 882
17 853 731
18 120 518
19 13 238
20 114 640
21 856 633
22 482 530
23 692 397
24 246 689
25 360 547
26 962 824
27 884 213
28 29 788
29 339 722
DEMAND_SECTION
1 0
2 2
3 1
4 2
5 2
6 2
7 1
8 1
9 2
10 2
11 1
12 2
13 1
14 1
15 1
16 2
17 1
18 1
19 2
20 2
21 1
22 1
23 2
24 1
25 2
26 1
27 1
28 1
29 1
DEPOT_SECTION
 1
 -1
 EOF 