NAME: I3247-n39-k4
COMMENT : (Fake et al, No of trucks: 4, Optimal value: )
TYPE : CVRP
DIMENSION : 39
EDGE_WEIGHT_TYPE : EUC_2D
CAPACITY : 59
NODE_COORD_SECTION
1 822 454
2 360 754
3 831 38
4 174 369
5 864 89
6 549 847
7 688 351
8 947 436
9 605 780
10 121 961
11 902 391
12 147 679
13 877 925
14 886 173
15 942 442
16 765 297
17 30 771
18 183 649
19 802 762
20 535 86
21 466 889
22 502 955
23 117 324
24 197 946
25 299 921
26 490 386
27 907 981
28 534 903
29 704 724
30 931 955
31 529 146
32 881 159
33 361 487
34 751 764
35 879 26
36 145 881
37 302 466
38 978 321
39 183 975
DEMAND_SECTION
1 0
2 9
3 3
4 6
5 2
6 7
7 6
8 9
9 1
10 7
11 1
12 3
13 10
14 2
15 1
16 7
17 4
18 5
19 5
20 7
21 1
22 10
23 9
24 5
25 1
26 8
27 2
28 6
29 1
30 5
31 1
32 3
33 6
34 7
35 7
36 7
37 10
38 7
39 10
DEPOT_SECTION
 1
 -1
 EOF 