NAME: I3248-n36-k4
COMMENT : (Fake et al, No of trucks: 4, Optimal value: )
TYPE : CVRP
DIMENSION : 36
EDGE_WEIGHT_TYPE : EUC_2D
CAPACITY : 35
NODE_COORD_SECTION
1 542 580
2 451 489
3 771 279
4 172 595
5 77 997
6 719 672
7 414 503
8 841 71
9 769 532
10 590 817
11 371 416
12 377 568
13 983 944
14 524 875
15 611 588
16 403 35
17 711 902
18 355 382
19 808 250
20 15 175
21 477 745
22 835 240
23 515 232
24 969 89
25 785 937
26 820 168
27 556 855
28 541 11
29 522 535
30 513 825
31 540 348
32 840 389
33 33 157
34 225 853
35 49 219
36 789 463
DEMAND_SECTION
1 0
2 6
3 6
4 6
5 6
6 2
7 2
8 2
9 2
10 4
11 5
12 3
13 6
14 6
15 2
16 1
17 2
18 6
19 2
20 6
21 6
22 2
23 2
24 3
25 1
26 5
27 5
28 5
29 4
30 1
31 1
32 2
33 1
34 1
35 6
36 1
DEPOT_SECTION
 1
 -1
 EOF 