NAME: I3316-n44-k4
COMMENT : (Fake et al, No of trucks: 4, Optimal value: )
TYPE : CVRP
DIMENSION : 44
EDGE_WEIGHT_TYPE : EUC_2D
CAPACITY : 19
NODE_COORD_SECTION
1 354 755
2 875 36
3 628 559
4 959 233
5 226 342
6 871 17
7 353 538
8 967 314
9 796 809
10 317 668
11 688 474
12 104 55
13 887 431
14 68 437
15 608 432
16 178 860
17 300 507
18 188 439
19 7 326
20 286 113
21 521 962
22 280 770
23 664 293
24 926 915
25 991 333
26 765 479
27 87 531
28 110 687
29 247 636
30 416 183
31 498 991
32 322 395
33 638 434
34 416 171
35 753 661
36 715 203
37 687 474
38 115 102
39 257 604
40 593 267
41 592 395
42 830 804
43 329 110
44 486 83
DEMAND_SECTION
1 0
2 2
3 1
4 2
5 2
6 2
7 1
8 1
9 2
10 2
11 2
12 1
13 1
14 1
15 1
16 1
17 1
18 1
19 1
20 1
21 2
22 1
23 1
24 1
25 1
26 2
27 2
28 2
29 1
30 2
31 2
32 2
33 1
34 2
35 2
36 2
37 1
38 2
39 1
40 2
41 1
42 1
43 2
44 2
DEPOT_SECTION
 1
 -1
 EOF 