NAME: I3407-n40-k5
COMMENT : (Fake et al, No of trucks: 5, Optimal value: )
TYPE : CVRP
DIMENSION : 40
EDGE_WEIGHT_TYPE : EUC_2D
CAPACITY : 53
NODE_COORD_SECTION
1 571 903
2 528 551
3 979 349
4 986 616
5 489 160
6 592 151
7 900 604
8 988 467
9 175 149
10 556 86
11 790 644
12 995 492
13 748 604
14 952 102
15 929 960
16 405 593
17 346 631
18 903 6
19 293 579
20 813 449
21 346 414
22 338 665
23 955 479
24 767 966
25 0 808
26 71 307
27 583 237
28 457 230
29 454 355
30 668 786
31 671 760
32 897 552
33 558 507
34 14 513
35 631 440
36 354 458
37 669 262
38 155 460
39 765 628
40 162 244
DEMAND_SECTION
1 0
2 6
3 7
4 1
5 7
6 3
7 2
8 2
9 7
10 6
11 10
12 8
13 4
14 8
15 6
16 10
17 7
18 4
19 2
20 2
21 3
22 9
23 10
24 2
25 2
26 9
27 2
28 7
29 3
30 4
31 6
32 10
33 4
34 6
35 3
36 7
37 7
38 1
39 10
40 10
DEPOT_SECTION
 1
 -1
 EOF 