NAME: I3503-n30-k6
COMMENT : (Fake et al, No of trucks: 6, Optimal value: )
TYPE : CVRP
DIMENSION : 30
EDGE_WEIGHT_TYPE : EUC_2D
CAPACITY : 9
NODE_COORD_SECTION
1 531 684
2 201 233
3 268 121
4 326 946
5 379 559
6 687 263
7 243 851
8 543 355
9 893 69
10 786 866
11 364 522
12 744 59
13 915 762
14 362 591
15 263 982
16 111 459
17 998 901
18 387 901
19 478 476
20 491 436
21 515 765
22 843 318
23 937 747
24 796 440
25 902 549
26 534 566
27 211 300
28 369 703
29 138 254
30 880 953
DEMAND_SECTION
1 0
2 2
3 1
4 1
5 1
6 2
7 1
8 2
9 1
10 1
11 2
12 2
13 1
14 2
15 2
16 1
17 2
18 2
19 1
20 2
21 1
22 2
23 1
24 1
25 1
26 2
27 1
28 2
29 2
30 2
DEPOT_SECTION
 1
 -1
 EOF 