NAME: I3539-n32-k6
COMMENT : (Fake et al, No of trucks: 6, Optimal value: )
TYPE : CVRP
DIMENSION : 32
EDGE_WEIGHT_TYPE : EUC_2D
CAPACITY : 41
NODE_COORD_SECTION
1 858 503
2 848 56
3 637 185
4 780 272
5 281 399
6 472 847
7 659 596
8 540 274
9 198 990
10 712 153
11 588 364
12 415 375
13 531 717
14 765 523
15 473 607
16 461 656
17 229 44
18 402 598
19 926 942
20 686 546
21 20 676
22 651 8
23 751 114
24 107 448
25 122 358
26 99 431
27 862 598
28 49 730
29 716 368
30 656 226
31 475 779
32 79 207
DEMAND_SECTION
1 0
2 7
3 4
4 5
5 9
6 7
7 11
8 5
9 4
10 2
11 9
12 7
13 8
14 7
15 8
16 2
17 6
18 11
19 10
20 7
21 10
22 5
23 11
24 4
25 11
26 7
27 5
28 10
29 10
30 3
31 9
32 3
DEPOT_SECTION
 1
 -1
 EOF 