NAME: I3537-n47-k5
COMMENT : (Fake et al, No of trucks: 5, Optimal value: )
TYPE : CVRP
DIMENSION : 47
EDGE_WEIGHT_TYPE : EUC_2D
CAPACITY : 12
NODE_COORD_SECTION
1 616 357
2 606 544
3 302 346
4 53 526
5 145 589
6 961 131
7 829 378
8 404 9
9 885 942
10 604 513
11 278 79
12 712 533
13 773 195
14 366 256
15 716 463
16 726 524
17 390 868
18 993 590
19 794 904
20 906 121
21 79 642
22 284 463
23 973 291
24 581 931
25 34 121
26 906 567
27 792 552
28 440 924
29 81 377
30 456 923
31 847 530
32 784 377
33 416 403
34 223 63
35 956 33
36 109 566
37 625 660
38 105 13
39 377 797
40 757 997
41 150 722
42 235 371
43 30 181
44 125 535
45 846 963
46 871 654
47 630 580
DEMAND_SECTION
1 0
2 1
3 1
4 1
5 1
6 1
7 1
8 1
9 1
10 1
11 1
12 1
13 1
14 1
15 1
16 1
17 1
18 1
19 1
20 1
21 1
22 1
23 1
24 1
25 1
26 1
27 1
28 1
29 1
30 1
31 1
32 1
33 1
34 1
35 1
36 1
37 1
38 1
39 1
40 1
41 1
42 1
43 1
44 1
45 1
46 1
47 1
DEPOT_SECTION
 1
 -1
 EOF 