NAME: I353-n27-k6
COMMENT : (Fake et al, No of trucks: 6, Optimal value: )
TYPE : CVRP
DIMENSION : 27
EDGE_WEIGHT_TYPE : EUC_2D
CAPACITY : 5
NODE_COORD_SECTION
1 799 970
2 594 856
3 877 932
4 845 746
5 670 643
6 814 5
7 910 215
8 787 526
9 793 858
10 10 345
11 560 606
12 718 589
13 919 94
14 15 895
15 285 324
16 22 792
17 103 937
18 209 687
19 692 637
20 112 683
21 920 343
22 598 135
23 494 105
24 191 928
25 325 344
26 193 767
27 74 480
DEMAND_SECTION
1 0
2 1
3 1
4 1
5 1
6 1
7 1
8 1
9 1
10 1
11 1
12 1
13 1
14 1
15 1
16 1
17 1
18 1
19 1
20 1
21 1
22 1
23 1
24 1
25 1
26 1
27 1
DEPOT_SECTION
 1
 -1
 EOF 