NAME: I3639-n30-k4
COMMENT : (Fake et al, No of trucks: 4, Optimal value: )
TYPE : CVRP
DIMENSION : 30
EDGE_WEIGHT_TYPE : EUC_2D
CAPACITY : 33
NODE_COORD_SECTION
1 676 945
2 775 500
3 885 528
4 350 214
5 610 224
6 672 346
7 958 760
8 942 887
9 914 532
10 492 726
11 967 806
12 532 724
13 509 787
14 425 594
15 106 719
16 396 694
17 965 712
18 585 186
19 370 550
20 70 272
21 916 58
22 22 206
23 998 325
24 70 627
25 49 549
26 346 119
27 454 98
28 917 972
29 647 908
30 600 585
DEMAND_SECTION
1 0
2 6
3 3
4 2
5 4
6 3
7 3
8 7
9 4
10 9
11 1
12 4
13 8
14 4
15 3
16 1
17 3
18 3
19 4
20 4
21 2
22 8
23 8
24 3
25 6
26 7
27 4
28 2
29 4
30 1
DEPOT_SECTION
 1
 -1
 EOF 