NAME: I3668-n44-k6
COMMENT : (Fake et al, No of trucks: 6, Optimal value: )
TYPE : CVRP
DIMENSION : 44
EDGE_WEIGHT_TYPE : EUC_2D
CAPACITY : 12
NODE_COORD_SECTION
1 65 681
2 687 334
3 232 643
4 158 292
5 383 786
6 136 193
7 471 915
8 246 602
9 59 562
10 272 280
11 260 113
12 404 13
13 127 283
14 224 493
15 755 858
16 505 517
17 33 94
18 258 699
19 905 38
20 90 774
21 264 128
22 753 394
23 476 620
24 962 16
25 15 530
26 71 362
27 184 978
28 493 450
29 927 623
30 925 348
31 663 96
32 999 815
33 916 829
34 603 784
35 819 980
36 690 426
37 901 388
38 680 729
39 761 901
40 449 829
41 647 809
42 153 979
43 223 787
44 911 107
DEMAND_SECTION
1 0
2 2
3 1
4 1
5 2
6 2
7 1
8 1
9 1
10 2
11 1
12 1
13 1
14 1
15 1
16 1
17 2
18 2
19 2
20 2
21 2
22 1
23 1
24 2
25 2
26 1
27 1
28 2
29 1
30 1
31 1
32 1
33 1
34 1
35 1
36 2
37 2
38 2
39 1
40 2
41 1
42 1
43 1
44 1
DEPOT_SECTION
 1
 -1
 EOF 