NAME: I3695-n35-k6
COMMENT : (Fake et al, No of trucks: 6, Optimal value: )
TYPE : CVRP
DIMENSION : 35
EDGE_WEIGHT_TYPE : EUC_2D
CAPACITY : 29
NODE_COORD_SECTION
1 407 870
2 754 291
3 129 169
4 40 522
5 121 634
6 517 209
7 852 664
8 97 728
9 283 175
10 947 820
11 170 699
12 12 419
13 22 277
14 870 977
15 979 685
16 460 938
17 513 149
18 685 938
19 658 280
20 26 609
21 675 50
22 195 751
23 423 145
24 559 871
25 40 341
26 265 320
27 559 721
28 532 866
29 572 267
30 410 499
31 809 169
32 15 681
33 349 374
34 904 824
35 878 884
DEMAND_SECTION
1 0
2 6
3 2
4 1
5 5
6 1
7 6
8 7
9 6
10 6
11 7
12 2
13 5
14 5
15 6
16 3
17 1
18 2
19 5
20 2
21 1
22 5
23 3
24 6
25 4
26 6
27 8
28 4
29 7
30 8
31 7
32 4
33 3
34 3
35 8
DEPOT_SECTION
 1
 -1
 EOF 