NAME: I3704-n27-k4
COMMENT : (Fake et al, No of trucks: 4, Optimal value: )
TYPE : CVRP
DIMENSION : 27
EDGE_WEIGHT_TYPE : EUC_2D
CAPACITY : 46
NODE_COORD_SECTION
1 211 614
2 68 603
3 693 710
4 966 272
5 560 530
6 786 482
7 935 27
8 18 765
9 887 560
10 539 677
11 933 522
12 421 418
13 522 611
14 711 734
15 708 288
16 772 336
17 140 600
18 994 878
19 360 997
20 250 644
21 617 215
22 950 395
23 375 708
24 506 354
25 917 692
26 77 650
27 190 965
DEMAND_SECTION
1 0
2 8
3 2
4 5
5 5
6 1
7 3
8 3
9 2
10 5
11 3
12 8
13 8
14 8
15 9
16 7
17 9
18 4
19 6
20 5
21 8
22 5
23 9
24 7
25 8
26 6
27 7
DEPOT_SECTION
 1
 -1
 EOF 