NAME: I3741-n26-k3
COMMENT : (Fake et al, No of trucks: 3, Optimal value: )
TYPE : CVRP
DIMENSION : 26
EDGE_WEIGHT_TYPE : EUC_2D
CAPACITY : 32
NODE_COORD_SECTION
1 783 788
2 762 879
3 709 270
4 698 422
5 552 25
6 828 645
7 433 811
8 888 911
9 834 168
10 746 276
11 431 148
12 254 1
13 604 247
14 224 987
15 595 61
16 933 667
17 879 276
18 960 173
19 870 922
20 270 16
21 909 337
22 33 288
23 61 642
24 896 739
25 383 651
26 740 795
DEMAND_SECTION
1 0
2 3
3 1
4 2
5 2
6 3
7 6
8 1
9 6
10 2
11 1
12 3
13 4
14 2
15 2
16 1
17 1
18 2
19 4
20 6
21 3
22 4
23 5
24 5
25 5
26 6
DEPOT_SECTION
 1
 -1
 EOF 