NAME: I3743-n44-k4
COMMENT : (Fake et al, No of trucks: 4, Optimal value: )
TYPE : CVRP
DIMENSION : 44
EDGE_WEIGHT_TYPE : EUC_2D
CAPACITY : 48
NODE_COORD_SECTION
1 471 770
2 799 92
3 978 873
4 529 648
5 561 550
6 292 64
7 571 705
8 476 500
9 120 695
10 201 589
11 873 622
12 147 292
13 361 758
14 994 465
15 185 250
16 966 189
17 9 631
18 641 214
19 484 935
20 316 893
21 192 989
22 858 71
23 257 863
24 575 19
25 652 386
26 930 164
27 540 156
28 818 808
29 306 388
30 606 821
31 986 552
32 238 198
33 190 217
34 210 572
35 337 408
36 124 743
37 857 333
38 294 863
39 987 795
40 458 234
41 326 756
42 648 458
43 21 336
44 631 615
DEMAND_SECTION
1 0
2 4
3 6
4 3
5 4
6 5
7 2
8 2
9 2
10 5
11 4
12 6
13 4
14 6
15 6
16 5
17 1
18 6
19 5
20 3
21 5
22 5
23 3
24 2
25 3
26 4
27 5
28 1
29 2
30 3
31 3
32 2
33 4
34 4
35 5
36 1
37 5
38 4
39 5
40 1
41 1
42 5
43 2
44 3
DEPOT_SECTION
 1
 -1
 EOF 