NAME: I3764-n39-k3
COMMENT : (Fake et al, No of trucks: 3, Optimal value: )
TYPE : CVRP
DIMENSION : 39
EDGE_WEIGHT_TYPE : EUC_2D
CAPACITY : 86
NODE_COORD_SECTION
1 569 979
2 97 745
3 741 758
4 879 794
5 862 25
6 684 951
7 713 610
8 233 11
9 901 421
10 632 600
11 525 316
12 957 384
13 281 927
14 892 627
15 718 493
16 107 39
17 301 800
18 485 454
19 181 836
20 657 838
21 42 597
22 954 841
23 194 385
24 597 26
25 561 378
26 740 798
27 708 42
28 820 609
29 120 969
30 30 191
31 874 1000
32 15 987
33 47 312
34 810 404
35 355 731
36 479 881
37 141 500
38 873 932
39 904 329
DEMAND_SECTION
1 0
2 8
3 3
4 5
5 3
6 9
7 11
8 6
9 8
10 1
11 6
12 3
13 1
14 2
15 4
16 8
17 3
18 1
19 11
20 11
21 9
22 10
23 6
24 9
25 11
26 1
27 1
28 11
29 7
30 3
31 9
32 4
33 9
34 8
35 1
36 11
37 9
38 6
39 10
DEPOT_SECTION
 1
 -1
 EOF 