NAME: I3776-n45-k6
COMMENT : (Fake et al, No of trucks: 6, Optimal value: )
TYPE : CVRP
DIMENSION : 45
EDGE_WEIGHT_TYPE : EUC_2D
CAPACITY : 49
NODE_COORD_SECTION
1 372 822
2 767 141
3 2 302
4 92 167
5 517 612
6 768 799
7 797 172
8 910 755
9 357 983
10 345 251
11 356 761
12 670 391
13 498 942
14 977 838
15 461 358
16 995 560
17 17 128
18 943 405
19 810 929
20 360 500
21 693 674
22 890 881
23 800 922
24 13 335
25 378 155
26 226 354
27 755 337
28 833 648
29 15 804
30 508 541
31 248 264
32 730 975
33 687 468
34 621 744
35 238 356
36 395 285
37 479 495
38 552 312
39 473 117
40 246 649
41 197 350
42 49 204
43 872 195
44 189 252
45 158 760
DEMAND_SECTION
1 0
2 1
3 1
4 9
5 7
6 7
7 9
8 4
9 10
10 2
11 2
12 2
13 10
14 2
15 9
16 9
17 4
18 9
19 2
20 7
21 3
22 6
23 10
24 5
25 10
26 5
27 5
28 6
29 7
30 9
31 3
32 9
33 4
34 8
35 8
36 8
37 7
38 1
39 2
40 10
41 10
42 7
43 6
44 2
45 7
DEPOT_SECTION
 1
 -1
 EOF 