NAME: I3790-n50-k4
COMMENT : (Fake et al, No of trucks: 4, Optimal value: )
TYPE : CVRP
DIMENSION : 50
EDGE_WEIGHT_TYPE : EUC_2D
CAPACITY : 41
NODE_COORD_SECTION
1 340 986
2 742 152
3 772 691
4 600 23
5 612 967
6 554 692
7 671 501
8 400 924
9 852 502
10 414 254
11 95 13
12 549 592
13 858 630
14 561 26
15 514 926
16 637 502
17 43 849
18 929 34
19 936 5
20 80 320
21 802 846
22 462 288
23 926 994
24 483 135
25 197 107
26 21 50
27 636 740
28 540 153
29 129 522
30 137 266
31 984 466
32 931 802
33 988 870
34 229 128
35 297 338
36 528 589
37 289 992
38 147 394
39 304 330
40 163 781
41 140 123
42 570 581
43 988 709
44 998 656
45 931 848
46 68 259
47 78 146
48 476 500
49 855 796
50 604 321
DEMAND_SECTION
1 0
2 1
3 3
4 4
5 2
6 1
7 4
8 2
9 3
10 2
11 5
12 1
13 1
14 1
15 4
16 5
17 5
18 1
19 5
20 1
21 3
22 5
23 3
24 5
25 2
26 4
27 1
28 5
29 4
30 5
31 4
32 1
33 4
34 4
35 5
36 2
37 2
38 2
39 1
40 5
41 4
42 2
43 4
44 2
45 4
46 1
47 3
48 1
49 3
50 3
DEPOT_SECTION
 1
 -1
 EOF 