NAME: I3834-n25-k6
COMMENT : (Fake et al, No of trucks: 6, Optimal value: )
TYPE : CVRP
DIMENSION : 25
EDGE_WEIGHT_TYPE : EUC_2D
CAPACITY : 29
NODE_COORD_SECTION
1 290 334
2 835 628
3 43 882
4 562 22
5 513 68
6 229 567
7 335 785
8 552 867
9 258 484
10 619 213
11 721 358
12 154 402
13 939 455
14 655 222
15 731 860
16 374 716
17 624 733
18 696 27
19 956 849
20 292 597
21 699 441
22 174 29
23 109 641
24 352 304
25 204 475
DEMAND_SECTION
1 0
2 9
3 8
4 9
5 8
6 4
7 8
8 9
9 6
10 6
11 3
12 3
13 4
14 9
15 7
16 5
17 11
18 1
19 11
20 3
21 9
22 7
23 1
24 7
25 10
DEPOT_SECTION
 1
 -1
 EOF 