NAME: I3869-n47-k5
COMMENT : (Fake et al, No of trucks: 5, Optimal value: )
TYPE : CVRP
DIMENSION : 47
EDGE_WEIGHT_TYPE : EUC_2D
CAPACITY : 32
NODE_COORD_SECTION
1 841 640
2 371 947
3 52 588
4 551 651
5 526 58
6 948 469
7 904 324
8 186 461
9 541 28
10 520 654
11 224 984
12 75 325
13 545 149
14 828 624
15 531 263
16 118 282
17 780 449
18 400 77
19 245 605
20 602 118
21 928 70
22 664 594
23 103 180
24 433 741
25 843 670
26 637 789
27 778 378
28 532 938
29 504 251
30 300 706
31 92 941
32 137 371
33 580 192
34 696 321
35 96 888
36 933 668
37 850 927
38 107 208
39 133 182
40 494 252
41 497 293
42 663 193
43 598 627
44 799 177
45 201 235
46 763 25
47 707 419
DEMAND_SECTION
1 0
2 5
3 4
4 3
5 3
6 3
7 1
8 5
9 5
10 5
11 1
12 2
13 1
14 5
15 2
16 5
17 3
18 1
19 3
20 1
21 3
22 4
23 1
24 2
25 4
26 2
27 2
28 2
29 1
30 5
31 5
32 5
33 5
34 4
35 2
36 4
37 4
38 1
39 5
40 2
41 5
42 2
43 2
44 1
45 2
46 5
47 2
DEPOT_SECTION
 1
 -1
 EOF 