NAME: I3909-n50-k6
COMMENT : (Fake et al, No of trucks: 6, Optimal value: )
TYPE : CVRP
DIMENSION : 50
EDGE_WEIGHT_TYPE : EUC_2D
CAPACITY : 55
NODE_COORD_SECTION
1 164 977
2 87 711
3 411 712
4 74 307
5 735 864
6 527 502
7 778 507
8 709 505
9 524 613
10 180 753
11 656 432
12 461 880
13 211 251
14 479 626
15 536 394
16 556 747
17 19 80
18 911 559
19 757 357
20 207 717
21 643 221
22 901 736
23 113 663
24 869 773
25 444 294
26 462 605
27 242 601
28 925 708
29 513 58
30 55 253
31 441 977
32 870 343
33 947 955
34 203 589
35 218 638
36 181 356
37 84 834
38 524 898
39 391 891
40 767 189
41 842 340
42 862 162
43 596 491
44 755 191
45 512 392
46 303 542
47 278 821
48 611 280
49 765 177
50 295 881
DEMAND_SECTION
1 0
2 10
3 5
4 9
5 8
6 6
7 6
8 1
9 9
10 1
11 7
12 1
13 4
14 8
15 5
16 8
17 5
18 1
19 8
20 9
21 9
22 7
23 1
24 5
25 6
26 8
27 7
28 2
29 9
30 3
31 1
32 4
33 5
34 8
35 5
36 10
37 1
38 7
39 7
40 8
41 4
42 4
43 5
44 6
45 1
46 4
47 8
48 9
49 2
50 7
DEPOT_SECTION
 1
 -1
 EOF 