NAME: I3915-n49-k5
COMMENT : (Fake et al, No of trucks: 5, Optimal value: )
TYPE : CVRP
DIMENSION : 49
EDGE_WEIGHT_TYPE : EUC_2D
CAPACITY : 27
NODE_COORD_SECTION
1 833 386
2 192 305
3 389 906
4 316 573
5 647 42
6 299 672
7 635 964
8 864 187
9 836 486
10 891 591
11 489 641
12 512 408
13 262 927
14 827 443
15 65 662
16 430 287
17 186 242
18 279 626
19 804 459
20 801 435
21 853 814
22 360 249
23 275 989
24 774 908
25 688 166
26 370 535
27 601 358
28 168 461
29 231 859
30 212 387
31 218 393
32 495 3
33 474 967
34 416 476
35 632 287
36 371 250
37 197 214
38 682 927
39 739 671
40 587 960
41 762 416
42 599 538
43 944 471
44 441 457
45 771 88
46 831 154
47 9 379
48 390 127
49 832 884
DEMAND_SECTION
1 0
2 4
3 2
4 1
5 2
6 4
7 1
8 1
9 1
10 2
11 4
12 3
13 2
14 4
15 4
16 3
17 2
18 2
19 2
20 1
21 1
22 2
23 1
24 4
25 3
26 4
27 1
28 4
29 1
30 1
31 4
32 1
33 3
34 1
35 4
36 2
37 2
38 3
39 2
40 2
41 1
42 4
43 3
44 4
45 1
46 1
47 3
48 3
49 1
DEPOT_SECTION
 1
 -1
 EOF 