NAME: I3920-n25-k5
COMMENT : (Fake et al, No of trucks: 5, Optimal value: )
TYPE : CVRP
DIMENSION : 25
EDGE_WEIGHT_TYPE : EUC_2D
CAPACITY : 20
NODE_COORD_SECTION
1 122 36
2 694 992
3 456 784
4 888 451
5 724 977
6 122 434
7 384 689
8 120 665
9 558 34
10 720 126
11 331 400
12 985 351
13 409 985
14 617 633
15 74 754
16 400 453
17 722 30
18 377 70
19 313 271
20 918 210
21 40 410
22 449 97
23 473 157
24 79 46
25 52 632
DEMAND_SECTION
1 0
2 7
3 7
4 1
5 7
6 2
7 5
8 7
9 4
10 1
11 6
12 3
13 4
14 6
15 1
16 3
17 4
18 5
19 1
20 5
21 2
22 1
23 3
24 5
25 2
DEPOT_SECTION
 1
 -1
 EOF 