NAME: I3926-n44-k3
COMMENT : (Fake et al, No of trucks: 3, Optimal value: )
TYPE : CVRP
DIMENSION : 44
EDGE_WEIGHT_TYPE : EUC_2D
CAPACITY : 69
NODE_COORD_SECTION
1 979 544
2 655 955
3 839 656
4 252 952
5 988 850
6 486 671
7 407 543
8 823 37
9 870 442
10 177 540
11 104 552
12 467 959
13 113 595
14 603 226
15 529 302
16 380 776
17 648 475
18 546 821
19 203 463
20 170 716
21 529 919
22 973 87
23 183 370
24 382 597
25 155 405
26 413 235
27 365 837
28 444 455
29 803 310
30 243 66
31 194 275
32 488 368
33 913 85
34 653 112
35 456 916
36 214 273
37 496 535
38 950 738
39 241 177
40 297 840
41 250 196
42 937 97
43 291 156
44 668 592
DEMAND_SECTION
1 0
2 7
3 5
4 2
5 2
6 4
7 6
8 7
9 4
10 6
11 2
12 1
13 3
14 6
15 7
16 3
17 1
18 1
19 3
20 7
21 1
22 6
23 4
24 6
25 6
26 5
27 6
28 6
29 1
30 4
31 2
32 5
33 7
34 3
35 7
36 7
37 1
38 2
39 3
40 5
41 1
42 1
43 6
44 3
DEPOT_SECTION
 1
 -1
 EOF 