NAME: I3972-n26-k5
COMMENT : (Fake et al, No of trucks: 5, Optimal value: )
TYPE : CVRP
DIMENSION : 26
EDGE_WEIGHT_TYPE : EUC_2D
CAPACITY : 15
NODE_COORD_SECTION
1 593 479
2 431 281
3 565 352
4 357 728
5 82 987
6 772 236
7 403 154
8 493 981
9 628 426
10 142 356
11 400 388
12 581 274
13 400 656
14 716 107
15 33 918
16 740 138
17 28 514
18 948 933
19 957 253
20 692 871
21 668 522
22 300 334
23 890 110
24 817 8
25 26 596
26 910 290
DEMAND_SECTION
1 0
2 5
3 3
4 2
5 1
6 3
7 5
8 2
9 4
10 1
11 4
12 1
13 5
14 3
15 1
16 5
17 4
18 3
19 1
20 1
21 1
22 1
23 5
24 2
25 2
26 2
DEPOT_SECTION
 1
 -1
 EOF 