NAME: I4074-n33-k4
COMMENT : (Fake et al, No of trucks: 4, Optimal value: )
TYPE : CVRP
DIMENSION : 33
EDGE_WEIGHT_TYPE : EUC_2D
CAPACITY : 31
NODE_COORD_SECTION
1 855 826
2 132 346
3 0 925
4 522 849
5 258 544
6 235 828
7 940 529
8 37 118
9 63 628
10 289 123
11 527 178
12 10 723
13 279 542
14 329 989
15 524 300
16 553 853
17 937 171
18 443 970
19 763 254
20 232 524
21 898 741
22 145 123
23 48 519
24 76 879
25 762 469
26 17 270
27 857 50
28 809 180
29 943 606
30 205 79
31 359 623
32 322 817
33 232 470
DEMAND_SECTION
1 0
2 1
3 3
4 4
5 5
6 1
7 6
8 3
9 3
10 6
11 6
12 5
13 6
14 3
15 3
16 5
17 3
18 3
19 3
20 5
21 1
22 6
23 3
24 6
25 2
26 1
27 1
28 2
29 2
30 3
31 4
32 1
33 1
DEPOT_SECTION
 1
 -1
 EOF 