NAME: I4114-n28-k3
COMMENT : (Fake et al, No of trucks: 3, Optimal value: )
TYPE : CVRP
DIMENSION : 28
EDGE_WEIGHT_TYPE : EUC_2D
CAPACITY : 19
NODE_COORD_SECTION
1 255 984
2 685 159
3 548 375
4 900 28
5 976 867
6 882 777
7 377 38
8 613 628
9 693 80
10 917 976
11 250 66
12 602 123
13 947 785
14 651 279
15 386 309
16 381 431
17 68 506
18 860 346
19 400 386
20 975 698
21 933 206
22 984 276
23 883 785
24 549 297
25 961 528
26 855 718
27 789 555
28 1000 234
DEMAND_SECTION
1 0
2 1
3 1
4 2
5 2
6 1
7 3
8 2
9 2
10 1
11 1
12 2
13 1
14 3
15 2
16 2
17 1
18 2
19 2
20 1
21 2
22 1
23 2
24 2
25 3
26 1
27 3
28 2
DEPOT_SECTION
 1
 -1
 EOF 