NAME: I4253-n43-k4
COMMENT : (Fake et al, No of trucks: 4, Optimal value: )
TYPE : CVRP
DIMENSION : 43
EDGE_WEIGHT_TYPE : EUC_2D
CAPACITY : 49
NODE_COORD_SECTION
1 598 134
2 754 796
3 733 995
4 591 862
5 353 594
6 147 139
7 841 34
8 346 527
9 660 739
10 225 587
11 798 123
12 439 476
13 198 67
14 38 836
15 931 801
16 569 563
17 423 533
18 607 310
19 682 503
20 458 709
21 409 779
22 581 977
23 170 1
24 292 265
25 332 653
26 351 677
27 194 921
28 434 763
29 673 358
30 553 308
31 676 484
32 596 809
33 219 918
34 843 953
35 423 972
36 203 298
37 328 829
38 669 318
39 223 314
40 279 914
41 685 127
42 180 190
43 962 969
DEMAND_SECTION
1 0
2 3
3 6
4 2
5 2
6 3
7 5
8 6
9 4
10 7
11 5
12 6
13 5
14 3
15 5
16 4
17 2
18 7
19 5
20 4
21 5
22 2
23 3
24 7
25 1
26 7
27 4
28 5
29 4
30 4
31 1
32 3
33 5
34 6
35 1
36 6
37 2
38 4
39 4
40 7
41 3
42 5
43 5
DEPOT_SECTION
 1
 -1
 EOF 