NAME: I4283-n26-k3
COMMENT : (Fake et al, No of trucks: 3, Optimal value: )
TYPE : CVRP
DIMENSION : 26
EDGE_WEIGHT_TYPE : EUC_2D
CAPACITY : 16
NODE_COORD_SECTION
1 405 911
2 943 931
3 136 550
4 778 393
5 226 1
6 395 849
7 423 677
8 938 187
9 3 324
10 611 0
11 445 762
12 178 420
13 963 301
14 557 215
15 512 799
16 79 614
17 819 457
18 290 378
19 247 369
20 867 590
21 308 328
22 138 822
23 599 613
24 446 705
25 187 764
26 462 918
DEMAND_SECTION
1 0
2 1
3 2
4 1
5 1
6 1
7 1
8 2
9 2
10 1
11 1
12 2
13 2
14 2
15 2
16 1
17 2
18 1
19 2
20 2
21 1
22 2
23 1
24 2
25 2
26 2
DEPOT_SECTION
 1
 -1
 EOF 