NAME: I4290-n31-k5
COMMENT : (Fake et al, No of trucks: 5, Optimal value: )
TYPE : CVRP
DIMENSION : 31
EDGE_WEIGHT_TYPE : EUC_2D
CAPACITY : 42
NODE_COORD_SECTION
1 850 725
2 146 933
3 263 96
4 727 658
5 344 703
6 80 625
7 16 219
8 854 303
9 549 203
10 515 707
11 190 198
12 896 114
13 291 892
14 870 12
15 875 635
16 423 90
17 822 83
18 512 855
19 153 59
20 826 213
21 177 898
22 116 827
23 573 741
24 269 692
25 48 314
26 3 17
27 549 20
28 792 96
29 891 416
30 421 324
31 477 112
DEMAND_SECTION
1 0
2 11
3 1
4 1
5 3
6 6
7 3
8 1
9 10
10 7
11 9
12 11
13 5
14 2
15 11
16 10
17 6
18 6
19 8
20 4
21 5
22 2
23 5
24 2
25 2
26 5
27 1
28 8
29 9
30 9
31 7
DEPOT_SECTION
 1
 -1
 EOF 