NAME: I4292-n26-k4
COMMENT : (Fake et al, No of trucks: 4, Optimal value: )
TYPE : CVRP
DIMENSION : 26
EDGE_WEIGHT_TYPE : EUC_2D
CAPACITY : 15
NODE_COORD_SECTION
1 994 743
2 335 225
3 91 951
4 715 184
5 818 832
6 595 614
7 456 130
8 297 170
9 486 38
10 156 137
11 186 464
12 48 32
13 622 344
14 565 524
15 919 8
16 602 365
17 825 579
18 201 281
19 292 996
20 401 608
21 477 319
22 635 854
23 655 158
24 375 646
25 378 174
26 97 212
DEMAND_SECTION
1 0
2 1
3 2
4 2
5 2
6 1
7 3
8 1
9 1
10 3
11 2
12 2
13 3
14 1
15 3
16 3
17 2
18 1
19 2
20 1
21 2
22 1
23 2
24 3
25 3
26 3
DEPOT_SECTION
 1
 -1
 EOF 