NAME: I4312-n36-k3
COMMENT : (Fake et al, No of trucks: 3, Optimal value: )
TYPE : CVRP
DIMENSION : 36
EDGE_WEIGHT_TYPE : EUC_2D
CAPACITY : 14
NODE_COORD_SECTION
1 344 688
2 697 64
3 513 209
4 971 126
5 470 638
6 177 875
7 690 154
8 450 750
9 444 366
10 808 715
11 305 54
12 369 387
13 128 517
14 133 320
15 706 497
16 157 246
17 409 829
18 300 184
19 617 119
20 104 940
21 233 735
22 922 379
23 727 717
24 788 918
25 885 463
26 684 479
27 163 616
28 67 47
29 893 268
30 156 36
31 351 362
32 500 463
33 292 84
34 525 844
35 876 557
36 429 406
DEMAND_SECTION
1 0
2 1
3 1
4 1
5 1
6 1
7 1
8 1
9 1
10 1
11 1
12 1
13 1
14 1
15 1
16 1
17 1
18 1
19 1
20 1
21 1
22 1
23 1
24 1
25 1
26 1
27 1
28 1
29 1
30 1
31 1
32 1
33 1
34 1
35 1
36 1
DEPOT_SECTION
 1
 -1
 EOF 