NAME: I4328-n24-k4
COMMENT : (Fake et al, No of trucks: 4, Optimal value: )
TYPE : CVRP
DIMENSION : 24
EDGE_WEIGHT_TYPE : EUC_2D
CAPACITY : 30
NODE_COORD_SECTION
1 274 364
2 579 787
3 254 128
4 348 271
5 619 919
6 10 13
7 689 138
8 358 270
9 721 716
10 931 245
11 665 940
12 513 252
13 275 43
14 106 258
15 340 426
16 947 122
17 940 279
18 8 911
19 528 512
20 424 175
21 448 809
22 321 334
23 96 809
24 642 785
DEMAND_SECTION
1 0
2 8
3 5
4 6
5 5
6 3
7 2
8 2
9 9
10 1
11 8
12 1
13 2
14 7
15 6
16 8
17 6
18 1
19 3
20 3
21 2
22 8
23 1
24 6
DEPOT_SECTION
 1
 -1
 EOF 