NAME: I4338-n34-k6
COMMENT : (Fake et al, No of trucks: 6, Optimal value: )
TYPE : CVRP
DIMENSION : 34
EDGE_WEIGHT_TYPE : EUC_2D
CAPACITY : 11
NODE_COORD_SECTION
1 687 539
2 686 132
3 484 578
4 761 27
5 180 731
6 309 599
7 716 371
8 54 113
9 676 52
10 986 959
11 315 724
12 885 364
13 783 366
14 163 40
15 724 348
16 302 826
17 595 93
18 821 956
19 70 414
20 985 82
21 879 958
22 900 23
23 323 797
24 816 679
25 39 721
26 607 977
27 686 586
28 531 308
29 518 245
30 455 876
31 465 121
32 629 578
33 730 997
34 170 691
DEMAND_SECTION
1 0
2 1
3 2
4 3
5 2
6 1
7 1
8 1
9 2
10 1
11 3
12 1
13 1
14 3
15 3
16 1
17 3
18 1
19 1
20 3
21 1
22 3
23 2
24 3
25 2
26 2
27 2
28 1
29 1
30 1
31 1
32 1
33 2
34 3
DEPOT_SECTION
 1
 -1
 EOF 