NAME: I4358-n34-k6
COMMENT : (Fake et al, No of trucks: 6, Optimal value: )
TYPE : CVRP
DIMENSION : 34
EDGE_WEIGHT_TYPE : EUC_2D
CAPACITY : 28
NODE_COORD_SECTION
1 729 12
2 623 973
3 896 963
4 771 604
5 634 541
6 712 761
7 258 794
8 777 48
9 502 478
10 476 130
11 39 576
12 624 304
13 653 104
14 189 751
15 407 173
16 195 640
17 866 431
18 29 325
19 827 474
20 95 595
21 340 169
22 442 43
23 931 394
24 479 588
25 407 103
26 428 837
27 100 698
28 956 489
29 467 714
30 861 742
31 302 209
32 18 442
33 265 137
34 420 223
DEMAND_SECTION
1 0
2 7
3 6
4 1
5 5
6 1
7 5
8 2
9 5
10 1
11 5
12 3
13 6
14 7
15 1
16 2
17 7
18 7
19 1
20 8
21 2
22 1
23 4
24 4
25 4
26 5
27 2
28 3
29 5
30 4
31 4
32 8
33 8
34 7
DEPOT_SECTION
 1
 -1
 EOF 