NAME: I4429-n38-k5
COMMENT : (Fake et al, No of trucks: 5, Optimal value: )
TYPE : CVRP
DIMENSION : 38
EDGE_WEIGHT_TYPE : EUC_2D
CAPACITY : 17
NODE_COORD_SECTION
1 607 206
2 950 180
3 241 201
4 760 735
5 601 845
6 305 664
7 599 305
8 315 738
9 993 28
10 293 104
11 198 608
12 835 93
13 758 384
14 984 648
15 195 14
16 558 301
17 550 22
18 41 376
19 871 954
20 851 500
21 318 113
22 571 919
23 24 564
24 98 386
25 550 532
26 933 780
27 297 350
28 732 663
29 717 781
30 138 9
31 203 567
32 596 60
33 198 904
34 745 916
35 401 699
36 210 721
37 11 805
38 76 927
DEMAND_SECTION
1 0
2 2
3 1
4 3
5 3
6 2
7 1
8 2
9 2
10 1
11 3
12 3
13 2
14 2
15 2
16 2
17 2
18 1
19 1
20 2
21 1
22 3
23 2
24 2
25 1
26 2
27 1
28 3
29 1
30 2
31 3
32 3
33 3
34 1
35 3
36 1
37 2
38 2
DEPOT_SECTION
 1
 -1
 EOF 