NAME: I4461-n35-k5
COMMENT : (Fake et al, No of trucks: 5, Optimal value: )
TYPE : CVRP
DIMENSION : 35
EDGE_WEIGHT_TYPE : EUC_2D
CAPACITY : 25
NODE_COORD_SECTION
1 785 431
2 894 960
3 710 957
4 47 822
5 974 139
6 349 71
7 157 864
8 495 602
9 574 816
10 667 845
11 957 190
12 609 316
13 312 183
14 157 111
15 158 217
16 29 120
17 35 731
18 224 931
19 247 856
20 477 458
21 622 691
22 79 669
23 873 86
24 671 322
25 53 86
26 273 507
27 946 553
28 604 523
29 315 169
30 977 322
31 777 325
32 545 382
33 562 427
34 422 578
35 58 526
DEMAND_SECTION
1 0
2 3
3 5
4 5
5 2
6 4
7 4
8 1
9 1
10 3
11 2
12 2
13 2
14 3
15 5
16 2
17 2
18 4
19 1
20 3
21 5
22 4
23 3
24 4
25 2
26 3
27 5
28 1
29 5
30 3
31 1
32 1
33 3
34 4
35 3
DEPOT_SECTION
 1
 -1
 EOF 