NAME: I4477-n38-k4
COMMENT : (Fake et al, No of trucks: 4, Optimal value: )
TYPE : CVRP
DIMENSION : 38
EDGE_WEIGHT_TYPE : EUC_2D
CAPACITY : 43
NODE_COORD_SECTION
1 955 149
2 893 438
3 861 361
4 429 755
5 176 288
6 419 44
7 142 396
8 304 435
9 81 837
10 876 238
11 766 677
12 603 549
13 91 649
14 805 114
15 410 311
16 81 176
17 611 740
18 884 197
19 753 637
20 887 708
21 387 500
22 40 915
23 822 45
24 237 997
25 129 776
26 700 577
27 454 2
28 689 394
29 104 728
30 578 246
31 75 320
32 499 507
33 779 904
34 988 829
35 199 871
36 485 130
37 353 254
38 997 531
DEMAND_SECTION
1 0
2 2
3 4
4 4
5 7
6 7
7 3
8 6
9 5
10 5
11 7
12 3
13 1
14 3
15 4
16 7
17 2
18 3
19 4
20 4
21 2
22 1
23 4
24 7
25 7
26 2
27 6
28 4
29 6
30 2
31 4
32 3
33 4
34 1
35 2
36 6
37 3
38 2
DEPOT_SECTION
 1
 -1
 EOF 