NAME: I4530-n24-k5
COMMENT : (Fake et al, No of trucks: 5, Optimal value: )
TYPE : CVRP
DIMENSION : 24
EDGE_WEIGHT_TYPE : EUC_2D
CAPACITY : 6
NODE_COORD_SECTION
1 279 456
2 147 400
3 233 37
4 80 886
5 936 750
6 935 703
7 274 22
8 215 340
9 974 571
10 418 265
11 955 622
12 672 286
13 652 995
14 780 763
15 358 621
16 623 751
17 561 133
18 103 331
19 496 405
20 777 177
21 743 77
22 935 501
23 811 544
24 189 852
DEMAND_SECTION
1 0
2 1
3 1
4 1
5 1
6 1
7 1
8 1
9 1
10 1
11 1
12 1
13 1
14 1
15 1
16 1
17 1
18 1
19 1
20 1
21 1
22 1
23 1
24 1
DEPOT_SECTION
 1
 -1
 EOF 