NAME: I4572-n46-k5
COMMENT : (Fake et al, No of trucks: 5, Optimal value: )
TYPE : CVRP
DIMENSION : 46
EDGE_WEIGHT_TYPE : EUC_2D
CAPACITY : 62
NODE_COORD_SECTION
1 613 807
2 447 507
3 135 785
4 125 608
5 505 19
6 447 54
7 44 599
8 29 519
9 85 867
10 167 312
11 364 758
12 574 531
13 165 130
14 204 541
15 95 701
16 160 875
17 690 650
18 618 811
19 909 897
20 1 758
21 842 810
22 27 788
23 813 774
24 705 585
25 335 423
26 361 934
27 493 623
28 210 561
29 792 511
30 593 277
31 107 444
32 491 529
33 29 123
34 786 936
35 142 368
36 678 403
37 583 702
38 321 556
39 138 576
40 331 958
41 843 699
42 482 84
43 197 802
44 62 945
45 765 275
46 898 80
DEMAND_SECTION
1 0
2 5
3 9
4 11
5 2
6 1
7 2
8 2
9 1
10 5
11 10
12 2
13 6
14 10
15 10
16 3
17 1
18 11
19 9
20 6
21 5
22 9
23 4
24 10
25 9
26 3
27 6
28 1
29 9
30 8
31 7
32 3
33 8
34 11
35 11
36 1
37 11
38 5
39 2
40 1
41 4
42 9
43 4
44 8
45 10
46 1
DEPOT_SECTION
 1
 -1
 EOF 