NAME: I4583-n39-k6
COMMENT : (Fake et al, No of trucks: 6, Optimal value: )
TYPE : CVRP
DIMENSION : 39
EDGE_WEIGHT_TYPE : EUC_2D
CAPACITY : 14
NODE_COORD_SECTION
1 506 827
2 322 216
3 740 382
4 674 153
5 659 291
6 837 683
7 347 941
8 194 684
9 789 102
10 402 148
11 135 416
12 228 828
13 801 323
14 827 617
15 777 929
16 849 643
17 704 394
18 828 404
19 57 493
20 978 622
21 987 86
22 987 399
23 404 170
24 946 362
25 128 857
26 647 98
27 684 570
28 573 175
29 157 937
30 775 811
31 224 734
32 722 544
33 520 132
34 844 869
35 910 726
36 271 831
37 764 757
38 624 393
39 562 189
DEMAND_SECTION
1 0
2 3
3 3
4 1
5 2
6 2
7 2
8 2
9 1
10 3
11 2
12 1
13 1
14 1
15 3
16 1
17 3
18 3
19 1
20 3
21 2
22 1
23 3
24 1
25 1
26 2
27 3
28 1
29 2
30 1
31 2
32 1
33 2
34 1
35 2
36 1
37 1
38 2
39 1
DEPOT_SECTION
 1
 -1
 EOF 