NAME: I4637-n28-k3
COMMENT : (Fake et al, No of trucks: 3, Optimal value: )
TYPE : CVRP
DIMENSION : 28
EDGE_WEIGHT_TYPE : EUC_2D
CAPACITY : 60
NODE_COORD_SECTION
1 278 853
2 727 713
3 913 100
4 530 429
5 982 444
6 527 233
7 402 302
8 263 361
9 365 543
10 336 438
11 690 672
12 718 76
13 923 237
14 901 114
15 218 361
16 638 234
17 347 760
18 714 613
19 413 556
20 261 778
21 381 273
22 455 762
23 562 237
24 559 264
25 518 394
26 937 716
27 48 781
28 128 964
DEMAND_SECTION
1 0
2 7
3 10
4 9
5 6
6 9
7 7
8 2
9 7
10 9
11 3
12 3
13 3
14 3
15 5
16 4
17 2
18 2
19 8
20 2
21 3
22 2
23 9
24 5
25 7
26 8
27 1
28 10
DEPOT_SECTION
 1
 -1
 EOF 