NAME: I4643-n32-k3
COMMENT : (Fake et al, No of trucks: 3, Optimal value: )
TYPE : CVRP
DIMENSION : 32
EDGE_WEIGHT_TYPE : EUC_2D
CAPACITY : 53
NODE_COORD_SECTION
1 619 530
2 353 721
3 63 181
4 270 796
5 648 863
6 763 96
7 492 786
8 597 374
9 681 69
10 831 218
11 585 302
12 477 439
13 214 471
14 566 834
15 721 368
16 410 799
17 361 563
18 550 844
19 969 625
20 970 261
21 595 158
22 779 141
23 617 549
24 610 695
25 589 164
26 603 120
27 26 707
28 824 310
29 228 126
30 245 13
31 257 90
32 51 170
DEMAND_SECTION
1 0
2 4
3 6
4 3
5 8
6 2
7 7
8 7
9 1
10 2
11 5
12 4
13 4
14 2
15 4
16 1
17 2
18 8
19 2
20 4
21 2
22 6
23 8
24 4
25 1
26 8
27 3
28 6
29 6
30 3
31 5
32 2
DEPOT_SECTION
 1
 -1
 EOF 