NAME: I4659-n50-k6
COMMENT : (Fake et al, No of trucks: 6, Optimal value: )
TYPE : CVRP
DIMENSION : 50
EDGE_WEIGHT_TYPE : EUC_2D
CAPACITY : 21
NODE_COORD_SECTION
1 823 500
2 53 886
3 773 24
4 672 674
5 964 945
6 62 58
7 4 387
8 344 381
9 793 995
10 469 590
11 933 85
12 686 297
13 20 837
14 44 498
15 521 922
16 133 519
17 561 734
18 126 266
19 961 107
20 915 968
21 198 950
22 563 196
23 477 537
24 487 199
25 163 672
26 889 90
27 518 425
28 173 285
29 587 223
30 552 543
31 85 392
32 909 758
33 155 250
34 912 1000
35 250 987
36 61 242
37 820 641
38 499 209
39 679 478
40 830 457
41 730 357
42 78 548
43 51 579
44 689 320
45 460 994
46 50 190
47 398 898
48 594 167
49 484 3
50 584 154
DEMAND_SECTION
1 0
2 3
3 2
4 2
5 3
6 1
7 2
8 4
9 1
10 1
11 1
12 1
13 3
14 4
15 1
16 3
17 2
18 1
19 3
20 3
21 3
22 4
23 2
24 1
25 4
26 1
27 2
28 4
29 1
30 1
31 4
32 1
33 1
34 4
35 3
36 2
37 1
38 4
39 4
40 4
41 1
42 1
43 2
44 3
45 2
46 2
47 1
48 1
49 2
50 2
DEPOT_SECTION
 1
 -1
 EOF 