NAME: I4684-n30-k4
COMMENT : (Fake et al, No of trucks: 4, Optimal value: )
TYPE : CVRP
DIMENSION : 30
EDGE_WEIGHT_TYPE : EUC_2D
CAPACITY : 35
NODE_COORD_SECTION
1 595 650
2 830 28
3 258 807
4 271 842
5 373 376
6 226 741
7 133 350
8 253 365
9 163 993
10 384 930
11 256 151
12 567 228
13 256 66
14 38 855
15 429 808
16 116 914
17 124 380
18 500 178
19 722 330
20 61 319
21 802 287
22 916 938
23 645 122
24 641 412
25 597 452
26 643 362
27 219 938
28 493 301
29 916 785
30 371 94
DEMAND_SECTION
1 0
2 4
3 8
4 2
5 1
6 2
7 2
8 5
9 8
10 3
11 8
12 1
13 2
14 6
15 2
16 2
17 1
18 3
19 4
20 5
21 7
22 1
23 5
24 2
25 1
26 5
27 6
28 7
29 8
30 5
DEPOT_SECTION
 1
 -1
 EOF 