NAME: I4701-n42-k5
COMMENT : (Fake et al, No of trucks: 5, Optimal value: )
TYPE : CVRP
DIMENSION : 42
EDGE_WEIGHT_TYPE : EUC_2D
CAPACITY : 47
NODE_COORD_SECTION
1 13 101
2 273 392
3 585 855
4 596 770
5 165 990
6 916 452
7 754 467
8 326 125
9 837 841
10 934 495
11 597 358
12 440 462
13 401 562
14 842 360
15 747 680
16 690 135
17 622 5
18 438 987
19 382 451
20 124 607
21 782 74
22 346 711
23 686 890
24 942 752
25 657 571
26 932 501
27 220 362
28 758 295
29 224 210
30 711 268
31 631 835
32 679 722
33 457 156
34 537 147
35 703 812
36 833 523
37 29 158
38 513 668
39 18 912
40 418 104
41 915 660
42 991 65
DEMAND_SECTION
1 0
2 2
3 8
4 8
5 1
6 6
7 3
8 1
9 6
10 4
11 4
12 6
13 7
14 2
15 5
16 5
17 6
18 7
19 5
20 7
21 8
22 8
23 7
24 5
25 8
26 6
27 2
28 8
29 8
30 7
31 6
32 7
33 6
34 4
35 7
36 1
37 4
38 4
39 8
40 7
41 1
42 2
DEPOT_SECTION
 1
 -1
 EOF 