NAME: I4720-n37-k3
COMMENT : (Fake et al, No of trucks: 3, Optimal value: )
TYPE : CVRP
DIMENSION : 37
EDGE_WEIGHT_TYPE : EUC_2D
CAPACITY : 90
NODE_COORD_SECTION
1 198 846
2 911 700
3 125 962
4 427 267
5 193 559
6 321 577
7 115 636
8 852 561
9 199 879
10 877 17
11 671 22
12 202 663
13 756 964
14 380 120
15 897 862
16 661 366
17 476 887
18 356 221
19 246 623
20 572 235
21 928 875
22 49 91
23 658 877
24 420 921
25 40 881
26 852 330
27 693 249
28 385 41
29 762 588
30 304 956
31 171 918
32 973 703
33 494 514
34 130 433
35 323 833
36 950 156
37 628 725
DEMAND_SECTION
1 0
2 5
3 9
4 5
5 5
6 11
7 4
8 4
9 9
10 8
11 5
12 2
13 1
14 10
15 10
16 10
17 9
18 7
19 9
20 8
21 9
22 3
23 5
24 8
25 8
26 5
27 10
28 10
29 4
30 11
31 11
32 3
33 1
34 7
35 10
36 4
37 10
DEPOT_SECTION
 1
 -1
 EOF 