NAME: I4827-n38-k5
COMMENT : (Fake et al, No of trucks: 5, Optimal value: )
TYPE : CVRP
DIMENSION : 38
EDGE_WEIGHT_TYPE : EUC_2D
CAPACITY : 53
NODE_COORD_SECTION
1 930 759
2 909 827
3 556 657
4 215 860
5 355 654
6 106 965
7 199 189
8 968 429
9 169 895
10 261 363
11 51 843
12 662 348
13 325 224
14 884 147
15 564 722
16 199 679
17 279 465
18 418 174
19 68 613
20 473 523
21 795 905
22 346 961
23 950 806
24 342 474
25 358 908
26 828 476
27 943 124
28 615 255
29 381 708
30 786 468
31 508 441
32 847 901
33 279 216
34 369 264
35 500 372
36 654 502
37 396 246
38 395 827
DEMAND_SECTION
1 0
2 7
3 9
4 4
5 4
6 1
7 10
8 7
9 10
10 9
11 6
12 4
13 11
14 11
15 2
16 5
17 7
18 4
19 9
20 5
21 8
22 6
23 10
24 5
25 2
26 9
27 10
28 6
29 10
30 7
31 6
32 7
33 10
34 3
35 7
36 2
37 11
38 3
DEPOT_SECTION
 1
 -1
 EOF 