NAME: I4836-n46-k3
COMMENT : (Fake et al, No of trucks: 3, Optimal value: )
TYPE : CVRP
DIMENSION : 46
EDGE_WEIGHT_TYPE : EUC_2D
CAPACITY : 17
NODE_COORD_SECTION
1 876 948
2 852 754
3 527 194
4 891 942
5 350 624
6 812 917
7 128 729
8 154 514
9 855 447
10 121 863
11 837 17
12 548 44
13 602 244
14 978 312
15 452 753
16 354 565
17 583 243
18 978 619
19 362 49
20 930 395
21 890 425
22 944 473
23 911 597
24 131 699
25 756 210
26 528 290
27 872 547
28 326 129
29 117 210
30 392 913
31 134 532
32 761 511
33 652 750
34 726 344
35 897 52
36 684 114
37 255 103
38 666 982
39 552 907
40 717 421
41 596 967
42 29 609
43 367 676
44 400 976
45 20 628
46 389 430
DEMAND_SECTION
1 0
2 1
3 1
4 1
5 1
6 1
7 1
8 1
9 1
10 1
11 1
12 1
13 1
14 1
15 1
16 1
17 1
18 1
19 1
20 1
21 1
22 1
23 1
24 1
25 1
26 1
27 1
28 1
29 1
30 1
31 1
32 1
33 1
34 1
35 1
36 1
37 1
38 1
39 1
40 1
41 1
42 1
43 1
44 1
45 1
46 1
DEPOT_SECTION
 1
 -1
 EOF 