NAME: I4858-n46-k4
COMMENT : (Fake et al, No of trucks: 4, Optimal value: )
TYPE : CVRP
DIMENSION : 46
EDGE_WEIGHT_TYPE : EUC_2D
CAPACITY : 14
NODE_COORD_SECTION
1 825 594
2 859 753
3 858 873
4 431 600
5 769 697
6 224 173
7 569 965
8 612 871
9 237 807
10 350 172
11 208 504
12 468 448
13 897 761
14 651 453
15 818 801
16 901 809
17 79 813
18 439 712
19 207 338
20 566 272
21 782 321
22 691 445
23 442 665
24 279 63
25 762 508
26 75 599
27 544 724
28 940 891
29 160 256
30 453 364
31 959 254
32 593 586
33 86 364
34 16 416
35 238 777
36 680 471
37 6 154
38 456 859
39 409 635
40 364 49
41 973 953
42 512 268
43 185 572
44 262 414
45 449 750
46 369 651
DEMAND_SECTION
1 0
2 1
3 1
4 1
5 1
6 1
7 1
8 1
9 1
10 1
11 1
12 1
13 1
14 1
15 1
16 1
17 1
18 1
19 1
20 1
21 1
22 1
23 1
24 1
25 1
26 1
27 1
28 1
29 1
30 1
31 1
32 1
33 1
34 1
35 1
36 1
37 1
38 1
39 1
40 1
41 1
42 1
43 1
44 1
45 1
46 1
DEPOT_SECTION
 1
 -1
 EOF 