NAME: I4865-n49-k4
COMMENT : (Fake et al, No of trucks: 4, Optimal value: )
TYPE : CVRP
DIMENSION : 49
EDGE_WEIGHT_TYPE : EUC_2D
CAPACITY : 35
NODE_COORD_SECTION
1 911 395
2 823 835
3 350 41
4 711 581
5 484 524
6 964 106
7 990 15
8 546 800
9 667 278
10 989 963
11 976 485
12 278 445
13 901 869
14 8 302
15 249 692
16 329 182
17 364 2
18 592 30
19 98 426
20 993 285
21 77 561
22 129 725
23 957 550
24 246 571
25 195 79
26 9 450
27 179 164
28 234 838
29 370 905
30 889 738
31 10 189
32 865 528
33 104 39
34 574 646
35 953 201
36 651 783
37 215 375
38 933 100
39 986 36
40 964 35
41 839 722
42 51 541
43 951 944
44 576 470
45 91 450
46 238 151
47 747 756
48 579 378
49 401 931
DEMAND_SECTION
1 0
2 3
3 2
4 1
5 1
6 3
7 2
8 3
9 2
10 1
11 3
12 1
13 4
14 4
15 4
16 2
17 3
18 2
19 1
20 1
21 4
22 3
23 1
24 2
25 2
26 3
27 3
28 1
29 2
30 3
31 4
32 3
33 3
34 3
35 2
36 2
37 1
38 1
39 2
40 1
41 3
42 3
43 2
44 3
45 2
46 3
47 4
48 4
49 4
DEPOT_SECTION
 1
 -1
 EOF 