NAME: I4941-n49-k4
COMMENT : (Fake et al, No of trucks: 4, Optimal value: )
TYPE : CVRP
DIMENSION : 49
EDGE_WEIGHT_TYPE : EUC_2D
CAPACITY : 21
NODE_COORD_SECTION
1 638 89
2 502 533
3 393 681
4 451 710
5 323 222
6 967 601
7 11 413
8 143 424
9 134 17
10 218 443
11 497 738
12 466 564
13 432 428
14 223 879
15 110 132
16 816 540
17 174 550
18 302 465
19 555 703
20 345 634
21 294 426
22 874 337
23 818 783
24 802 875
25 452 873
26 291 650
27 873 826
28 429 730
29 782 798
30 681 28
31 660 390
32 27 415
33 690 464
34 871 12
35 524 553
36 451 297
37 391 711
38 561 245
39 833 815
40 225 402
41 908 195
42 834 973
43 475 202
44 122 852
45 976 627
46 89 499
47 341 717
48 259 974
49 655 473
DEMAND_SECTION
1 0
2 2
3 2
4 2
5 2
6 1
7 2
8 2
9 2
10 2
11 2
12 1
13 1
14 1
15 2
16 1
17 2
18 1
19 2
20 1
21 2
22 2
23 2
24 2
25 2
26 2
27 1
28 2
29 2
30 2
31 1
32 1
33 1
34 1
35 1
36 2
37 2
38 2
39 1
40 1
41 2
42 1
43 2
44 1
45 1
46 2
47 1
48 2
49 2
DEPOT_SECTION
 1
 -1
 EOF 