NAME: I4950-n34-k5
COMMENT : (Fake et al, No of trucks: 5, Optimal value: )
TYPE : CVRP
DIMENSION : 34
EDGE_WEIGHT_TYPE : EUC_2D
CAPACITY : 26
NODE_COORD_SECTION
1 556 276
2 308 669
3 284 506
4 986 75
5 366 110
6 150 387
7 771 420
8 953 286
9 325 765
10 570 593
11 763 995
12 105 110
13 392 610
14 186 475
15 626 50
16 601 147
17 106 508
18 922 36
19 944 477
20 194 141
21 353 158
22 784 724
23 511 842
24 347 908
25 365 957
26 341 744
27 851 269
28 680 73
29 865 529
30 20 70
31 203 700
32 142 626
33 830 833
34 194 906
DEMAND_SECTION
1 0
2 5
3 7
4 1
5 3
6 2
7 1
8 2
9 2
10 1
11 1
12 4
13 1
14 2
15 3
16 7
17 1
18 7
19 3
20 1
21 5
22 7
23 4
24 1
25 2
26 5
27 4
28 2
29 1
30 4
31 3
32 7
33 6
34 1
DEPOT_SECTION
 1
 -1
 EOF 