NAME: I5088-n27-k4
COMMENT : (Fake et al, No of trucks: 4, Optimal value: )
TYPE : CVRP
DIMENSION : 27
EDGE_WEIGHT_TYPE : EUC_2D
CAPACITY : 31
NODE_COORD_SECTION
1 271 971
2 993 746
3 239 507
4 469 963
5 63 270
6 745 760
7 366 392
8 230 425
9 305 401
10 864 563
11 349 210
12 657 513
13 232 776
14 62 842
15 502 270
16 609 296
17 986 654
18 542 837
19 491 810
20 886 658
21 537 819
22 493 890
23 81 506
24 572 94
25 837 195
26 12 288
27 500 302
DEMAND_SECTION
1 0
2 6
3 2
4 1
5 7
6 3
7 1
8 7
9 8
10 1
11 6
12 8
13 7
14 2
15 2
16 3
17 3
18 7
19 5
20 7
21 2
22 5
23 2
24 4
25 8
26 2
27 4
DEPOT_SECTION
 1
 -1
 EOF 