NAME: I5098-n41-k5
COMMENT : (Fake et al, No of trucks: 5, Optimal value: )
TYPE : CVRP
DIMENSION : 41
EDGE_WEIGHT_TYPE : EUC_2D
CAPACITY : 18
NODE_COORD_SECTION
1 75 498
2 195 712
3 617 721
4 503 353
5 680 996
6 397 476
7 551 656
8 456 895
9 421 700
10 307 719
11 281 230
12 115 561
13 441 969
14 494 152
15 157 251
16 314 334
17 550 57
18 415 333
19 152 744
20 635 825
21 964 777
22 81 195
23 913 397
24 961 596
25 431 209
26 750 460
27 719 213
28 356 607
29 723 271
30 886 63
31 335 429
32 944 184
33 224 757
34 473 520
35 451 369
36 359 470
37 322 741
38 944 336
39 470 72
40 181 700
41 171 309
DEMAND_SECTION
1 0
2 2
3 1
4 1
5 1
6 2
7 2
8 2
9 3
10 2
11 1
12 1
13 2
14 2
15 3
16 1
17 1
18 3
19 3
20 2
21 1
22 2
23 1
24 2
25 3
26 1
27 2
28 2
29 3
30 1
31 2
32 3
33 1
34 2
35 2
36 2
37 3
38 3
39 3
40 2
41 2
DEPOT_SECTION
 1
 -1
 EOF 