NAME: I5106-n43-k3
COMMENT : (Fake et al, No of trucks: 3, Optimal value: )
TYPE : CVRP
DIMENSION : 43
EDGE_WEIGHT_TYPE : EUC_2D
CAPACITY : 72
NODE_COORD_SECTION
1 439 658
2 736 610
3 483 698
4 231 532
5 576 537
6 932 362
7 817 850
8 778 782
9 634 758
10 981 552
11 508 883
12 379 539
13 560 155
14 975 654
15 686 247
16 688 811
17 171 316
18 761 746
19 786 920
20 664 2
21 9 443
22 423 131
23 377 52
24 350 332
25 923 405
26 961 479
27 228 639
28 932 983
29 570 383
30 279 111
31 942 881
32 484 389
33 499 496
34 267 340
35 440 361
36 599 980
37 662 402
38 167 153
39 625 53
40 251 566
41 461 338
42 685 465
43 150 42
DEMAND_SECTION
1 0
2 4
3 2
4 3
5 2
6 1
7 4
8 7
9 7
10 1
11 1
12 8
13 2
14 6
15 4
16 3
17 8
18 7
19 2
20 7
21 7
22 4
23 7
24 3
25 1
26 5
27 5
28 6
29 2
30 3
31 6
32 5
33 3
34 2
35 2
36 3
37 2
38 7
39 8
40 7
41 6
42 4
43 8
DEPOT_SECTION
 1
 -1
 EOF 