NAME: I5204-n38-k4
COMMENT : (Fake et al, No of trucks: 4, Optimal value: )
TYPE : CVRP
DIMENSION : 38
EDGE_WEIGHT_TYPE : EUC_2D
CAPACITY : 35
NODE_COORD_SECTION
1 500 808
2 825 236
3 172 301
4 728 277
5 679 140
6 841 677
7 380 226
8 343 789
9 578 867
10 682 246
11 951 146
12 880 794
13 218 988
14 447 670
15 418 346
16 810 433
17 982 390
18 352 636
19 167 171
20 130 86
21 933 541
22 44 597
23 914 832
24 422 102
25 428 847
26 548 801
27 590 98
28 769 848
29 127 568
30 818 746
31 64 854
32 351 97
33 213 510
34 141 221
35 172 535
36 249 376
37 127 0
38 921 829
DEMAND_SECTION
1 0
2 3
3 5
4 2
5 5
6 6
7 2
8 1
9 5
10 2
11 3
12 1
13 2
14 1
15 1
16 1
17 3
18 6
19 5
20 6
21 4
22 5
23 5
24 6
25 1
26 2
27 2
28 5
29 3
30 5
31 5
32 2
33 1
34 1
35 1
36 2
37 5
38 6
DEPOT_SECTION
 1
 -1
 EOF 