NAME: I5223-n35-k5
COMMENT : (Fake et al, No of trucks: 5, Optimal value: )
TYPE : CVRP
DIMENSION : 35
EDGE_WEIGHT_TYPE : EUC_2D
CAPACITY : 40
NODE_COORD_SECTION
1 322 257
2 59 250
3 264 839
4 822 518
5 851 773
6 408 397
7 537 841
8 128 313
9 987 204
10 334 972
11 310 332
12 479 332
13 780 730
14 783 696
15 409 859
16 305 332
17 206 383
18 531 635
19 720 347
20 732 60
21 587 462
22 703 216
23 109 38
24 145 929
25 917 99
26 273 889
27 533 871
28 32 262
29 505 504
30 178 458
31 832 996
32 758 514
33 108 261
34 128 467
35 44 241
DEMAND_SECTION
1 0
2 8
3 8
4 8
5 5
6 4
7 2
8 1
9 5
10 7
11 7
12 8
13 4
14 1
15 4
16 1
17 7
18 6
19 2
20 4
21 7
22 6
23 5
24 8
25 4
26 6
27 7
28 2
29 2
30 7
31 4
32 1
33 5
34 6
35 4
DEPOT_SECTION
 1
 -1
 EOF 