NAME: I5268-n44-k6
COMMENT : (Fake et al, No of trucks: 6, Optimal value: )
TYPE : CVRP
DIMENSION : 44
EDGE_WEIGHT_TYPE : EUC_2D
CAPACITY : 12
NODE_COORD_SECTION
1 448 28
2 268 142
3 174 989
4 673 621
5 390 134
6 771 449
7 286 114
8 166 28
9 252 187
10 109 986
11 252 223
12 136 331
13 287 304
14 111 157
15 230 499
16 383 654
17 328 65
18 830 106
19 200 221
20 124 23
21 847 964
22 134 750
23 687 591
24 411 700
25 70 823
26 710 226
27 460 696
28 785 464
29 147 788
30 354 538
31 706 740
32 956 120
33 142 978
34 798 657
35 960 20
36 5 454
37 714 959
38 680 916
39 988 465
40 398 360
41 500 252
42 264 924
43 856 424
44 232 568
DEMAND_SECTION
1 0
2 2
3 1
4 1
5 1
6 2
7 1
8 2
9 2
10 2
11 2
12 2
13 1
14 2
15 1
16 1
17 2
18 2
19 2
20 1
21 1
22 1
23 1
24 1
25 2
26 1
27 1
28 2
29 2
30 2
31 2
32 1
33 1
34 2
35 2
36 2
37 1
38 2
39 2
40 1
41 1
42 2
43 1
44 1
DEPOT_SECTION
 1
 -1
 EOF 