NAME: I5294-n45-k4
COMMENT : (Fake et al, No of trucks: 4, Optimal value: )
TYPE : CVRP
DIMENSION : 45
EDGE_WEIGHT_TYPE : EUC_2D
CAPACITY : 51
NODE_COORD_SECTION
1 733 928
2 0 961
3 656 726
4 288 522
5 439 444
6 461 173
7 669 239
8 387 985
9 710 643
10 600 839
11 292 747
12 314 491
13 750 565
14 874 379
15 710 727
16 939 743
17 574 63
18 707 619
19 939 848
20 33 662
21 356 56
22 483 882
23 127 428
24 992 342
25 947 145
26 567 295
27 271 765
28 932 257
29 73 961
30 395 68
31 402 185
32 418 340
33 431 371
34 826 131
35 845 791
36 580 872
37 561 323
38 485 916
39 301 296
40 215 203
41 195 951
42 517 819
43 716 99
44 435 954
45 393 205
DEMAND_SECTION
1 0
2 5
3 2
4 6
5 5
6 6
7 2
8 4
9 6
10 1
11 7
12 2
13 3
14 2
15 6
16 3
17 4
18 6
19 4
20 6
21 5
22 2
23 5
24 1
25 5
26 5
27 1
28 4
29 4
30 7
31 7
32 1
33 6
34 5
35 1
36 3
37 4
38 4
39 3
40 1
41 3
42 7
43 7
44 1
45 7
DEPOT_SECTION
 1
 -1
 EOF 