NAME: I536-n26-k5
COMMENT : (Fake et al, No of trucks: 5, Optimal value: )
TYPE : CVRP
DIMENSION : 26
EDGE_WEIGHT_TYPE : EUC_2D
CAPACITY : 32
NODE_COORD_SECTION
1 320 379
2 366 267
3 999 803
4 81 263
5 762 72
6 172 977
7 621 461
8 41 990
9 278 382
10 493 116
11 67 956
12 490 107
13 798 940
14 186 119
15 947 919
16 777 636
17 471 946
18 493 439
19 739 956
20 22 21
21 237 16
22 966 770
23 405 518
24 671 877
25 4 978
26 720 199
DEMAND_SECTION
1 0
2 6
3 4
4 1
5 1
6 5
7 11
8 7
9 5
10 8
11 7
12 4
13 4
14 8
15 11
16 1
17 3
18 1
19 10
20 7
21 9
22 7
23 4
24 1
25 8
26 11
DEPOT_SECTION
 1
 -1
 EOF 