NAME: I5370-n37-k3
COMMENT : (Fake et al, No of trucks: 3, Optimal value: )
TYPE : CVRP
DIMENSION : 37
EDGE_WEIGHT_TYPE : EUC_2D
CAPACITY : 15
NODE_COORD_SECTION
1 781 122
2 839 99
3 491 692
4 169 126
5 420 978
6 3 949
7 23 654
8 570 660
9 434 497
10 251 815
11 992 451
12 369 218
13 565 124
14 928 994
15 436 689
16 538 719
17 49 508
18 754 660
19 372 154
20 737 648
21 520 643
22 505 309
23 149 462
24 668 648
25 519 276
26 468 162
27 479 513
28 200 749
29 155 273
30 669 488
31 681 270
32 116 113
33 814 123
34 688 369
35 841 587
36 510 520
37 30 823
DEMAND_SECTION
1 0
2 1
3 1
4 1
5 1
6 1
7 1
8 1
9 1
10 1
11 1
12 1
13 1
14 1
15 1
16 1
17 1
18 1
19 1
20 1
21 1
22 1
23 1
24 1
25 1
26 1
27 1
28 1
29 1
30 1
31 1
32 1
33 1
34 1
35 1
36 1
37 1
DEPOT_SECTION
 1
 -1
 EOF 