NAME: I5375-n45-k5
COMMENT : (Fake et al, No of trucks: 5, Optimal value: )
TYPE : CVRP
DIMENSION : 45
EDGE_WEIGHT_TYPE : EUC_2D
CAPACITY : 19
NODE_COORD_SECTION
1 298 264
2 205 480
3 481 405
4 982 71
5 153 484
6 339 668
7 515 333
8 671 478
9 766 348
10 401 146
11 443 43
12 296 841
13 955 299
14 977 994
15 667 625
16 22 160
17 425 737
18 520 662
19 662 537
20 764 219
21 400 496
22 175 699
23 220 141
24 483 686
25 894 866
26 891 722
27 682 92
28 868 853
29 672 637
30 503 782
31 25 435
32 24 645
33 550 669
34 703 6
35 352 224
36 404 699
37 119 80
38 841 728
39 985 720
40 135 499
41 419 436
42 318 164
43 81 107
44 497 794
45 920 899
DEMAND_SECTION
1 0
2 3
3 2
4 1
5 1
6 1
7 3
8 1
9 2
10 2
11 3
12 2
13 1
14 1
15 1
16 2
17 1
18 3
19 2
20 2
21 3
22 2
23 2
24 3
25 3
26 1
27 2
28 1
29 1
30 3
31 1
32 1
33 2
34 3
35 1
36 1
37 3
38 1
39 1
40 2
41 2
42 2
43 3
44 1
45 2
DEPOT_SECTION
 1
 -1
 EOF 