NAME: I5383-n25-k6
COMMENT : (Fake et al, No of trucks: 6, Optimal value: )
TYPE : CVRP
DIMENSION : 25
EDGE_WEIGHT_TYPE : EUC_2D
CAPACITY : 11
NODE_COORD_SECTION
1 132 436
2 579 316
3 123 615
4 923 406
5 139 301
6 944 288
7 796 77
8 253 376
9 592 194
10 341 794
11 574 852
12 259 45
13 422 85
14 843 42
15 860 502
16 233 761
17 957 838
18 349 489
19 554 529
20 724 147
21 20 146
22 494 987
23 503 915
24 832 548
25 694 167
DEMAND_SECTION
1 0
2 4
3 2
4 1
5 2
6 3
7 1
8 1
9 1
10 4
11 3
12 4
13 3
14 2
15 3
16 3
17 2
18 4
19 2
20 1
21 3
22 2
23 3
24 4
25 1
DEPOT_SECTION
 1
 -1
 EOF 