NAME: I5421-n49-k4
COMMENT : (Fake et al, No of trucks: 4, Optimal value: )
TYPE : CVRP
DIMENSION : 49
EDGE_WEIGHT_TYPE : EUC_2D
CAPACITY : 53
NODE_COORD_SECTION
1 990 589
2 85 885
3 231 644
4 36 621
5 116 650
6 542 137
7 931 582
8 682 295
9 721 314
10 522 344
11 637 724
12 797 272
13 743 1000
14 686 170
15 603 183
16 789 700
17 604 235
18 406 139
19 163 104
20 543 489
21 205 39
22 500 978
23 402 51
24 94 317
25 144 463
26 673 956
27 591 177
28 718 901
29 322 54
30 384 463
31 623 757
32 783 43
33 741 181
34 141 71
35 64 753
36 231 553
37 669 642
38 738 390
39 47 577
40 645 857
41 815 117
42 335 565
43 785 323
44 488 390
45 505 766
46 471 425
47 738 114
48 899 532
49 319 208
DEMAND_SECTION
1 0
2 1
3 2
4 4
5 7
6 1
7 1
8 5
9 1
10 2
11 6
12 6
13 1
14 5
15 2
16 6
17 1
18 5
19 2
20 3
21 4
22 7
23 4
24 4
25 2
26 1
27 6
28 6
29 1
30 3
31 6
32 4
33 6
34 7
35 6
36 6
37 7
38 3
39 7
40 6
41 4
42 1
43 3
44 3
45 4
46 1
47 6
48 1
49 3
DEPOT_SECTION
 1
 -1
 EOF 