NAME: I5427-n26-k3
COMMENT : (Fake et al, No of trucks: 3, Optimal value: )
TYPE : CVRP
DIMENSION : 26
EDGE_WEIGHT_TYPE : EUC_2D
CAPACITY : 43
NODE_COORD_SECTION
1 383 161
2 70 86
3 940 323
4 310 178
5 86 991
6 533 953
7 649 325
8 754 457
9 421 263
10 229 46
11 761 78
12 986 631
13 143 434
14 779 785
15 135 518
16 808 78
17 681 398
18 759 611
19 378 728
20 246 260
21 615 776
22 60 593
23 965 540
24 175 511
25 481 826
26 922 615
DEMAND_SECTION
1 0
2 5
3 2
4 4
5 5
6 3
7 6
8 8
9 7
10 5
11 1
12 2
13 3
14 5
15 1
16 2
17 4
18 8
19 2
20 7
21 9
22 6
23 5
24 2
25 9
26 1
DEPOT_SECTION
 1
 -1
 EOF 