NAME: I5449-n33-k4
COMMENT : (Fake et al, No of trucks: 4, Optimal value: )
TYPE : CVRP
DIMENSION : 33
EDGE_WEIGHT_TYPE : EUC_2D
CAPACITY : 32
NODE_COORD_SECTION
1 573 224
2 265 454
3 340 919
4 676 283
5 517 920
6 811 957
7 824 977
8 421 363
9 716 661
10 585 592
11 410 420
12 705 310
13 304 172
14 19 490
15 537 191
16 102 307
17 853 185
18 148 277
19 227 17
20 53 877
21 975 754
22 749 982
23 954 584
24 119 417
25 160 840
26 435 443
27 7 98
28 527 486
29 120 633
30 91 60
31 846 484
32 362 601
33 205 161
DEMAND_SECTION
1 0
2 1
3 5
4 2
5 5
6 7
7 1
8 1
9 2
10 1
11 5
12 7
13 4
14 2
15 1
16 6
17 2
18 4
19 1
20 7
21 4
22 3
23 2
24 4
25 5
26 3
27 7
28 3
29 6
30 2
31 3
32 6
33 2
DEPOT_SECTION
 1
 -1
 EOF 