NAME: I5495-n31-k3
COMMENT : (Fake et al, No of trucks: 3, Optimal value: )
TYPE : CVRP
DIMENSION : 31
EDGE_WEIGHT_TYPE : EUC_2D
CAPACITY : 66
NODE_COORD_SECTION
1 974 217
2 596 783
3 837 195
4 790 200
5 919 139
6 16 807
7 125 223
8 23 397
9 741 73
10 231 306
11 129 247
12 244 859
13 787 417
14 227 731
15 994 2
16 178 475
17 565 936
18 179 392
19 853 52
20 778 407
21 864 520
22 759 688
23 481 510
24 596 411
25 952 208
26 901 673
27 90 759
28 936 472
29 815 148
30 149 125
31 313 96
DEMAND_SECTION
1 0
2 5
3 3
4 6
5 8
6 2
7 2
8 7
9 5
10 8
11 7
12 7
13 2
14 2
15 1
16 9
17 1
18 4
19 8
20 3
21 4
22 9
23 8
24 11
25 9
26 9
27 8
28 2
29 11
30 8
31 9
DEPOT_SECTION
 1
 -1
 EOF 