NAME: I5528-n29-k6
COMMENT : (Fake et al, No of trucks: 6, Optimal value: )
TYPE : CVRP
DIMENSION : 29
EDGE_WEIGHT_TYPE : EUC_2D
CAPACITY : 16
NODE_COORD_SECTION
1 927 9
2 224 147
3 370 67
4 737 456
5 355 148
6 357 883
7 550 607
8 90 14
9 89 269
10 131 956
11 725 138
12 750 827
13 960 137
14 789 100
15 732 777
16 444 898
17 338 46
18 354 606
19 960 945
20 141 642
21 637 651
22 51 676
23 893 817
24 999 271
25 293 219
26 478 709
27 91 208
28 265 775
29 359 812
DEMAND_SECTION
1 0
2 4
3 1
4 3
5 1
6 2
7 2
8 3
9 5
10 1
11 1
12 2
13 3
14 3
15 4
16 3
17 1
18 5
19 5
20 4
21 5
22 3
23 2
24 4
25 4
26 3
27 1
28 5
29 4
DEPOT_SECTION
 1
 -1
 EOF 