NAME: I5526-n35-k3
COMMENT : (Fake et al, No of trucks: 3, Optimal value: )
TYPE : CVRP
DIMENSION : 35
EDGE_WEIGHT_TYPE : EUC_2D
CAPACITY : 75
NODE_COORD_SECTION
1 763 775
2 589 563
3 858 49
4 602 870
5 664 382
6 306 417
7 607 564
8 161 271
9 165 468
10 291 213
11 360 776
12 643 792
13 909 682
14 138 1000
15 980 38
16 606 569
17 13 296
18 660 427
19 800 90
20 291 839
21 66 205
22 659 117
23 187 440
24 457 93
25 151 197
26 876 665
27 216 619
28 979 615
29 976 679
30 174 389
31 758 428
32 904 72
33 787 707
34 121 519
35 873 536
DEMAND_SECTION
1 0
2 2
3 3
4 7
5 2
6 11
7 9
8 2
9 5
10 3
11 8
12 1
13 4
14 8
15 5
16 2
17 4
18 1
19 9
20 10
21 2
22 10
23 1
24 3
25 9
26 3
27 9
28 3
29 8
30 2
31 7
32 10
33 9
34 3
35 9
DEPOT_SECTION
 1
 -1
 EOF 