NAME: I5576-n46-k6
COMMENT : (Fake et al, No of trucks: 6, Optimal value: )
TYPE : CVRP
DIMENSION : 46
EDGE_WEIGHT_TYPE : EUC_2D
CAPACITY : 20
NODE_COORD_SECTION
1 307 437
2 779 521
3 36 908
4 812 434
5 146 404
6 16 65
7 643 647
8 528 893
9 560 952
10 940 908
11 57 220
12 93 74
13 231 308
14 923 623
15 595 99
16 192 172
17 24 164
18 332 646
19 4 130
20 375 353
21 58 214
22 236 926
23 436 644
24 756 825
25 921 509
26 644 785
27 320 145
28 920 251
29 820 838
30 241 134
31 264 964
32 709 743
33 723 644
34 237 60
35 622 54
36 55 517
37 275 22
38 399 860
39 35 219
40 175 664
41 976 728
42 806 379
43 820 713
44 287 657
45 13 290
46 476 41
DEMAND_SECTION
1 0
2 2
3 1
4 2
5 3
6 2
7 3
8 1
9 1
10 3
11 2
12 2
13 2
14 1
15 1
16 2
17 4
18 4
19 4
20 1
21 3
22 3
23 3
24 1
25 4
26 1
27 1
28 1
29 4
30 1
31 4
32 2
33 3
34 2
35 2
36 4
37 1
38 4
39 4
40 3
41 4
42 2
43 1
44 4
45 2
46 3
DEPOT_SECTION
 1
 -1
 EOF 