NAME: I5586-n36-k3
COMMENT : (Fake et al, No of trucks: 3, Optimal value: )
TYPE : CVRP
DIMENSION : 36
EDGE_WEIGHT_TYPE : EUC_2D
CAPACITY : 75
NODE_COORD_SECTION
1 760 569
2 315 97
3 384 908
4 613 269
5 576 206
6 374 300
7 757 899
8 175 178
9 673 117
10 523 626
11 941 516
12 781 387
13 407 738
14 396 251
15 682 151
16 362 390
17 961 756
18 327 813
19 362 734
20 130 167
21 91 969
22 177 275
23 129 903
24 302 633
25 782 745
26 413 374
27 681 227
28 983 607
29 731 623
30 347 767
31 39 352
32 167 844
33 371 800
34 949 225
35 163 718
36 81 986
DEMAND_SECTION
1 0
2 8
3 4
4 6
5 7
6 8
7 1
8 5
9 5
10 6
11 3
12 5
13 8
14 9
15 6
16 6
17 6
18 3
19 3
20 5
21 2
22 8
23 7
24 8
25 1
26 5
27 6
28 5
29 5
30 4
31 9
32 9
33 2
34 1
35 6
36 4
DEPOT_SECTION
 1
 -1
 EOF 