NAME: I5616-n40-k4
COMMENT : (Fake et al, No of trucks: 4, Optimal value: )
TYPE : CVRP
DIMENSION : 40
EDGE_WEIGHT_TYPE : EUC_2D
CAPACITY : 38
NODE_COORD_SECTION
1 894 310
2 407 475
3 48 190
4 964 891
5 408 768
6 164 389
7 767 644
8 496 124
9 688 299
10 45 22
11 750 497
12 91 232
13 755 922
14 530 94
15 615 264
16 302 193
17 215 486
18 353 429
19 810 251
20 277 623
21 120 46
22 397 576
23 441 988
24 34 933
25 212 257
26 565 759
27 650 148
28 782 675
29 461 244
30 462 444
31 928 634
32 559 407
33 518 933
34 92 2
35 928 784
36 752 766
37 419 440
38 270 828
39 303 279
40 651 80
DEMAND_SECTION
1 0
2 4
3 1
4 2
5 6
6 5
7 2
8 3
9 1
10 6
11 3
12 4
13 6
14 6
15 2
16 1
17 3
18 5
19 4
20 1
21 1
22 3
23 4
24 1
25 2
26 4
27 6
28 3
29 2
30 2
31 5
32 1
33 4
34 3
35 6
36 1
37 4
38 6
39 3
40 4
DEPOT_SECTION
 1
 -1
 EOF 