NAME: I5676-n40-k3
COMMENT : (Fake et al, No of trucks: 3, Optimal value: )
TYPE : CVRP
DIMENSION : 40
EDGE_WEIGHT_TYPE : EUC_2D
CAPACITY : 59
NODE_COORD_SECTION
1 687 788
2 873 95
3 400 671
4 339 76
5 487 892
6 45 193
7 4 753
8 737 172
9 547 73
10 747 379
11 891 314
12 635 798
13 319 224
14 734 770
15 816 806
16 237 887
17 648 91
18 16 525
19 406 763
20 821 534
21 1 105
22 552 732
23 623 616
24 976 303
25 68 266
26 0 26
27 606 97
28 6 225
29 71 167
30 511 514
31 862 431
32 437 311
33 359 487
34 454 615
35 698 662
36 789 753
37 732 396
38 536 668
39 81 799
40 62 17
DEMAND_SECTION
1 0
2 2
3 4
4 6
5 6
6 5
7 5
8 2
9 5
10 1
11 4
12 6
13 4
14 4
15 6
16 4
17 3
18 6
19 2
20 6
21 6
22 6
23 6
24 4
25 2
26 6
27 3
28 5
29 6
30 3
31 2
32 4
33 2
34 3
35 3
36 4
37 4
38 5
39 4
40 5
DEPOT_SECTION
 1
 -1
 EOF 