NAME: I5675-n40-k5
COMMENT : (Fake et al, No of trucks: 5, Optimal value: )
TYPE : CVRP
DIMENSION : 40
EDGE_WEIGHT_TYPE : EUC_2D
CAPACITY : 22
NODE_COORD_SECTION
1 65 56
2 770 576
3 237 493
4 201 335
5 775 120
6 674 374
7 203 926
8 494 506
9 704 364
10 76 665
11 965 220
12 761 496
13 941 634
14 287 222
15 249 230
16 971 343
17 57 728
18 46 746
19 116 371
20 680 330
21 677 405
22 521 592
23 539 762
24 744 488
25 843 135
26 966 723
27 928 377
28 575 123
29 408 865
30 884 66
31 506 768
32 146 381
33 652 856
34 957 719
35 319 263
36 932 960
37 503 1
38 37 613
39 640 553
40 454 199
DEMAND_SECTION
1 0
2 4
3 2
4 1
5 2
6 2
7 1
8 1
9 1
10 4
11 2
12 1
13 3
14 1
15 3
16 3
17 4
18 1
19 3
20 3
21 2
22 3
23 4
24 1
25 2
26 3
27 4
28 3
29 2
30 1
31 1
32 4
33 2
34 3
35 3
36 4
37 2
38 2
39 4
40 3
DEPOT_SECTION
 1
 -1
 EOF 