NAME: I5777-n34-k5
COMMENT : (Fake et al, No of trucks: 5, Optimal value: )
TYPE : CVRP
DIMENSION : 34
EDGE_WEIGHT_TYPE : EUC_2D
CAPACITY : 27
NODE_COORD_SECTION
1 393 694
2 20 668
3 901 931
4 259 798
5 936 80
6 737 299
7 256 837
8 652 152
9 370 677
10 266 542
11 538 88
12 704 285
13 375 523
14 942 100
15 59 806
16 399 310
17 111 874
18 743 699
19 743 121
20 511 416
21 670 51
22 357 687
23 464 427
24 887 26
25 818 97
26 523 624
27 765 788
28 220 827
29 662 541
30 690 896
31 840 870
32 39 243
33 370 793
34 451 143
DEMAND_SECTION
1 0
2 2
3 5
4 2
5 2
6 2
7 1
8 7
9 4
10 6
11 1
12 2
13 3
14 4
15 3
16 2
17 7
18 1
19 5
20 7
21 7
22 4
23 5
24 6
25 5
26 1
27 2
28 1
29 3
30 7
31 2
32 3
33 2
34 4
DEPOT_SECTION
 1
 -1
 EOF 