NAME: I5782-n30-k6
COMMENT : (Fake et al, No of trucks: 6, Optimal value: )
TYPE : CVRP
DIMENSION : 30
EDGE_WEIGHT_TYPE : EUC_2D
CAPACITY : 21
NODE_COORD_SECTION
1 374 470
2 244 215
3 956 158
4 488 384
5 612 287
6 85 992
7 767 269
8 790 388
9 345 927
10 43 611
11 729 445
12 667 558
13 828 266
14 971 283
15 222 985
16 287 162
17 111 86
18 233 197
19 35 989
20 174 454
21 399 431
22 457 753
23 242 303
24 469 49
25 371 66
26 276 538
27 863 309
28 305 595
29 899 966
30 250 580
DEMAND_SECTION
1 0
2 5
3 7
4 5
5 5
6 7
7 6
8 2
9 6
10 1
11 4
12 4
13 2
14 2
15 1
16 2
17 3
18 2
19 6
20 6
21 7
22 2
23 7
24 3
25 2
26 4
27 3
28 2
29 5
30 1
DEPOT_SECTION
 1
 -1
 EOF 