NAME: I5793-n31-k4
COMMENT : (Fake et al, No of trucks: 4, Optimal value: )
TYPE : CVRP
DIMENSION : 31
EDGE_WEIGHT_TYPE : EUC_2D
CAPACITY : 39
NODE_COORD_SECTION
1 270 503
2 916 707
3 659 253
4 551 581
5 158 201
6 290 845
7 390 478
8 975 195
9 434 921
10 37 798
11 721 723
12 561 729
13 275 265
14 786 762
15 621 824
16 970 468
17 237 701
18 845 696
19 814 864
20 884 67
21 405 388
22 234 502
23 669 821
24 638 549
25 84 184
26 956 804
27 0 341
28 162 845
29 411 257
30 886 554
31 974 309
DEMAND_SECTION
1 0
2 3
3 7
4 8
5 6
6 3
7 1
8 5
9 3
10 6
11 2
12 7
13 7
14 5
15 3
16 3
17 1
18 7
19 6
20 7
21 5
22 2
23 8
24 1
25 5
26 7
27 3
28 8
29 4
30 4
31 8
DEPOT_SECTION
 1
 -1
 EOF 