NAME: I5834-n31-k3
COMMENT : (Fake et al, No of trucks: 3, Optimal value: )
TYPE : CVRP
DIMENSION : 31
EDGE_WEIGHT_TYPE : EUC_2D
CAPACITY : 45
NODE_COORD_SECTION
1 133 514
2 933 869
3 969 453
4 883 377
5 292 356
6 475 880
7 532 723
8 770 489
9 783 678
10 464 211
11 5 10
12 759 588
13 489 624
14 363 649
15 888 394
16 219 628
17 798 412
18 690 582
19 897 11
20 895 468
21 363 69
22 865 397
23 181 561
24 822 475
25 396 477
26 443 404
27 772 884
28 69 102
29 934 881
30 375 494
31 311 998
DEMAND_SECTION
1 0
2 4
3 2
4 4
5 3
6 5
7 2
8 7
9 4
10 6
11 7
12 3
13 6
14 5
15 2
16 2
17 3
18 2
19 5
20 7
21 7
22 2
23 4
24 4
25 5
26 6
27 3
28 1
29 3
30 7
31 1
DEPOT_SECTION
 1
 -1
 EOF 