NAME: I5844-n24-k4
COMMENT : (Fake et al, No of trucks: 4, Optimal value: )
TYPE : CVRP
DIMENSION : 24
EDGE_WEIGHT_TYPE : EUC_2D
CAPACITY : 16
NODE_COORD_SECTION
1 468 473
2 523 930
3 85 354
4 278 122
5 377 297
6 629 34
7 716 113
8 923 855
9 82 801
10 777 777
11 638 590
12 452 809
13 230 225
14 336 287
15 490 836
16 651 686
17 218 541
18 460 555
19 981 938
20 587 580
21 772 808
22 258 18
23 238 754
24 300 432
DEMAND_SECTION
1 0
2 3
3 2
4 2
5 3
6 2
7 3
8 2
9 2
10 2
11 3
12 3
13 2
14 2
15 2
16 1
17 3
18 2
19 2
20 3
21 2
22 3
23 2
24 2
DEPOT_SECTION
 1
 -1
 EOF 