NAME: I5859-n41-k4
COMMENT : (Fake et al, No of trucks: 4, Optimal value: )
TYPE : CVRP
DIMENSION : 41
EDGE_WEIGHT_TYPE : EUC_2D
CAPACITY : 22
NODE_COORD_SECTION
1 656 280
2 215 230
3 461 989
4 376 865
5 657 355
6 562 871
7 754 695
8 735 27
9 407 740
10 331 767
11 633 263
12 774 651
13 91 297
14 312 395
15 566 91
16 751 148
17 368 719
18 339 744
19 660 275
20 987 952
21 173 638
22 137 22
23 903 106
24 903 425
25 750 250
26 870 69
27 953 332
28 594 196
29 741 754
30 840 351
31 666 619
32 807 310
33 337 423
34 281 708
35 585 974
36 683 407
37 45 278
38 593 221
39 681 13
40 343 444
41 956 824
DEMAND_SECTION
1 0
2 2
3 2
4 2
5 2
6 1
7 3
8 3
9 3
10 2
11 3
12 2
13 2
14 1
15 3
16 3
17 1
18 1
19 3
20 1
21 1
22 1
23 2
24 3
25 3
26 3
27 3
28 3
29 1
30 2
31 1
32 3
33 1
34 1
35 2
36 1
37 3
38 3
39 1
40 3
41 1
DEPOT_SECTION
 1
 -1
 EOF 