NAME: I5887-n28-k4
COMMENT : (Fake et al, No of trucks: 4, Optimal value: )
TYPE : CVRP
DIMENSION : 28
EDGE_WEIGHT_TYPE : EUC_2D
CAPACITY : 8
NODE_COORD_SECTION
1 568 487
2 46 618
3 333 675
4 934 437
5 748 658
6 867 131
7 115 337
8 875 506
9 778 14
10 795 759
11 846 613
12 607 480
13 951 558
14 181 600
15 274 999
16 201 786
17 111 200
18 150 68
19 647 452
20 185 163
21 307 528
22 849 890
23 571 358
24 102 594
25 20 362
26 153 348
27 801 50
28 388 886
DEMAND_SECTION
1 0
2 1
3 1
4 1
5 1
6 1
7 1
8 1
9 1
10 1
11 1
12 1
13 1
14 1
15 1
16 1
17 1
18 1
19 1
20 1
21 1
22 1
23 1
24 1
25 1
26 1
27 1
28 1
DEPOT_SECTION
 1
 -1
 EOF 