NAME: I5924-n26-k5
COMMENT : (Fake et al, No of trucks: 5, Optimal value: )
TYPE : CVRP
DIMENSION : 26
EDGE_WEIGHT_TYPE : EUC_2D
CAPACITY : 22
NODE_COORD_SECTION
1 941 362
2 249 916
3 222 713
4 318 541
5 234 272
6 580 857
7 288 482
8 3 409
9 72 216
10 963 390
11 986 829
12 825 224
13 668 910
14 390 827
15 138 875
16 591 690
17 599 244
18 292 724
19 958 809
20 745 71
21 727 27
22 9 800
23 142 733
24 114 922
25 450 409
26 738 677
DEMAND_SECTION
1 0
2 4
3 2
4 3
5 4
6 3
7 6
8 5
9 4
10 4
11 1
12 4
13 2
14 2
15 6
16 6
17 2
18 3
19 3
20 2
21 1
22 5
23 4
24 5
25 6
26 1
DEPOT_SECTION
 1
 -1
 EOF 