NAME: I5969-n40-k5
COMMENT : (Fake et al, No of trucks: 5, Optimal value: )
TYPE : CVRP
DIMENSION : 40
EDGE_WEIGHT_TYPE : EUC_2D
CAPACITY : 25
NODE_COORD_SECTION
1 144 801
2 826 226
3 482 909
4 663 288
5 980 300
6 553 394
7 652 19
8 697 636
9 857 428
10 491 493
11 68 200
12 508 522
13 234 365
14 950 588
15 603 817
16 825 66
17 239 840
18 796 421
19 787 345
20 96 68
21 678 165
22 608 358
23 283 939
24 203 787
25 685 486
26 686 208
27 566 614
28 68 440
29 174 585
30 868 220
31 276 734
32 531 170
33 205 926
34 907 341
35 835 551
36 984 826
37 664 489
38 290 699
39 678 519
40 604 906
DEMAND_SECTION
1 0
2 1
3 5
4 1
5 5
6 1
7 1
8 3
9 2
10 4
11 4
12 4
13 4
14 4
15 2
16 3
17 2
18 3
19 1
20 4
21 1
22 3
23 4
24 2
25 1
26 1
27 5
28 4
29 3
30 2
31 2
32 5
33 1
34 5
35 4
36 3
37 4
38 1
39 3
40 5
DEPOT_SECTION
 1
 -1
 EOF 