NAME: I5976-n48-k5
COMMENT : (Fake et al, No of trucks: 5, Optimal value: )
TYPE : CVRP
DIMENSION : 48
EDGE_WEIGHT_TYPE : EUC_2D
CAPACITY : 27
NODE_COORD_SECTION
1 873 727
2 548 493
3 162 903
4 464 578
5 715 402
6 166 424
7 367 597
8 532 763
9 821 578
10 603 556
11 235 807
12 348 480
13 106 504
14 990 621
15 602 464
16 976 777
17 903 566
18 469 64
19 657 58
20 31 957
21 234 521
22 911 228
23 722 148
24 747 968
25 377 880
26 430 572
27 355 221
28 64 711
29 275 568
30 282 566
31 162 673
32 869 41
33 275 76
34 725 729
35 825 912
36 259 462
37 424 481
38 412 498
39 829 410
40 798 138
41 869 453
42 606 147
43 333 381
44 246 195
45 127 863
46 472 613
47 798 284
48 807 730
DEMAND_SECTION
1 0
2 1
3 1
4 3
5 3
6 1
7 4
8 2
9 3
10 4
11 3
12 4
13 3
14 3
15 1
16 3
17 2
18 1
19 3
20 2
21 2
22 3
23 3
24 1
25 1
26 4
27 1
28 2
29 3
30 3
31 3
32 1
33 4
34 3
35 4
36 2
37 1
38 4
39 2
40 2
41 2
42 4
43 3
44 2
45 1
46 2
47 4
48 1
DEPOT_SECTION
 1
 -1
 EOF 