NAME: I6015-n41-k3
COMMENT : (Fake et al, No of trucks: 3, Optimal value: )
TYPE : CVRP
DIMENSION : 41
EDGE_WEIGHT_TYPE : EUC_2D
CAPACITY : 99
NODE_COORD_SECTION
1 37 436
2 712 601
3 752 571
4 22 285
5 172 807
6 170 364
7 125 109
8 900 331
9 115 230
10 833 466
11 718 478
12 229 171
13 743 640
14 912 123
15 672 291
16 117 47
17 786 114
18 750 569
19 764 740
20 305 567
21 572 108
22 628 876
23 126 612
24 79 650
25 41 466
26 445 814
27 295 813
28 495 233
29 3 443
30 221 229
31 632 744
32 606 214
33 951 58
34 669 141
35 917 163
36 203 245
37 514 93
38 605 656
39 273 827
40 629 909
41 319 170
DEMAND_SECTION
1 0
2 10
3 2
4 1
5 4
6 7
7 4
8 6
9 6
10 1
11 8
12 10
13 8
14 7
15 6
16 8
17 2
18 8
19 10
20 1
21 3
22 2
23 8
24 11
25 10
26 4
27 11
28 11
29 9
30 6
31 7
32 11
33 9
34 10
35 1
36 2
37 7
38 4
39 3
40 1
41 9
DEPOT_SECTION
 1
 -1
 EOF 