NAME: I6025-n36-k6
COMMENT : (Fake et al, No of trucks: 6, Optimal value: )
TYPE : CVRP
DIMENSION : 36
EDGE_WEIGHT_TYPE : EUC_2D
CAPACITY : 11
NODE_COORD_SECTION
1 716 115
2 475 534
3 418 329
4 147 230
5 484 9
6 625 946
7 910 99
8 228 352
9 804 290
10 94 412
11 613 118
12 131 856
13 378 685
14 321 774
15 52 257
16 831 178
17 624 962
18 851 32
19 164 25
20 354 454
21 204 172
22 805 668
23 475 342
24 519 770
25 818 362
26 284 67
27 787 614
28 403 919
29 325 150
30 346 907
31 438 161
32 958 657
33 677 199
34 641 171
35 630 3
36 738 763
DEMAND_SECTION
1 0
2 2
3 2
4 1
5 2
6 1
7 1
8 2
9 2
10 2
11 1
12 1
13 1
14 2
15 1
16 2
17 2
18 2
19 2
20 2
21 2
22 1
23 2
24 2
25 1
26 2
27 1
28 1
29 1
30 2
31 1
32 1
33 1
34 1
35 1
36 2
DEPOT_SECTION
 1
 -1
 EOF 