NAME: I6048-n36-k6
COMMENT : (Fake et al, No of trucks: 6, Optimal value: )
TYPE : CVRP
DIMENSION : 36
EDGE_WEIGHT_TYPE : EUC_2D
CAPACITY : 12
NODE_COORD_SECTION
1 548 226
2 917 385
3 779 908
4 81 483
5 814 740
6 231 537
7 884 213
8 75 31
9 76 152
10 697 808
11 14 997
12 387 247
13 484 558
14 619 480
15 741 171
16 755 713
17 543 335
18 578 131
19 807 873
20 226 188
21 542 864
22 965 119
23 145 867
24 452 640
25 102 398
26 47 36
27 179 130
28 888 146
29 91 410
30 893 706
31 741 181
32 307 454
33 408 106
34 207 911
35 454 25
36 448 892
DEMAND_SECTION
1 0
2 2
3 1
4 3
5 1
6 2
7 1
8 2
9 1
10 3
11 3
12 1
13 3
14 1
15 1
16 1
17 1
18 2
19 1
20 1
21 1
22 1
23 1
24 1
25 2
26 1
27 3
28 1
29 3
30 1
31 1
32 2
33 2
34 3
35 3
36 1
DEPOT_SECTION
 1
 -1
 EOF 