NAME: I6057-n25-k4
COMMENT : (Fake et al, No of trucks: 4, Optimal value: )
TYPE : CVRP
DIMENSION : 25
EDGE_WEIGHT_TYPE : EUC_2D
CAPACITY : 36
NODE_COORD_SECTION
1 109 647
2 645 340
3 526 783
4 609 478
5 280 380
6 88 994
7 659 973
8 950 927
9 103 377
10 516 114
11 640 644
12 52 651
13 497 237
14 989 26
15 970 215
16 785 679
17 894 218
18 255 478
19 681 440
20 891 915
21 638 166
22 633 103
23 155 688
24 326 547
25 256 820
DEMAND_SECTION
1 0
2 7
3 2
4 8
5 6
6 3
7 7
8 2
9 7
10 9
11 7
12 3
13 8
14 1
15 2
16 7
17 5
18 4
19 8
20 4
21 8
22 6
23 5
24 4
25 3
DEPOT_SECTION
 1
 -1
 EOF 