NAME: I6092-n23-k3
COMMENT : (Fake et al, No of trucks: 3, Optimal value: )
TYPE : CVRP
DIMENSION : 23
EDGE_WEIGHT_TYPE : EUC_2D
CAPACITY : 49
NODE_COORD_SECTION
1 899 48
2 946 805
3 216 762
4 380 802
5 763 21
6 31 285
7 853 888
8 835 904
9 727 619
10 253 701
11 471 638
12 525 58
13 146 316
14 666 247
15 423 603
16 472 946
17 806 199
18 522 715
19 226 384
20 944 52
21 301 219
22 369 139
23 134 281
DEMAND_SECTION
1 0
2 5
3 9
4 1
5 1
6 5
7 9
8 6
9 6
10 3
11 1
12 1
13 9
14 10
15 2
16 4
17 7
18 8
19 11
20 10
21 3
22 11
23 10
DEPOT_SECTION
 1
 -1
 EOF 