NAME: I6099-n38-k5
COMMENT : (Fake et al, No of trucks: 5, Optimal value: )
TYPE : CVRP
DIMENSION : 38
EDGE_WEIGHT_TYPE : EUC_2D
CAPACITY : 15
NODE_COORD_SECTION
1 799 486
2 533 517
3 695 492
4 577 359
5 24 222
6 779 619
7 613 533
8 153 97
9 705 831
10 713 354
11 274 655
12 349 377
13 541 153
14 887 949
15 303 993
16 665 823
17 216 475
18 649 978
19 240 162
20 790 441
21 240 615
22 390 937
23 66 75
24 343 696
25 236 363
26 948 225
27 689 934
28 233 85
29 426 767
30 850 122
31 681 370
32 216 361
33 964 495
34 349 368
35 169 98
36 312 747
37 711 468
38 979 465
DEMAND_SECTION
1 0
2 2
3 1
4 2
5 1
6 3
7 2
8 3
9 1
10 3
11 3
12 1
13 1
14 1
15 1
16 3
17 2
18 2
19 1
20 1
21 1
22 2
23 2
24 1
25 1
26 3
27 2
28 1
29 3
30 3
31 1
32 1
33 1
34 1
35 3
36 3
37 3
38 1
DEPOT_SECTION
 1
 -1
 EOF 