NAME: I6156-n31-k5
COMMENT : (Fake et al, No of trucks: 5, Optimal value: )
TYPE : CVRP
DIMENSION : 31
EDGE_WEIGHT_TYPE : EUC_2D
CAPACITY : 39
NODE_COORD_SECTION
1 242 239
2 843 92
3 983 395
4 168 740
5 476 777
6 46 689
7 449 968
8 637 765
9 145 14
10 305 341
11 81 116
12 72 79
13 694 358
14 611 303
15 413 241
16 850 841
17 990 504
18 201 582
19 119 382
20 347 367
21 893 328
22 679 558
23 970 7
24 881 372
25 292 297
26 385 447
27 43 376
28 342 532
29 352 610
30 343 516
31 152 898
DEMAND_SECTION
1 0
2 8
3 9
4 3
5 2
6 8
7 8
8 4
9 2
10 2
11 9
12 9
13 9
14 9
15 2
16 6
17 6
18 1
19 10
20 3
21 7
22 9
23 10
24 2
25 1
26 2
27 10
28 1
29 8
30 1
31 8
DEPOT_SECTION
 1
 -1
 EOF 