NAME: I6205-n47-k4
COMMENT : (Fake et al, No of trucks: 4, Optimal value: )
TYPE : CVRP
DIMENSION : 47
EDGE_WEIGHT_TYPE : EUC_2D
CAPACITY : 72
NODE_COORD_SECTION
1 510 721
2 205 273
3 682 329
4 470 919
5 645 484
6 997 298
7 331 585
8 606 370
9 433 792
10 522 601
11 123 246
12 807 427
13 472 767
14 992 223
15 377 329
16 235 99
17 152 938
18 496 645
19 841 388
20 931 378
21 380 563
22 105 152
23 192 347
24 813 892
25 875 566
26 575 927
27 498 898
28 811 60
29 379 660
30 523 189
31 752 966
32 444 440
33 180 412
34 27 123
35 605 539
36 52 205
37 273 655
38 720 451
39 602 143
40 812 281
41 360 478
42 893 703
43 342 343
44 203 810
45 216 715
46 781 4
47 9 655
DEMAND_SECTION
1 0
2 5
3 1
4 8
5 8
6 7
7 8
8 3
9 7
10 8
11 1
12 5
13 4
14 1
15 5
16 8
17 7
18 8
19 7
20 3
21 7
22 7
23 1
24 3
25 10
26 9
27 4
28 10
29 7
30 1
31 10
32 6
33 9
34 9
35 2
36 5
37 2
38 2
39 3
40 1
41 9
42 10
43 3
44 1
45 2
46 7
47 5
DEPOT_SECTION
 1
 -1
 EOF 