NAME: I6200-n31-k4
COMMENT : (Fake et al, No of trucks: 4, Optimal value: )
TYPE : CVRP
DIMENSION : 31
EDGE_WEIGHT_TYPE : EUC_2D
CAPACITY : 54
NODE_COORD_SECTION
1 565 543
2 866 244
3 103 651
4 420 696
5 814 595
6 569 341
7 829 121
8 42 659
9 439 479
10 166 846
11 320 878
12 840 727
13 740 200
14 614 816
15 391 104
16 124 24
17 781 117
18 810 234
19 964 669
20 800 982
21 41 876
22 59 42
23 387 907
24 881 860
25 51 996
26 105 427
27 523 258
28 958 91
29 521 559
30 410 826
31 978 801
DEMAND_SECTION
1 0
2 7
3 6
4 10
5 10
6 2
7 3
8 6
9 5
10 3
11 7
12 9
13 9
14 9
15 10
16 10
17 8
18 8
19 8
20 9
21 10
22 10
23 10
24 4
25 2
26 4
27 4
28 8
29 5
30 2
31 4
DEPOT_SECTION
 1
 -1
 EOF 