NAME: I6211-n44-k3
COMMENT : (Fake et al, No of trucks: 3, Optimal value: )
TYPE : CVRP
DIMENSION : 44
EDGE_WEIGHT_TYPE : EUC_2D
CAPACITY : 50
NODE_COORD_SECTION
1 145 559
2 643 798
3 100 44
4 804 496
5 634 43
6 467 458
7 402 70
8 346 556
9 631 919
10 559 361
11 769 630
12 433 494
13 54 884
14 990 943
15 466 309
16 350 260
17 881 772
18 195 303
19 7 9
20 513 890
21 356 922
22 493 817
23 711 501
24 229 53
25 523 432
26 542 66
27 685 601
28 801 864
29 563 250
30 996 17
31 542 107
32 619 849
33 152 89
34 763 976
35 782 828
36 140 599
37 134 956
38 847 948
39 949 78
40 522 930
41 747 149
42 145 431
43 492 924
44 144 467
DEMAND_SECTION
1 0
2 2
3 1
4 3
5 4
6 5
7 5
8 5
9 2
10 4
11 2
12 1
13 1
14 4
15 1
16 1
17 4
18 4
19 5
20 2
21 3
22 5
23 5
24 4
25 2
26 5
27 4
28 1
29 1
30 4
31 1
32 5
33 1
34 4
35 3
36 4
37 3
38 3
39 5
40 1
41 1
42 4
43 2
44 3
DEPOT_SECTION
 1
 -1
 EOF 