NAME: I624-n30-k5
COMMENT : (Fake et al, No of trucks: 5, Optimal value: )
TYPE : CVRP
DIMENSION : 30
EDGE_WEIGHT_TYPE : EUC_2D
CAPACITY : 12
NODE_COORD_SECTION
1 461 537
2 948 763
3 961 124
4 6 197
5 727 314
6 797 643
7 63 532
8 901 998
9 882 256
10 592 643
11 572 69
12 612 366
13 195 731
14 249 812
15 447 656
16 643 210
17 954 59
18 851 469
19 18 619
20 354 234
21 879 415
22 219 231
23 481 855
24 641 466
25 619 219
26 816 369
27 124 757
28 837 892
29 744 525
30 998 382
DEMAND_SECTION
1 0
2 3
3 3
4 3
5 3
6 2
7 2
8 1
9 3
10 2
11 3
12 2
13 1
14 3
15 3
16 1
17 3
18 1
19 1
20 2
21 1
22 2
23 1
24 1
25 2
26 2
27 1
28 1
29 2
30 1
DEPOT_SECTION
 1
 -1
 EOF 