NAME: I6287-n45-k3
COMMENT : (Fake et al, No of trucks: 3, Optimal value: )
TYPE : CVRP
DIMENSION : 45
EDGE_WEIGHT_TYPE : EUC_2D
CAPACITY : 26
NODE_COORD_SECTION
1 261 611
2 616 307
3 661 264
4 501 466
5 527 936
6 198 22
7 620 14
8 720 936
9 949 20
10 541 435
11 411 603
12 46 788
13 832 549
14 43 65
15 663 910
16 150 227
17 532 211
18 999 586
19 250 532
20 563 227
21 657 623
22 574 735
23 119 631
24 410 798
25 934 458
26 490 394
27 138 997
28 701 717
29 327 182
30 494 954
31 878 66
32 792 987
33 226 731
34 903 454
35 149 605
36 858 597
37 30 705
38 27 928
39 234 620
40 948 156
41 60 368
42 13 318
43 637 325
44 388 22
45 68 524
DEMAND_SECTION
1 0
2 1
3 2
4 1
5 1
6 2
7 2
8 2
9 2
10 2
11 1
12 2
13 2
14 2
15 2
16 1
17 2
18 2
19 2
20 2
21 2
22 1
23 1
24 2
25 2
26 2
27 2
28 2
29 2
30 1
31 1
32 1
33 1
34 1
35 2
36 1
37 2
38 2
39 2
40 1
41 2
42 1
43 2
44 1
45 2
DEPOT_SECTION
 1
 -1
 EOF 