NAME: I6322-n47-k5
COMMENT : (Fake et al, No of trucks: 5, Optimal value: )
TYPE : CVRP
DIMENSION : 47
EDGE_WEIGHT_TYPE : EUC_2D
CAPACITY : 60
NODE_COORD_SECTION
1 519 415
2 999 23
3 947 956
4 285 125
5 428 483
6 950 275
7 783 800
8 844 453
9 28 35
10 851 293
11 423 667
12 196 849
13 147 699
14 28 250
15 734 613
16 910 950
17 419 680
18 922 673
19 273 690
20 930 793
21 572 140
22 326 169
23 127 986
24 880 339
25 295 172
26 792 384
27 893 612
28 404 287
29 149 453
30 143 810
31 62 461
32 434 933
33 498 42
34 163 619
35 447 206
36 617 923
37 428 444
38 155 108
39 548 196
40 308 428
41 740 747
42 715 48
43 109 155
44 623 119
45 300 550
46 961 968
47 385 286
DEMAND_SECTION
1 0
2 3
3 4
4 9
5 5
6 9
7 4
8 9
9 3
10 6
11 4
12 1
13 4
14 8
15 3
16 7
17 5
18 2
19 4
20 7
21 1
22 9
23 5
24 8
25 6
26 7
27 2
28 5
29 9
30 1
31 8
32 6
33 5
34 2
35 9
36 6
37 8
38 6
39 4
40 6
41 4
42 6
43 2
44 9
45 6
46 4
47 4
DEPOT_SECTION
 1
 -1
 EOF 