NAME: I6345-n34-k6
COMMENT : (Fake et al, No of trucks: 6, Optimal value: )
TYPE : CVRP
DIMENSION : 34
EDGE_WEIGHT_TYPE : EUC_2D
CAPACITY : 19
NODE_COORD_SECTION
1 923 550
2 725 538
3 666 675
4 133 209
5 96 327
6 763 702
7 747 703
8 288 25
9 141 842
10 95 553
11 182 753
12 642 287
13 487 713
14 215 172
15 911 328
16 706 272
17 497 909
18 782 391
19 706 199
20 748 282
21 427 457
22 711 243
23 834 235
24 396 222
25 720 459
26 969 365
27 956 170
28 441 420
29 855 558
30 446 909
31 447 197
32 179 702
33 171 673
34 782 467
DEMAND_SECTION
1 0
2 2
3 4
4 2
5 4
6 3
7 3
8 3
9 3
10 4
11 1
12 4
13 2
14 4
15 4
16 1
17 1
18 4
19 3
20 2
21 3
22 2
23 4
24 2
25 3
26 2
27 3
28 4
29 1
30 2
31 3
32 2
33 4
34 1
DEPOT_SECTION
 1
 -1
 EOF 