NAME: I6375-n28-k3
COMMENT : (Fake et al, No of trucks: 3, Optimal value: )
TYPE : CVRP
DIMENSION : 28
EDGE_WEIGHT_TYPE : EUC_2D
CAPACITY : 18
NODE_COORD_SECTION
1 876 50
2 449 819
3 285 713
4 700 51
5 937 596
6 614 521
7 242 241
8 377 11
9 760 180
10 405 610
11 684 689
12 522 587
13 764 93
14 932 29
15 160 229
16 154 508
17 671 482
18 761 256
19 673 643
20 297 638
21 845 155
22 857 98
23 951 745
24 567 569
25 335 94
26 148 848
27 213 401
28 975 344
DEMAND_SECTION
1 0
2 2
3 1
4 2
5 1
6 1
7 1
8 2
9 2
10 1
11 2
12 2
13 2
14 2
15 2
16 1
17 1
18 2
19 2
20 2
21 2
22 2
23 1
24 2
25 2
26 1
27 1
28 2
DEPOT_SECTION
 1
 -1
 EOF 