NAME: I6479-n37-k3
COMMENT : (Fake et al, No of trucks: 3, Optimal value: )
TYPE : CVRP
DIMENSION : 37
EDGE_WEIGHT_TYPE : EUC_2D
CAPACITY : 78
NODE_COORD_SECTION
1 203 113
2 736 709
3 713 124
4 437 975
5 937 565
6 195 308
7 903 300
8 907 926
9 380 689
10 688 654
11 619 647
12 735 82
13 715 519
14 84 746
15 804 180
16 478 233
17 358 62
18 161 892
19 562 4
20 800 814
21 294 434
22 519 810
23 298 602
24 559 528
25 204 926
26 865 208
27 40 916
28 63 639
29 12 839
30 239 67
31 249 792
32 577 860
33 525 316
34 332 410
35 833 870
36 571 254
37 85 28
DEMAND_SECTION
1 0
2 3
3 3
4 6
5 5
6 1
7 4
8 1
9 5
10 4
11 5
12 6
13 7
14 7
15 9
16 4
17 8
18 3
19 7
20 5
21 9
22 6
23 5
24 1
25 2
26 6
27 6
28 4
29 2
30 7
31 3
32 9
33 7
34 8
35 7
36 8
37 9
DEPOT_SECTION
 1
 -1
 EOF 