NAME: I6482-n50-k4
COMMENT : (Fake et al, No of trucks: 4, Optimal value: )
TYPE : CVRP
DIMENSION : 50
EDGE_WEIGHT_TYPE : EUC_2D
CAPACITY : 71
NODE_COORD_SECTION
1 996 486
2 993 560
3 91 765
4 622 955
5 618 577
6 289 899
7 82 1
8 858 863
9 683 878
10 703 358
11 808 296
12 855 482
13 885 233
14 970 789
15 213 916
16 164 558
17 700 943
18 750 760
19 176 499
20 423 741
21 192 651
22 531 949
23 596 511
24 660 211
25 676 225
26 641 122
27 50 86
28 683 394
29 488 88
30 387 488
31 34 479
32 466 108
33 937 564
34 259 46
35 34 833
36 180 187
37 287 899
38 409 643
39 231 364
40 658 880
41 420 398
42 856 460
43 434 413
44 743 507
45 961 431
46 772 655
47 467 912
48 729 208
49 834 426
50 701 94
DEMAND_SECTION
1 0
2 5
3 9
4 8
5 5
6 10
7 2
8 5
9 10
10 2
11 7
12 5
13 10
14 8
15 2
16 7
17 9
18 3
19 4
20 4
21 6
22 3
23 7
24 10
25 4
26 1
27 8
28 6
29 4
30 3
31 7
32 6
33 4
34 5
35 9
36 3
37 9
38 10
39 4
40 4
41 1
42 6
43 4
44 4
45 2
46 4
47 1
48 1
49 5
50 6
DEPOT_SECTION
 1
 -1
 EOF 