NAME: I6596-n31-k4
COMMENT : (Fake et al, No of trucks: 4, Optimal value: )
TYPE : CVRP
DIMENSION : 31
EDGE_WEIGHT_TYPE : EUC_2D
CAPACITY : 35
NODE_COORD_SECTION
1 340 527
2 924 651
3 325 938
4 384 403
5 628 572
6 383 131
7 332 755
8 166 754
9 544 124
10 723 462
11 673 638
12 921 972
13 773 658
14 645 604
15 67 795
16 827 65
17 21 152
18 959 489
19 662 538
20 35 652
21 517 58
22 905 75
23 20 848
24 822 427
25 548 993
26 229 242
27 635 311
28 498 763
29 814 964
30 132 430
31 427 717
DEMAND_SECTION
1 0
2 3
3 5
4 1
5 1
6 7
7 5
8 7
9 4
10 4
11 7
12 2
13 1
14 6
15 7
16 2
17 4
18 6
19 2
20 5
21 3
22 1
23 7
24 7
25 2
26 4
27 2
28 3
29 4
30 7
31 5
DEPOT_SECTION
 1
 -1
 EOF 