NAME: I6638-n33-k5
COMMENT : (Fake et al, No of trucks: 5, Optimal value: )
TYPE : CVRP
DIMENSION : 33
EDGE_WEIGHT_TYPE : EUC_2D
CAPACITY : 8
NODE_COORD_SECTION
1 88 1000
2 201 284
3 775 73
4 597 802
5 393 540
6 532 631
7 454 928
8 98 177
9 850 650
10 89 148
11 729 315
12 32 302
13 46 903
14 711 738
15 588 611
16 988 627
17 893 17
18 796 326
19 976 947
20 686 837
21 174 951
22 208 739
23 822 591
24 195 927
25 472 678
26 341 89
27 23 341
28 920 928
29 263 730
30 928 382
31 786 293
32 436 954
33 235 576
DEMAND_SECTION
1 0
2 1
3 1
4 1
5 1
6 1
7 1
8 1
9 1
10 1
11 1
12 1
13 1
14 1
15 1
16 1
17 1
18 1
19 1
20 1
21 1
22 1
23 1
24 1
25 1
26 1
27 1
28 1
29 1
30 1
31 1
32 1
33 1
DEPOT_SECTION
 1
 -1
 EOF 