NAME: I664-n49-k6
COMMENT : (Fake et al, No of trucks: 6, Optimal value: )
TYPE : CVRP
DIMENSION : 49
EDGE_WEIGHT_TYPE : EUC_2D
CAPACITY : 17
NODE_COORD_SECTION
1 278 409
2 245 477
3 437 808
4 9 283
5 385 352
6 380 982
7 625 71
8 912 795
9 448 966
10 387 254
11 292 704
12 57 754
13 31 902
14 581 185
15 256 869
16 639 567
17 692 102
18 105 373
19 280 391
20 784 43
21 101 21
22 167 65
23 652 70
24 234 952
25 74 513
26 330 212
27 459 326
28 396 714
29 346 636
30 843 651
31 989 164
32 168 715
33 60 633
34 585 954
35 35 278
36 960 905
37 846 144
38 749 174
39 890 130
40 273 841
41 267 948
42 319 521
43 697 751
44 55 73
45 783 672
46 125 455
47 958 53
48 152 667
49 996 915
DEMAND_SECTION
1 0
2 1
3 2
4 1
5 2
6 3
7 2
8 3
9 1
10 2
11 2
12 1
13 1
14 1
15 2
16 1
17 1
18 1
19 1
20 2
21 1
22 2
23 2
24 2
25 3
26 2
27 2
28 3
29 1
30 1
31 1
32 1
33 3
34 2
35 1
36 2
37 1
38 1
39 2
40 1
41 2
42 3
43 3
44 1
45 2
46 3
47 2
48 2
49 1
DEPOT_SECTION
 1
 -1
 EOF 