NAME: I6645-n38-k3
COMMENT : (Fake et al, No of trucks: 3, Optimal value: )
TYPE : CVRP
DIMENSION : 38
EDGE_WEIGHT_TYPE : EUC_2D
CAPACITY : 39
NODE_COORD_SECTION
1 719 82
2 123 716
3 514 263
4 361 632
5 402 150
6 617 513
7 752 359
8 442 578
9 922 505
10 738 604
11 955 225
12 313 554
13 598 886
14 630 459
15 552 332
16 402 957
17 848 853
18 230 946
19 41 400
20 629 448
21 867 911
22 88 660
23 790 368
24 111 933
25 535 69
26 285 955
27 432 136
28 708 323
29 215 198
30 608 888
31 478 812
32 880 999
33 669 632
34 177 525
35 444 909
36 746 872
37 491 828
38 933 762
DEMAND_SECTION
1 0
2 4
3 4
4 2
5 1
6 4
7 4
8 1
9 4
10 3
11 2
12 2
13 4
14 2
15 1
16 4
17 4
18 2
19 3
20 1
21 1
22 2
23 4
24 1
25 3
26 2
27 4
28 2
29 1
30 4
31 1
32 2
33 3
34 2
35 2
36 4
37 2
38 3
DEPOT_SECTION
 1
 -1
 EOF 