NAME: I6717-n30-k5
COMMENT : (Fake et al, No of trucks: 5, Optimal value: )
TYPE : CVRP
DIMENSION : 30
EDGE_WEIGHT_TYPE : EUC_2D
CAPACITY : 15
NODE_COORD_SECTION
1 611 561
2 53 45
3 816 206
4 454 949
5 896 142
6 72 535
7 954 797
8 84 178
9 207 695
10 132 606
11 941 678
12 197 637
13 806 369
14 707 368
15 829 658
16 434 202
17 691 137
18 584 587
19 639 280
20 967 790
21 931 834
22 547 878
23 471 974
24 703 470
25 987 833
26 228 621
27 535 98
28 720 737
29 595 560
30 51 412
DEMAND_SECTION
1 0
2 1
3 3
4 2
5 3
6 1
7 3
8 2
9 2
10 3
11 3
12 2
13 2
14 3
15 3
16 2
17 1
18 2
19 2
20 2
21 2
22 1
23 1
24 2
25 1
26 3
27 3
28 3
29 3
30 3
DEPOT_SECTION
 1
 -1
 EOF 