NAME: I6745-n48-k6
COMMENT : (Fake et al, No of trucks: 6, Optimal value: )
TYPE : CVRP
DIMENSION : 48
EDGE_WEIGHT_TYPE : EUC_2D
CAPACITY : 34
NODE_COORD_SECTION
1 918 792
2 407 283
3 165 933
4 410 354
5 27 85
6 128 514
7 572 781
8 824 677
9 967 127
10 560 473
11 38 295
12 385 22
13 759 546
14 536 844
15 392 473
16 235 179
17 65 773
18 801 756
19 454 727
20 441 547
21 880 697
22 206 758
23 869 460
24 677 977
25 859 320
26 400 78
27 248 421
28 815 570
29 760 580
30 310 10
31 429 84
32 167 110
33 516 40
34 294 839
35 92 36
36 207 295
37 621 460
38 784 860
39 471 11
40 375 8
41 200 114
42 786 121
43 438 393
44 159 260
45 800 143
46 428 359
47 171 7
48 20 823
DEMAND_SECTION
1 0
2 3
3 2
4 1
5 2
6 1
7 2
8 2
9 5
10 4
11 1
12 1
13 6
14 2
15 3
16 4
17 2
18 6
19 6
20 6
21 1
22 5
23 2
24 3
25 6
26 3
27 5
28 6
29 2
30 5
31 2
32 5
33 2
34 6
35 4
36 5
37 4
38 6
39 4
40 3
41 6
42 1
43 1
44 5
45 4
46 6
47 2
48 6
DEPOT_SECTION
 1
 -1
 EOF 