NAME: I6779-n44-k3
COMMENT : (Fake et al, No of trucks: 3, Optimal value: )
TYPE : CVRP
DIMENSION : 44
EDGE_WEIGHT_TYPE : EUC_2D
CAPACITY : 73
NODE_COORD_SECTION
1 769 764
2 692 425
3 287 829
4 224 871
5 733 310
6 331 565
7 977 593
8 379 878
9 530 837
10 978 971
11 553 185
12 304 600
13 433 924
14 633 595
15 917 996
16 415 154
17 481 751
18 114 959
19 341 734
20 786 404
21 831 323
22 117 464
23 216 246
24 527 543
25 252 910
26 634 725
27 775 133
28 65 411
29 777 929
30 823 922
31 782 648
32 481 302
33 275 634
34 672 863
35 674 465
36 607 447
37 9 91
38 879 94
39 558 414
40 174 351
41 824 909
42 846 632
43 999 95
44 60 170
DEMAND_SECTION
1 0
2 6
3 7
4 1
5 3
6 1
7 7
8 7
9 4
10 7
11 7
12 7
13 4
14 2
15 6
16 2
17 2
18 1
19 3
20 6
21 4
22 3
23 5
24 1
25 3
26 7
27 1
28 4
29 1
30 7
31 7
32 4
33 5
34 7
35 2
36 5
37 7
38 3
39 6
40 1
41 5
42 2
43 7
44 4
DEPOT_SECTION
 1
 -1
 EOF 