NAME: I6823-n31-k5
COMMENT : (Fake et al, No of trucks: 5, Optimal value: )
TYPE : CVRP
DIMENSION : 31
EDGE_WEIGHT_TYPE : EUC_2D
CAPACITY : 11
NODE_COORD_SECTION
1 235 384
2 141 850
3 405 104
4 790 83
5 858 130
6 816 434
7 954 176
8 378 153
9 3 775
10 536 292
11 655 743
12 692 965
13 755 300
14 463 52
15 144 981
16 623 549
17 312 678
18 115 628
19 174 991
20 707 974
21 857 673
22 817 835
23 215 614
24 528 228
25 312 651
26 740 60
27 529 670
28 561 505
29 656 585
30 999 369
31 557 383
DEMAND_SECTION
1 0
2 2
3 1
4 1
5 1
6 1
7 1
8 2
9 2
10 2
11 1
12 1
13 1
14 2
15 2
16 2
17 2
18 1
19 1
20 2
21 1
22 1
23 1
24 1
25 2
26 2
27 2
28 2
29 2
30 2
31 1
DEPOT_SECTION
 1
 -1
 EOF 