NAME: I6836-n25-k6
COMMENT : (Fake et al, No of trucks: 6, Optimal value: )
TYPE : CVRP
DIMENSION : 25
EDGE_WEIGHT_TYPE : EUC_2D
CAPACITY : 13
NODE_COORD_SECTION
1 894 492
2 890 204
3 185 200
4 99 563
5 267 300
6 259 622
7 473 377
8 331 826
9 818 883
10 502 881
11 693 346
12 45 365
13 730 935
14 669 942
15 891 603
16 497 997
17 159 962
18 252 491
19 718 700
20 202 445
21 649 51
22 734 683
23 374 409
24 724 115
25 48 319
DEMAND_SECTION
1 0
2 2
3 3
4 1
5 3
6 2
7 3
8 3
9 2
10 3
11 4
12 2
13 3
14 4
15 3
16 1
17 4
18 4
19 2
20 1
21 4
22 3
23 3
24 4
25 1
DEPOT_SECTION
 1
 -1
 EOF 