NAME: I6908-n25-k6
COMMENT : (Fake et al, No of trucks: 6, Optimal value: )
TYPE : CVRP
DIMENSION : 25
EDGE_WEIGHT_TYPE : EUC_2D
CAPACITY : 9
NODE_COORD_SECTION
1 396 208
2 327 857
3 314 525
4 330 355
5 733 422
6 260 470
7 890 491
8 992 328
9 638 765
10 210 980
11 484 953
12 602 694
13 596 776
14 795 900
15 387 973
16 225 614
17 738 160
18 223 797
19 96 804
20 435 563
21 667 673
22 746 519
23 79 682
24 348 713
25 857 790
DEMAND_SECTION
1 0
2 1
3 3
4 3
5 3
6 3
7 3
8 3
9 1
10 1
11 1
12 3
13 2
14 2
15 2
16 2
17 1
18 2
19 2
20 1
21 1
22 3
23 1
24 2
25 1
DEPOT_SECTION
 1
 -1
 EOF 