NAME: I6906-n30-k4
COMMENT : (Fake et al, No of trucks: 4, Optimal value: )
TYPE : CVRP
DIMENSION : 30
EDGE_WEIGHT_TYPE : EUC_2D
CAPACITY : 23
NODE_COORD_SECTION
1 679 541
2 724 384
3 935 166
4 996 966
5 937 469
6 987 683
7 940 809
8 465 114
9 153 738
10 417 334
11 891 750
12 468 357
13 956 381
14 991 280
15 403 304
16 545 223
17 754 808
18 89 319
19 88 187
20 523 211
21 795 701
22 712 206
23 744 182
24 59 291
25 434 236
26 844 827
27 361 388
28 25 484
29 789 988
30 58 495
DEMAND_SECTION
1 0
2 2
3 3
4 4
5 4
6 3
7 3
8 2
9 1
10 2
11 1
12 4
13 3
14 2
15 3
16 3
17 3
18 1
19 2
20 3
21 3
22 4
23 2
24 4
25 3
26 3
27 2
28 3
29 4
30 3
DEPOT_SECTION
 1
 -1
 EOF 