NAME: I6956-n48-k4
COMMENT : (Fake et al, No of trucks: 4, Optimal value: )
TYPE : CVRP
DIMENSION : 48
EDGE_WEIGHT_TYPE : EUC_2D
CAPACITY : 56
NODE_COORD_SECTION
1 626 869
2 366 18
3 998 411
4 89 36
5 936 665
6 856 318
7 201 773
8 572 884
9 904 607
10 209 989
11 274 818
12 885 539
13 632 310
14 884 694
15 204 557
16 786 353
17 329 650
18 43 675
19 437 906
20 938 915
21 26 170
22 19 304
23 225 436
24 635 350
25 285 320
26 813 101
27 799 859
28 784 141
29 361 264
30 167 545
31 18 899
32 234 288
33 776 922
34 142 262
35 591 466
36 364 436
37 505 455
38 914 559
39 643 733
40 758 978
41 250 576
42 789 543
43 637 148
44 703 629
45 246 981
46 137 392
47 741 506
48 768 607
DEMAND_SECTION
1 0
2 2
3 1
4 5
5 1
6 7
7 5
8 3
9 5
10 1
11 2
12 4
13 5
14 1
15 4
16 3
17 7
18 7
19 3
20 3
21 5
22 7
23 4
24 7
25 4
26 4
27 6
28 4
29 3
30 5
31 5
32 4
33 7
34 2
35 5
36 6
37 1
38 6
39 4
40 5
41 4
42 7
43 5
44 6
45 2
46 1
47 2
48 5
DEPOT_SECTION
 1
 -1
 EOF 