NAME: I7009-n39-k6
COMMENT : (Fake et al, No of trucks: 6, Optimal value: )
TYPE : CVRP
DIMENSION : 39
EDGE_WEIGHT_TYPE : EUC_2D
CAPACITY : 27
NODE_COORD_SECTION
1 395 713
2 961 694
3 841 37
4 890 190
5 382 694
6 512 635
7 43 99
8 313 14
9 494 240
10 427 514
11 392 176
12 791 574
13 729 409
14 676 696
15 119 583
16 809 747
17 202 414
18 957 415
19 865 623
20 8 909
21 84 386
22 586 14
23 308 540
24 436 127
25 631 668
26 638 198
27 331 499
28 806 155
29 610 145
30 428 358
31 30 370
32 763 670
33 816 70
34 810 169
35 427 905
36 643 336
37 217 54
38 962 251
39 792 827
DEMAND_SECTION
1 0
2 5
3 2
4 1
5 6
6 6
7 3
8 2
9 5
10 6
11 3
12 1
13 5
14 5
15 3
16 1
17 4
18 4
19 1
20 2
21 3
22 6
23 2
24 6
25 6
26 6
27 6
28 4
29 4
30 3
31 3
32 3
33 6
34 1
35 1
36 6
37 5
38 5
39 4
DEPOT_SECTION
 1
 -1
 EOF 