NAME: I7037-n28-k4
COMMENT : (Fake et al, No of trucks: 4, Optimal value: )
TYPE : CVRP
DIMENSION : 28
EDGE_WEIGHT_TYPE : EUC_2D
CAPACITY : 21
NODE_COORD_SECTION
1 911 427
2 16 127
3 504 705
4 914 974
5 147 169
6 610 981
7 272 500
8 493 475
9 715 451
10 747 520
11 617 48
12 445 847
13 88 591
14 163 147
15 437 117
16 452 399
17 79 525
18 636 339
19 745 832
20 149 614
21 537 863
22 751 272
23 461 514
24 803 411
25 929 898
26 232 68
27 820 543
28 483 406
DEMAND_SECTION
1 0
2 3
3 1
4 1
5 1
6 3
7 4
8 3
9 1
10 1
11 4
12 1
13 3
14 4
15 2
16 2
17 1
18 4
19 1
20 2
21 2
22 4
23 3
24 4
25 2
26 3
27 4
28 3
DEPOT_SECTION
 1
 -1
 EOF 