NAME: I7043-n41-k3
COMMENT : (Fake et al, No of trucks: 3, Optimal value: )
TYPE : CVRP
DIMENSION : 41
EDGE_WEIGHT_TYPE : EUC_2D
CAPACITY : 86
NODE_COORD_SECTION
1 741 182
2 971 403
3 227 765
4 825 404
5 997 984
6 73 600
7 431 771
8 549 874
9 985 995
10 883 343
11 968 283
12 64 978
13 775 623
14 146 245
15 199 764
16 140 253
17 384 33
18 52 832
19 832 333
20 132 677
21 726 139
22 666 740
23 769 951
24 907 939
25 626 354
26 485 193
27 632 779
28 37 649
29 558 960
30 203 730
31 737 595
32 875 752
33 439 178
34 799 770
35 786 282
36 578 864
37 771 127
38 965 580
39 901 720
40 673 653
41 440 101
DEMAND_SECTION
1 0
2 4
3 9
4 10
5 4
6 1
7 9
8 8
9 10
10 3
11 7
12 7
13 4
14 7
15 5
16 2
17 5
18 6
19 3
20 8
21 2
22 2
23 8
24 2
25 1
26 7
27 4
28 8
29 8
30 5
31 6
32 2
33 5
34 1
35 7
36 8
37 10
38 6
39 4
40 8
41 4
DEPOT_SECTION
 1
 -1
 EOF 