NAME: I7050-n24-k4
COMMENT : (Fake et al, No of trucks: 4, Optimal value: )
TYPE : CVRP
DIMENSION : 24
EDGE_WEIGHT_TYPE : EUC_2D
CAPACITY : 7
NODE_COORD_SECTION
1 648 577
2 74 990
3 854 730
4 885 450
5 440 342
6 958 355
7 663 350
8 410 711
9 443 184
10 896 533
11 248 875
12 737 126
13 442 252
14 160 15
15 302 814
16 981 871
17 424 828
18 807 504
19 85 68
20 293 596
21 873 145
22 835 903
23 306 124
24 102 838
DEMAND_SECTION
1 0
2 1
3 1
4 1
5 1
6 1
7 1
8 1
9 1
10 1
11 1
12 1
13 1
14 1
15 1
16 1
17 1
18 1
19 1
20 1
21 1
22 1
23 1
24 1
DEPOT_SECTION
 1
 -1
 EOF 