NAME: I7066-n37-k6
COMMENT : (Fake et al, No of trucks: 6, Optimal value: )
TYPE : CVRP
DIMENSION : 37
EDGE_WEIGHT_TYPE : EUC_2D
CAPACITY : 39
NODE_COORD_SECTION
1 537 157
2 746 708
3 20 335
4 642 228
5 282 233
6 805 798
7 364 120
8 146 584
9 89 570
10 891 25
11 580 870
12 732 260
13 974 489
14 148 531
15 640 97
16 101 538
17 186 95
18 239 961
19 830 615
20 703 695
21 868 837
22 14 869
23 725 389
24 674 860
25 411 996
26 252 341
27 841 914
28 443 219
29 93 393
30 370 946
31 250 562
32 689 38
33 713 782
34 443 80
35 213 65
36 787 912
37 488 366
DEMAND_SECTION
1 0
2 8
3 4
4 8
5 5
6 9
7 10
8 4
9 2
10 10
11 6
12 8
13 1
14 9
15 1
16 3
17 2
18 8
19 2
20 7
21 5
22 8
23 2
24 4
25 9
26 5
27 4
28 9
29 4
30 3
31 7
32 1
33 6
34 9
35 7
36 1
37 2
DEPOT_SECTION
 1
 -1
 EOF 