NAME: I7121-n43-k6
COMMENT : (Fake et al, No of trucks: 6, Optimal value: )
TYPE : CVRP
DIMENSION : 43
EDGE_WEIGHT_TYPE : EUC_2D
CAPACITY : 32
NODE_COORD_SECTION
1 320 566
2 611 746
3 90 687
4 514 393
5 977 814
6 844 340
7 578 674
8 801 690
9 362 279
10 583 816
11 480 119
12 889 773
13 417 646
14 57 552
15 850 698
16 938 768
17 935 608
18 244 192
19 134 851
20 909 450
21 82 207
22 164 801
23 732 238
24 232 672
25 58 362
26 290 758
27 908 67
28 607 426
29 793 932
30 343 430
31 598 854
32 632 98
33 530 639
34 315 636
35 625 487
36 182 138
37 624 962
38 873 86
39 223 956
40 164 152
41 966 390
42 725 777
43 601 210
DEMAND_SECTION
1 0
2 2
3 1
4 3
5 6
6 3
7 2
8 5
9 6
10 6
11 5
12 3
13 5
14 2
15 3
16 2
17 4
18 5
19 4
20 4
21 6
22 2
23 6
24 5
25 6
26 5
27 4
28 1
29 3
30 3
31 2
32 4
33 1
34 2
35 6
36 5
37 2
38 6
39 6
40 2
41 3
42 6
43 1
DEPOT_SECTION
 1
 -1
 EOF 