NAME: I714-n25-k3
COMMENT : (Fake et al, No of trucks: 3, Optimal value: )
TYPE : CVRP
DIMENSION : 25
EDGE_WEIGHT_TYPE : EUC_2D
CAPACITY : 19
NODE_COORD_SECTION
1 187 704
2 157 957
3 134 1
4 915 953
5 862 297
6 446 438
7 401 580
8 943 362
9 55 449
10 624 527
11 670 607
12 455 488
13 451 24
14 618 500
15 399 990
16 889 30
17 840 378
18 888 325
19 948 966
20 772 276
21 375 936
22 761 548
23 686 96
24 988 876
25 769 903
DEMAND_SECTION
1 0
2 2
3 3
4 2
5 4
6 4
7 4
8 1
9 1
10 2
11 1
12 3
13 1
14 1
15 1
16 3
17 1
18 1
19 2
20 1
21 2
22 3
23 2
24 2
25 3
DEPOT_SECTION
 1
 -1
 EOF 