NAME: I7181-n50-k3
COMMENT : (Fake et al, No of trucks: 3, Optimal value: )
TYPE : CVRP
DIMENSION : 50
EDGE_WEIGHT_TYPE : EUC_2D
CAPACITY : 37
NODE_COORD_SECTION
1 140 268
2 885 337
3 723 398
4 905 994
5 126 442
6 748 174
7 474 218
8 75 106
9 53 691
10 729 787
11 788 938
12 834 43
13 794 901
14 47 32
15 39 965
16 776 834
17 383 236
18 851 608
19 853 186
20 816 313
21 205 933
22 933 399
23 231 178
24 408 700
25 852 588
26 858 35
27 48 448
28 535 117
29 986 351
30 460 145
31 337 721
32 679 448
33 638 294
34 291 178
35 377 417
36 477 737
37 628 357
38 714 495
39 906 440
40 350 35
41 987 225
42 95 760
43 387 820
44 690 830
45 813 79
46 115 898
47 345 747
48 565 266
49 326 729
50 4 818
DEMAND_SECTION
1 0
2 3
3 2
4 1
5 2
6 2
7 3
8 2
9 3
10 1
11 3
12 1
13 2
14 1
15 3
16 2
17 2
18 2
19 3
20 1
21 1
22 2
23 1
24 3
25 1
26 1
27 3
28 3
29 1
30 1
31 3
32 1
33 2
34 3
35 1
36 3
37 1
38 1
39 1
40 1
41 1
42 3
43 2
44 1
45 3
46 2
47 1
48 1
49 1
50 1
DEPOT_SECTION
 1
 -1
 EOF 