NAME: I721-n26-k6
COMMENT : (Fake et al, No of trucks: 6, Optimal value: )
TYPE : CVRP
DIMENSION : 26
EDGE_WEIGHT_TYPE : EUC_2D
CAPACITY : 27
NODE_COORD_SECTION
1 453 459
2 224 512
3 548 867
4 580 192
5 502 360
6 132 16
7 85 837
8 192 421
9 531 528
10 168 863
11 706 243
12 314 916
13 626 574
14 853 961
15 55 215
16 693 935
17 604 985
18 820 497
19 437 732
20 142 697
21 142 717
22 821 985
23 296 985
24 477 130
25 451 166
26 235 189
DEMAND_SECTION
1 0
2 3
3 2
4 4
5 6
6 9
7 9
8 3
9 10
10 8
11 9
12 3
13 6
14 2
15 3
16 8
17 1
18 2
19 8
20 8
21 3
22 6
23 6
24 5
25 8
26 4
DEPOT_SECTION
 1
 -1
 EOF 