NAME: I7239-n49-k3
COMMENT : (Fake et al, No of trucks: 3, Optimal value: )
TYPE : CVRP
DIMENSION : 49
EDGE_WEIGHT_TYPE : EUC_2D
CAPACITY : 60
NODE_COORD_SECTION
1 654 503
2 291 340
3 381 741
4 213 482
5 609 869
6 322 703
7 124 202
8 79 378
9 404 259
10 363 591
11 165 636
12 777 179
13 445 669
14 850 475
15 576 274
16 455 442
17 494 411
18 891 469
19 480 622
20 112 256
21 483 11
22 535 343
23 566 227
24 185 37
25 540 211
26 559 938
27 474 206
28 72 290
29 461 884
30 74 683
31 688 407
32 434 71
33 479 823
34 460 90
35 559 686
36 117 115
37 81 255
38 954 624
39 188 744
40 419 249
41 757 858
42 437 972
43 540 733
44 797 64
45 928 182
46 266 323
47 468 618
48 730 216
49 122 623
DEMAND_SECTION
1 0
2 2
3 4
4 2
5 1
6 1
7 1
8 2
9 5
10 5
11 5
12 4
13 6
14 2
15 2
16 2
17 4
18 1
19 4
20 4
21 1
22 5
23 6
24 6
25 6
26 4
27 6
28 5
29 4
30 5
31 3
32 1
33 2
34 6
35 2
36 1
37 4
38 5
39 3
40 4
41 1
42 5
43 2
44 4
45 5
46 1
47 4
48 4
49 3
DEPOT_SECTION
 1
 -1
 EOF 