NAME: I7286-n27-k3
COMMENT : (Fake et al, No of trucks: 3, Optimal value: )
TYPE : CVRP
DIMENSION : 27
EDGE_WEIGHT_TYPE : EUC_2D
CAPACITY : 31
NODE_COORD_SECTION
1 495 291
2 411 713
3 162 29
4 804 922
5 734 24
6 957 265
7 156 561
8 583 311
9 302 103
10 491 597
11 991 598
12 674 23
13 649 802
14 164 133
15 871 0
16 711 179
17 986 907
18 209 85
19 53 304
20 221 954
21 544 314
22 331 143
23 204 781
24 715 855
25 233 218
26 260 219
27 771 112
DEMAND_SECTION
1 0
2 5
3 3
4 5
5 1
6 2
7 4
8 5
9 5
10 4
11 2
12 2
13 2
14 1
15 1
16 1
17 2
18 4
19 3
20 1
21 3
22 1
23 4
24 5
25 4
26 5
27 2
DEPOT_SECTION
 1
 -1
 EOF 