NAME: I7332-n50-k4
COMMENT : (Fake et al, No of trucks: 4, Optimal value: )
TYPE : CVRP
DIMENSION : 50
EDGE_WEIGHT_TYPE : EUC_2D
CAPACITY : 49
NODE_COORD_SECTION
1 313 784
2 140 608
3 406 115
4 67 531
5 789 649
6 821 219
7 812 142
8 904 916
9 152 37
10 840 707
11 912 395
12 634 943
13 448 731
14 719 82
15 477 667
16 671 741
17 482 942
18 598 151
19 654 546
20 412 593
21 271 843
22 563 739
23 361 658
24 166 503
25 605 147
26 100 337
27 645 393
28 361 588
29 496 883
30 300 265
31 331 680
32 973 377
33 500 715
34 640 802
35 583 968
36 47 581
37 272 256
38 258 140
39 584 738
40 713 172
41 710 502
42 332 770
43 581 725
44 637 109
45 844 960
46 927 572
47 236 220
48 670 549
49 948 541
50 335 814
DEMAND_SECTION
1 0
2 5
3 5
4 5
5 5
6 6
7 3
8 3
9 6
10 3
11 5
12 5
13 3
14 2
15 2
16 2
17 4
18 4
19 2
20 6
21 2
22 4
23 2
24 5
25 2
26 3
27 1
28 1
29 4
30 1
31 6
32 5
33 1
34 4
35 4
36 3
37 6
38 1
39 1
40 4
41 3
42 3
43 5
44 2
45 4
46 3
47 1
48 2
49 5
50 3
DEPOT_SECTION
 1
 -1
 EOF 