NAME: I739-n35-k6
COMMENT : (Fake et al, No of trucks: 6, Optimal value: )
TYPE : CVRP
DIMENSION : 35
EDGE_WEIGHT_TYPE : EUC_2D
CAPACITY : 7
NODE_COORD_SECTION
1 828 656
2 411 54
3 279 521
4 958 778
5 236 84
6 187 662
7 843 715
8 613 177
9 960 124
10 753 536
11 834 132
12 96 529
13 620 71
14 784 159
15 778 856
16 122 317
17 158 597
18 658 759
19 922 737
20 879 824
21 258 337
22 777 919
23 409 465
24 850 506
25 89 595
26 369 631
27 481 228
28 932 751
29 588 442
30 250 887
31 804 365
32 833 986
33 717 326
34 980 531
35 697 593
DEMAND_SECTION
1 0
2 1
3 1
4 1
5 1
6 1
7 1
8 1
9 1
10 1
11 1
12 1
13 1
14 1
15 1
16 1
17 1
18 1
19 1
20 1
21 1
22 1
23 1
24 1
25 1
26 1
27 1
28 1
29 1
30 1
31 1
32 1
33 1
34 1
35 1
DEPOT_SECTION
 1
 -1
 EOF 