NAME: I7427-n30-k6
COMMENT : (Fake et al, No of trucks: 6, Optimal value: )
TYPE : CVRP
DIMENSION : 30
EDGE_WEIGHT_TYPE : EUC_2D
CAPACITY : 8
NODE_COORD_SECTION
1 782 958
2 585 499
3 519 334
4 707 593
5 767 718
6 481 138
7 201 924
8 674 832
9 784 675
10 843 934
11 574 549
12 703 339
13 862 170
14 988 263
15 505 464
16 447 877
17 859 95
18 508 464
19 115 386
20 217 243
21 184 354
22 202 401
23 323 876
24 446 743
25 599 287
26 579 386
27 406 518
28 676 741
29 922 307
30 176 221
DEMAND_SECTION
1 0
2 1
3 2
4 1
5 1
6 2
7 2
8 1
9 2
10 2
11 1
12 2
13 1
14 1
15 1
16 1
17 2
18 1
19 1
20 2
21 1
22 2
23 2
24 2
25 1
26 1
27 2
28 1
29 1
30 1
DEPOT_SECTION
 1
 -1
 EOF 