NAME: I7454-n24-k4
COMMENT : (Fake et al, No of trucks: 4, Optimal value: )
TYPE : CVRP
DIMENSION : 24
EDGE_WEIGHT_TYPE : EUC_2D
CAPACITY : 13
NODE_COORD_SECTION
1 169 131
2 926 581
3 36 647
4 116 843
5 317 440
6 508 335
7 698 198
8 845 318
9 956 880
10 361 284
11 67 142
12 663 638
13 843 168
14 667 316
15 97 350
16 651 855
17 41 209
18 142 242
19 904 181
20 366 802
21 431 79
22 146 517
23 954 655
24 218 190
DEMAND_SECTION
1 0
2 2
3 2
4 3
5 1
6 3
7 3
8 2
9 3
10 1
11 3
12 2
13 2
14 3
15 3
16 3
17 1
18 1
19 2
20 3
21 1
22 1
23 2
24 1
DEPOT_SECTION
 1
 -1
 EOF 