NAME: I7516-n43-k4
COMMENT : (Fake et al, No of trucks: 4, Optimal value: )
TYPE : CVRP
DIMENSION : 43
EDGE_WEIGHT_TYPE : EUC_2D
CAPACITY : 24
NODE_COORD_SECTION
1 522 238
2 369 297
3 538 668
4 232 313
5 956 622
6 411 630
7 285 70
8 194 824
9 197 6
10 632 413
11 103 1
12 718 171
13 407 412
14 851 91
15 126 482
16 981 452
17 793 646
18 853 401
19 592 606
20 359 293
21 83 310
22 402 463
23 824 825
24 736 286
25 194 23
26 952 705
27 525 21
28 1000 906
29 80 587
30 167 341
31 426 937
32 124 653
33 559 638
34 710 766
35 769 640
36 586 150
37 187 532
38 772 756
39 769 145
40 201 459
41 925 660
42 337 686
43 211 897
DEMAND_SECTION
1 0
2 2
3 3
4 1
5 3
6 1
7 2
8 1
9 2
10 2
11 2
12 1
13 3
14 1
15 2
16 3
17 3
18 3
19 1
20 1
21 3
22 3
23 3
24 2
25 2
26 2
27 2
28 2
29 3
30 3
31 2
32 1
33 2
34 3
35 2
36 3
37 2
38 3
39 1
40 2
41 2
42 1
43 1
DEPOT_SECTION
 1
 -1
 EOF 