NAME: I7551-n48-k5
COMMENT : (Fake et al, No of trucks: 5, Optimal value: )
TYPE : CVRP
DIMENSION : 48
EDGE_WEIGHT_TYPE : EUC_2D
CAPACITY : 16
NODE_COORD_SECTION
1 308 899
2 783 403
3 440 843
4 247 939
5 312 265
6 359 343
7 154 584
8 617 760
9 128 402
10 95 496
11 639 393
12 108 458
13 560 900
14 452 601
15 141 202
16 249 387
17 52 179
18 644 424
19 810 129
20 741 537
21 311 205
22 212 413
23 50 842
24 250 726
25 211 72
26 112 834
27 834 396
28 78 405
29 891 779
30 307 816
31 91 378
32 838 452
33 715 804
34 713 814
35 902 772
36 378 531
37 236 733
38 208 123
39 175 809
40 84 226
41 756 253
42 629 267
43 964 391
44 415 837
45 558 176
46 514 723
47 48 208
48 857 585
DEMAND_SECTION
1 0
2 1
3 2
4 2
5 1
6 1
7 2
8 2
9 2
10 2
11 2
12 1
13 2
14 1
15 1
16 1
17 1
18 2
19 1
20 1
21 2
22 2
23 2
24 2
25 2
26 1
27 2
28 2
29 2
30 1
31 1
32 1
33 2
34 2
35 1
36 1
37 2
38 2
39 2
40 1
41 1
42 2
43 1
44 2
45 2
46 1
47 1
48 2
DEPOT_SECTION
 1
 -1
 EOF 