NAME: I7563-n32-k5
COMMENT : (Fake et al, No of trucks: 5, Optimal value: )
TYPE : CVRP
DIMENSION : 32
EDGE_WEIGHT_TYPE : EUC_2D
CAPACITY : 35
NODE_COORD_SECTION
1 983 507
2 200 573
3 790 352
4 762 14
5 499 442
6 271 240
7 6 188
8 827 853
9 574 941
10 690 637
11 108 461
12 601 444
13 718 498
14 471 270
15 992 446
16 46 743
17 215 740
18 913 412
19 649 216
20 328 780
21 865 328
22 298 208
23 863 624
24 619 548
25 121 652
26 680 933
27 407 887
28 680 708
29 810 188
30 580 758
31 34 295
32 761 45
DEMAND_SECTION
1 0
2 8
3 8
4 6
5 5
6 3
7 5
8 2
9 3
10 8
11 7
12 7
13 6
14 6
15 1
16 3
17 6
18 4
19 7
20 2
21 6
22 4
23 4
24 2
25 8
26 7
27 5
28 7
29 5
30 3
31 5
32 1
DEPOT_SECTION
 1
 -1
 EOF 