NAME: I7592-n44-k3
COMMENT : (Fake et al, No of trucks: 3, Optimal value: )
TYPE : CVRP
DIMENSION : 44
EDGE_WEIGHT_TYPE : EUC_2D
CAPACITY : 76
NODE_COORD_SECTION
1 258 242
2 257 767
3 255 5
4 745 488
5 658 847
6 260 733
7 360 471
8 876 753
9 894 452
10 516 781
11 195 294
12 277 987
13 596 917
14 889 420
15 569 10
16 875 269
17 830 945
18 485 334
19 93 30
20 435 175
21 530 794
22 465 820
23 809 477
24 671 530
25 893 116
26 96 526
27 63 45
28 116 181
29 166 924
30 291 590
31 482 714
32 521 75
33 459 328
34 623 325
35 761 82
36 601 143
37 108 6
38 947 642
39 360 129
40 379 6
41 50 371
42 835 895
43 453 434
44 793 120
DEMAND_SECTION
1 0
2 2
3 1
4 6
5 5
6 3
7 8
8 3
9 3
10 5
11 5
12 1
13 2
14 5
15 6
16 2
17 5
18 3
19 3
20 1
21 6
22 6
23 2
24 8
25 2
26 8
27 6
28 8
29 6
30 8
31 1
32 4
33 8
34 4
35 2
36 8
37 7
38 4
39 7
40 1
41 2
42 5
43 8
44 8
DEPOT_SECTION
 1
 -1
 EOF 