NAME: I7617-n29-k6
COMMENT : (Fake et al, No of trucks: 6, Optimal value: )
TYPE : CVRP
DIMENSION : 29
EDGE_WEIGHT_TYPE : EUC_2D
CAPACITY : 24
NODE_COORD_SECTION
1 639 889
2 197 928
3 752 278
4 783 808
5 706 222
6 40 511
7 178 706
8 948 74
9 343 507
10 573 291
11 980 428
12 751 792
13 845 903
14 740 88
15 373 929
16 337 926
17 162 826
18 852 235
19 839 592
20 473 660
21 870 800
22 627 675
23 967 685
24 305 466
25 831 694
26 255 738
27 276 126
28 121 122
29 154 993
DEMAND_SECTION
1 0
2 3
3 6
4 8
5 3
6 1
7 8
8 3
9 3
10 4
11 6
12 4
13 3
14 3
15 7
16 2
17 7
18 2
19 7
20 8
21 1
22 4
23 1
24 4
25 7
26 6
27 2
28 2
29 6
DEPOT_SECTION
 1
 -1
 EOF 