NAME: I7693-n41-k5
COMMENT : (Fake et al, No of trucks: 5, Optimal value: )
TYPE : CVRP
DIMENSION : 41
EDGE_WEIGHT_TYPE : EUC_2D
CAPACITY : 69
NODE_COORD_SECTION
1 628 209
2 429 54
3 147 892
4 762 181
5 634 789
6 631 463
7 68 592
8 935 288
9 232 183
10 176 58
11 590 369
12 161 635
13 765 816
14 672 339
15 480 425
16 700 375
17 542 719
18 440 982
19 729 939
20 856 450
21 508 206
22 786 168
23 828 390
24 57 406
25 186 22
26 974 448
27 357 443
28 942 219
29 747 760
30 156 648
31 784 705
32 841 871
33 378 36
34 998 500
35 48 941
36 40 241
37 88 868
38 629 150
39 425 376
40 208 955
41 793 462
DEMAND_SECTION
1 0
2 11
3 11
4 11
5 11
6 2
7 8
8 5
9 4
10 9
11 2
12 8
13 7
14 9
15 3
16 8
17 7
18 11
19 11
20 7
21 9
22 6
23 9
24 1
25 9
26 5
27 9
28 1
29 2
30 11
31 4
32 9
33 2
34 11
35 8
36 6
37 11
38 6
39 9
40 8
41 7
DEPOT_SECTION
 1
 -1
 EOF 