NAME: I7711-n31-k4
COMMENT : (Fake et al, No of trucks: 4, Optimal value: )
TYPE : CVRP
DIMENSION : 31
EDGE_WEIGHT_TYPE : EUC_2D
CAPACITY : 19
NODE_COORD_SECTION
1 145 760
2 243 343
3 1000 51
4 187 75
5 634 357
6 765 951
7 135 867
8 324 849
9 182 326
10 464 328
11 941 70
12 809 590
13 347 276
14 489 252
15 840 734
16 649 900
17 582 190
18 299 184
19 828 459
20 425 413
21 918 79
22 873 923
23 290 182
24 80 862
25 70 687
26 134 54
27 621 675
28 57 37
29 554 97
30 9 854
31 982 810
DEMAND_SECTION
1 0
2 2
3 2
4 3
5 3
6 2
7 3
8 3
9 2
10 1
11 2
12 1
13 3
14 3
15 3
16 2
17 2
18 2
19 1
20 1
21 3
22 3
23 2
24 2
25 1
26 3
27 1
28 3
29 3
30 3
31 3
DEPOT_SECTION
 1
 -1
 EOF 