NAME: I7769-n31-k5
COMMENT : (Fake et al, No of trucks: 5, Optimal value: )
TYPE : CVRP
DIMENSION : 31
EDGE_WEIGHT_TYPE : EUC_2D
CAPACITY : 8
NODE_COORD_SECTION
1 430 19
2 709 555
3 295 36
4 759 468
5 289 623
6 43 563
7 321 939
8 253 729
9 867 694
10 664 394
11 476 507
12 897 694
13 743 713
14 765 56
15 2 177
16 82 276
17 240 856
18 198 500
19 304 91
20 353 771
21 677 917
22 29 588
23 517 715
24 547 207
25 367 875
26 833 549
27 791 137
28 913 21
29 865 242
30 68 152
31 839 12
DEMAND_SECTION
1 0
2 1
3 1
4 1
5 1
6 1
7 1
8 1
9 1
10 1
11 1
12 1
13 1
14 1
15 1
16 1
17 1
18 1
19 1
20 1
21 1
22 1
23 1
24 1
25 1
26 1
27 1
28 1
29 1
30 1
31 1
DEPOT_SECTION
 1
 -1
 EOF 