NAME: I7777-n34-k4
COMMENT : (Fake et al, No of trucks: 4, Optimal value: )
TYPE : CVRP
DIMENSION : 34
EDGE_WEIGHT_TYPE : EUC_2D
CAPACITY : 53
NODE_COORD_SECTION
1 204 251
2 636 836
3 42 741
4 326 685
5 326 369
6 760 174
7 916 994
8 134 187
9 484 801
10 774 452
11 226 409
12 350 736
13 940 414
14 313 417
15 852 316
16 236 155
17 566 142
18 433 694
19 902 303
20 794 656
21 475 618
22 817 597
23 892 525
24 407 752
25 560 602
26 219 918
27 386 908
28 142 442
29 799 565
30 427 375
31 794 845
32 825 874
33 775 499
34 509 683
DEMAND_SECTION
1 0
2 6
3 3
4 4
5 1
6 1
7 2
8 9
9 8
10 8
11 3
12 5
13 4
14 7
15 9
16 8
17 5
18 9
19 4
20 8
21 7
22 4
23 9
24 6
25 5
26 4
27 3
28 9
29 5
30 4
31 6
32 7
33 8
34 7
DEPOT_SECTION
 1
 -1
 EOF 