NAME: I7817-n36-k3
COMMENT : (Fake et al, No of trucks: 3, Optimal value: )
TYPE : CVRP
DIMENSION : 36
EDGE_WEIGHT_TYPE : EUC_2D
CAPACITY : 41
NODE_COORD_SECTION
1 411 52
2 693 575
3 979 918
4 152 719
5 481 408
6 181 168
7 84 692
8 441 334
9 903 12
10 531 829
11 408 166
12 132 358
13 364 968
14 31 248
15 484 670
16 883 507
17 610 760
18 882 930
19 76 116
20 184 703
21 636 107
22 838 917
23 313 306
24 538 433
25 913 906
26 355 708
27 101 906
28 487 157
29 59 899
30 517 257
31 988 935
32 478 209
33 963 723
34 966 521
35 185 550
36 760 889
DEMAND_SECTION
1 0
2 4
3 1
4 4
5 4
6 1
7 2
8 2
9 2
10 6
11 4
12 6
13 3
14 3
15 6
16 1
17 2
18 3
19 3
20 4
21 3
22 5
23 2
24 1
25 1
26 1
27 2
28 2
29 2
30 5
31 1
32 6
33 5
34 5
35 4
36 1
DEPOT_SECTION
 1
 -1
 EOF 