NAME: I7853-n25-k6
COMMENT : (Fake et al, No of trucks: 6, Optimal value: )
TYPE : CVRP
DIMENSION : 25
EDGE_WEIGHT_TYPE : EUC_2D
CAPACITY : 7
NODE_COORD_SECTION
1 885 987
2 214 22
3 749 421
4 655 77
5 17 15
6 57 573
7 130 970
8 30 305
9 218 360
10 427 117
11 743 372
12 161 804
13 200 228
14 515 79
15 265 450
16 517 839
17 179 213
18 545 189
19 383 273
20 874 371
21 200 692
22 102 919
23 780 895
24 812 549
25 787 29
DEMAND_SECTION
1 0
2 2
3 1
4 2
5 1
6 1
7 1
8 1
9 1
10 2
11 1
12 2
13 1
14 1
15 2
16 2
17 2
18 1
19 2
20 1
21 1
22 2
23 1
24 2
25 2
DEPOT_SECTION
 1
 -1
 EOF 