NAME: I7889-n42-k6
COMMENT : (Fake et al, No of trucks: 6, Optimal value: )
TYPE : CVRP
DIMENSION : 42
EDGE_WEIGHT_TYPE : EUC_2D
CAPACITY : 11
NODE_COORD_SECTION
1 331 808
2 313 884
3 160 493
4 223 972
5 509 641
6 309 411
7 426 290
8 812 349
9 292 230
10 889 142
11 582 415
12 793 725
13 965 619
14 24 937
15 734 701
16 222 587
17 54 127
18 660 558
19 622 899
20 876 694
21 652 120
22 387 603
23 879 364
24 829 828
25 375 532
26 252 600
27 524 266
28 426 301
29 178 410
30 183 673
31 174 607
32 548 304
33 997 807
34 2 676
35 808 687
36 855 647
37 446 481
38 13 259
39 454 267
40 164 160
41 228 188
42 729 454
DEMAND_SECTION
1 0
2 1
3 2
4 2
5 1
6 1
7 1
8 2
9 2
10 1
11 1
12 2
13 1
14 1
15 1
16 1
17 1
18 2
19 2
20 2
21 2
22 1
23 2
24 1
25 2
26 2
27 2
28 1
29 2
30 2
31 1
32 1
33 1
34 1
35 1
36 1
37 1
38 2
39 2
40 1
41 1
42 1
DEPOT_SECTION
 1
 -1
 EOF 