NAME: I7912-n30-k3
COMMENT : (Fake et al, No of trucks: 3, Optimal value: )
TYPE : CVRP
DIMENSION : 30
EDGE_WEIGHT_TYPE : EUC_2D
CAPACITY : 17
NODE_COORD_SECTION
1 570 542
2 45 490
3 679 818
4 251 281
5 713 9
6 858 609
7 90 443
8 808 24
9 798 198
10 684 525
11 265 996
12 977 973
13 628 502
14 125 84
15 745 671
16 54 868
17 988 794
18 761 995
19 362 139
20 436 536
21 358 859
22 489 536
23 375 746
24 852 380
25 801 99
26 96 112
27 776 121
28 313 388
29 901 421
30 951 25
DEMAND_SECTION
1 0
2 2
3 1
4 2
5 1
6 2
7 2
8 1
9 2
10 1
11 2
12 2
13 2
14 2
15 1
16 2
17 1
18 1
19 1
20 1
21 2
22 2
23 1
24 1
25 2
26 2
27 1
28 2
29 2
30 1
DEPOT_SECTION
 1
 -1
 EOF 