NAME: I7917-n25-k6
COMMENT : (Fake et al, No of trucks: 6, Optimal value: )
TYPE : CVRP
DIMENSION : 25
EDGE_WEIGHT_TYPE : EUC_2D
CAPACITY : 22
NODE_COORD_SECTION
1 723 613
2 91 670
3 42 92
4 702 190
5 672 140
6 985 639
7 224 804
8 263 728
9 864 35
10 671 23
11 141 874
12 31 290
13 230 709
14 800 971
15 400 698
16 599 481
17 663 716
18 16 7
19 366 241
20 894 477
21 173 861
22 362 581
23 414 569
24 318 417
25 514 749
DEMAND_SECTION
1 0
2 5
3 5
4 7
5 7
6 1
7 3
8 6
9 4
10 7
11 7
12 6
13 6
14 3
15 2
16 7
17 7
18 6
19 4
20 4
21 4
22 6
23 2
24 6
25 1
DEPOT_SECTION
 1
 -1
 EOF 