NAME: I7922-n28-k3
COMMENT : (Fake et al, No of trucks: 3, Optimal value: )
TYPE : CVRP
DIMENSION : 28
EDGE_WEIGHT_TYPE : EUC_2D
CAPACITY : 62
NODE_COORD_SECTION
1 213 305
2 669 229
3 467 434
4 201 424
5 508 527
6 559 238
7 58 29
8 645 448
9 974 574
10 179 238
11 12 213
12 362 764
13 170 206
14 385 360
15 775 158
16 939 894
17 873 373
18 604 700
19 1000 977
20 625 362
21 862 470
22 532 353
23 596 64
24 939 917
25 974 343
26 641 309
27 712 818
28 382 1000
DEMAND_SECTION
1 0
2 7
3 9
4 2
5 9
6 4
7 8
8 7
9 2
10 2
11 8
12 1
13 7
14 11
15 6
16 3
17 4
18 9
19 5
20 7
21 5
22 9
23 4
24 11
25 11
26 1
27 1
28 8
DEPOT_SECTION
 1
 -1
 EOF 