NAME: I7924-n36-k4
COMMENT : (Fake et al, No of trucks: 4, Optimal value: )
TYPE : CVRP
DIMENSION : 36
EDGE_WEIGHT_TYPE : EUC_2D
CAPACITY : 56
NODE_COORD_SECTION
1 564 682
2 686 988
3 630 716
4 203 104
5 838 324
6 380 768
7 973 556
8 628 859
9 51 791
10 617 553
11 715 802
12 301 327
13 48 41
14 91 776
15 362 37
16 175 1000
17 261 505
18 795 326
19 476 936
20 627 968
21 945 207
22 43 650
23 871 879
24 568 341
25 309 747
26 8 785
27 730 241
28 920 963
29 798 336
30 890 411
31 198 316
32 413 539
33 610 86
34 731 507
35 384 787
36 11 281
DEMAND_SECTION
1 0
2 6
3 1
4 5
5 8
6 5
7 10
8 4
9 10
10 7
11 4
12 1
13 6
14 7
15 3
16 5
17 8
18 4
19 5
20 7
21 4
22 8
23 1
24 2
25 1
26 8
27 5
28 1
29 9
30 7
31 8
32 6
33 9
34 8
35 6
36 2
DEPOT_SECTION
 1
 -1
 EOF 