NAME: I7939-n39-k5
COMMENT : (Fake et al, No of trucks: 5, Optimal value: )
TYPE : CVRP
DIMENSION : 39
EDGE_WEIGHT_TYPE : EUC_2D
CAPACITY : 22
NODE_COORD_SECTION
1 56 480
2 714 388
3 198 567
4 135 58
5 490 351
6 316 583
7 561 702
8 174 905
9 540 493
10 505 718
11 335 964
12 568 133
13 874 229
14 156 192
15 74 183
16 782 639
17 608 706
18 890 226
19 46 336
20 473 784
21 481 213
22 598 994
23 611 32
24 556 799
25 745 463
26 185 629
27 295 736
28 553 695
29 668 517
30 899 268
31 884 752
32 497 536
33 539 447
34 328 36
35 464 982
36 45 192
37 560 342
38 659 12
39 725 249
DEMAND_SECTION
1 0
2 4
3 4
4 3
5 3
6 3
7 3
8 3
9 1
10 1
11 1
12 4
13 2
14 2
15 1
16 3
17 4
18 1
19 3
20 3
21 3
22 2
23 4
24 4
25 4
26 3
27 2
28 2
29 2
30 4
31 1
32 1
33 2
34 2
35 3
36 2
37 2
38 3
39 4
DEPOT_SECTION
 1
 -1
 EOF 