NAME: I7933-n50-k5
COMMENT : (Fake et al, No of trucks: 5, Optimal value: )
TYPE : CVRP
DIMENSION : 50
EDGE_WEIGHT_TYPE : EUC_2D
CAPACITY : 45
NODE_COORD_SECTION
1 387 173
2 234 417
3 939 993
4 249 189
5 297 290
6 208 791
7 515 86
8 135 787
9 121 556
10 320 842
11 429 8
12 6 618
13 372 737
14 937 747
15 728 280
16 885 255
17 762 44
18 612 589
19 441 684
20 398 459
21 935 244
22 337 592
23 839 762
24 752 633
25 648 656
26 983 736
27 5 920
28 946 502
29 87 162
30 77 476
31 501 502
32 761 113
33 994 19
34 356 823
35 510 25
36 867 281
37 592 466
38 0 186
39 744 2
40 711 950
41 311 732
42 55 132
43 736 681
44 498 758
45 120 790
46 718 385
47 536 756
48 95 277
49 273 394
50 375 542
DEMAND_SECTION
1 0
2 3
3 1
4 5
5 7
6 2
7 3
8 1
9 2
10 1
11 4
12 2
13 7
14 7
15 3
16 2
17 7
18 1
19 1
20 4
21 4
22 1
23 3
24 6
25 7
26 6
27 3
28 2
29 6
30 3
31 7
32 5
33 7
34 7
35 1
36 1
37 3
38 3
39 4
40 7
41 1
42 1
43 3
44 1
45 6
46 7
47 7
48 7
49 4
50 2
DEPOT_SECTION
 1
 -1
 EOF 