NAME: I7969-n34-k6
COMMENT : (Fake et al, No of trucks: 6, Optimal value: )
TYPE : CVRP
DIMENSION : 34
EDGE_WEIGHT_TYPE : EUC_2D
CAPACITY : 30
NODE_COORD_SECTION
1 874 496
2 119 997
3 601 479
4 54 762
5 415 882
6 87 864
7 789 963
8 258 754
9 884 203
10 99 489
11 208 178
12 960 978
13 323 128
14 400 137
15 605 796
16 107 941
17 255 164
18 894 302
19 122 222
20 127 124
21 514 414
22 444 111
23 695 557
24 5 594
25 309 990
26 118 987
27 337 910
28 935 912
29 299 709
30 445 927
31 595 563
32 411 130
33 739 858
34 700 308
DEMAND_SECTION
1 0
2 8
3 5
4 8
5 7
6 5
7 5
8 3
9 2
10 6
11 1
12 5
13 9
14 1
15 2
16 5
17 5
18 1
19 8
20 5
21 9
22 1
23 5
24 4
25 7
26 5
27 1
28 6
29 6
30 6
31 5
32 3
33 9
34 1
DEPOT_SECTION
 1
 -1
 EOF 