NAME: I7999-n38-k3
COMMENT : (Fake et al, No of trucks: 3, Optimal value: )
TYPE : CVRP
DIMENSION : 38
EDGE_WEIGHT_TYPE : EUC_2D
CAPACITY : 41
NODE_COORD_SECTION
1 82 197
2 951 692
3 375 388
4 821 222
5 201 158
6 654 350
7 872 257
8 550 634
9 891 508
10 542 876
11 881 924
12 32 254
13 931 118
14 767 97
15 102 779
16 41 221
17 274 864
18 269 946
19 76 643
20 181 205
21 256 138
22 608 898
23 257 1
24 737 923
25 68 355
26 716 940
27 339 239
28 990 858
29 128 661
30 317 564
31 696 877
32 649 884
33 303 367
34 486 743
35 74 704
36 415 180
37 304 884
38 226 4
DEMAND_SECTION
1 0
2 1
3 5
4 3
5 1
6 1
7 2
8 1
9 4
10 5
11 3
12 1
13 5
14 2
15 3
16 3
17 4
18 1
19 2
20 2
21 3
22 3
23 1
24 4
25 3
26 1
27 4
28 5
29 3
30 5
31 1
32 3
33 3
34 4
35 1
36 5
37 3
38 1
DEPOT_SECTION
 1
 -1
 EOF 