NAME: I8003-n32-k3
COMMENT : (Fake et al, No of trucks: 3, Optimal value: )
TYPE : CVRP
DIMENSION : 32
EDGE_WEIGHT_TYPE : EUC_2D
CAPACITY : 24
NODE_COORD_SECTION
1 513 188
2 240 562
3 282 796
4 549 359
5 340 552
6 827 121
7 418 46
8 830 812
9 877 702
10 566 242
11 948 431
12 877 89
13 381 668
14 978 589
15 586 671
16 881 310
17 887 354
18 715 444
19 307 609
20 269 577
21 436 384
22 885 735
23 638 684
24 336 186
25 844 297
26 384 840
27 406 544
28 326 78
29 273 566
30 817 359
31 228 637
32 152 84
DEMAND_SECTION
1 0
2 3
3 1
4 1
5 1
6 1
7 2
8 3
9 3
10 2
11 1
12 1
13 3
14 2
15 1
16 1
17 2
18 3
19 1
20 2
21 2
22 3
23 2
24 1
25 1
26 3
27 2
28 3
29 3
30 2
31 2
32 1
DEPOT_SECTION
 1
 -1
 EOF 