NAME: I8018-n49-k5
COMMENT : (Fake et al, No of trucks: 5, Optimal value: )
TYPE : CVRP
DIMENSION : 49
EDGE_WEIGHT_TYPE : EUC_2D
CAPACITY : 37
NODE_COORD_SECTION
1 613 330
2 853 568
3 899 844
4 231 147
5 928 596
6 67 274
7 305 144
8 215 151
9 246 999
10 446 616
11 245 865
12 446 579
13 46 717
14 964 671
15 307 534
16 178 293
17 684 829
18 119 945
19 867 150
20 609 918
21 125 943
22 375 722
23 338 856
24 670 977
25 337 294
26 407 41
27 244 171
28 372 921
29 955 812
30 146 929
31 662 249
32 741 446
33 80 279
34 532 274
35 726 715
36 939 423
37 261 883
38 102 103
39 918 225
40 615 177
41 350 463
42 916 149
43 686 856
44 531 515
45 864 513
46 270 304
47 555 862
48 131 781
49 334 716
DEMAND_SECTION
1 0
2 4
3 5
4 5
5 2
6 5
7 2
8 5
9 5
10 2
11 2
12 4
13 5
14 2
15 5
16 1
17 5
18 4
19 1
20 5
21 1
22 5
23 3
24 1
25 5
26 3
27 3
28 2
29 1
30 2
31 2
32 3
33 3
34 3
35 4
36 5
37 2
38 5
39 1
40 3
41 4
42 3
43 4
44 4
45 5
46 3
47 1
48 1
49 5
DEPOT_SECTION
 1
 -1
 EOF 