NAME: I8080-n41-k5
COMMENT : (Fake et al, No of trucks: 5, Optimal value: )
TYPE : CVRP
DIMENSION : 41
EDGE_WEIGHT_TYPE : EUC_2D
CAPACITY : 25
NODE_COORD_SECTION
1 191 240
2 769 550
3 371 294
4 487 685
5 501 539
6 290 1000
7 130 930
8 237 668
9 716 756
10 193 593
11 308 216
12 961 856
13 929 265
14 818 816
15 954 595
16 603 889
17 864 576
18 581 358
19 66 503
20 563 831
21 725 355
22 830 535
23 826 504
24 637 632
25 303 834
26 391 805
27 438 298
28 106 790
29 833 946
30 266 959
31 228 116
32 846 534
33 513 670
34 773 776
35 994 372
36 450 921
37 902 743
38 253 799
39 506 658
40 971 453
41 28 460
DEMAND_SECTION
1 0
2 4
3 4
4 4
5 4
6 1
7 1
8 1
9 3
10 3
11 4
12 3
13 1
14 4
15 3
16 4
17 4
18 1
19 3
20 1
21 4
22 1
23 4
24 4
25 2
26 2
27 1
28 4
29 3
30 3
31 1
32 4
33 1
34 4
35 1
36 1
37 4
38 3
39 4
40 3
41 2
DEPOT_SECTION
 1
 -1
 EOF 