NAME: I8156-n41-k3
COMMENT : (Fake et al, No of trucks: 3, Optimal value: )
TYPE : CVRP
DIMENSION : 41
EDGE_WEIGHT_TYPE : EUC_2D
CAPACITY : 43
NODE_COORD_SECTION
1 588 718
2 816 186
3 53 203
4 887 997
5 431 341
6 207 393
7 809 868
8 626 15
9 283 905
10 649 947
11 209 372
12 747 289
13 646 12
14 861 170
15 276 901
16 998 864
17 165 366
18 794 301
19 99 884
20 815 450
21 284 422
22 563 505
23 901 757
24 297 794
25 379 716
26 192 484
27 42 543
28 365 75
29 10 609
30 830 1
31 204 427
32 20 518
33 328 853
34 844 974
35 104 634
36 633 906
37 863 476
38 24 853
39 12 573
40 932 24
41 577 816
DEMAND_SECTION
1 0
2 4
3 4
4 2
5 2
6 5
7 2
8 3
9 2
10 1
11 2
12 4
13 3
14 3
15 2
16 3
17 1
18 1
19 3
20 4
21 2
22 4
23 4
24 1
25 2
26 3
27 2
28 1
29 1
30 3
31 4
32 3
33 3
34 4
35 4
36 5
37 5
38 1
39 2
40 2
41 3
DEPOT_SECTION
 1
 -1
 EOF 