NAME: I8177-n35-k5
COMMENT : (Fake et al, No of trucks: 5, Optimal value: )
TYPE : CVRP
DIMENSION : 35
EDGE_WEIGHT_TYPE : EUC_2D
CAPACITY : 36
NODE_COORD_SECTION
1 916 909
2 975 237
3 556 85
4 126 97
5 797 405
6 762 846
7 95 583
8 742 418
9 344 279
10 922 801
11 291 843
12 875 621
13 524 42
14 837 917
15 703 753
16 100 83
17 403 141
18 422 949
19 969 116
20 63 810
21 429 785
22 345 427
23 341 857
24 657 724
25 334 924
26 766 16
27 573 229
28 398 811
29 195 264
30 169 241
31 194 833
32 263 891
33 60 625
34 958 779
35 570 208
DEMAND_SECTION
1 0
2 8
3 4
4 2
5 8
6 8
7 8
8 3
9 7
10 7
11 7
12 1
13 4
14 7
15 7
16 1
17 8
18 1
19 3
20 1
21 5
22 4
23 8
24 8
25 2
26 3
27 3
28 7
29 7
30 6
31 2
32 3
33 6
34 5
35 2
DEPOT_SECTION
 1
 -1
 EOF 