NAME: I8207-n32-k6
COMMENT : (Fake et al, No of trucks: 6, Optimal value: )
TYPE : CVRP
DIMENSION : 32
EDGE_WEIGHT_TYPE : EUC_2D
CAPACITY : 32
NODE_COORD_SECTION
1 506 19
2 482 497
3 842 474
4 452 252
5 328 126
6 238 167
7 289 827
8 995 583
9 797 671
10 722 918
11 788 786
12 596 901
13 238 426
14 267 163
15 914 54
16 920 525
17 460 391
18 710 884
19 289 719
20 967 983
21 144 376
22 730 307
23 207 672
24 433 876
25 410 771
26 88 999
27 860 404
28 120 435
29 703 496
30 150 301
31 538 684
32 213 602
DEMAND_SECTION
1 0
2 9
3 10
4 9
5 2
6 4
7 10
8 1
9 2
10 5
11 4
12 2
13 7
14 2
15 9
16 3
17 10
18 7
19 9
20 5
21 1
22 4
23 2
24 7
25 5
26 9
27 4
28 5
29 3
30 6
31 7
32 4
DEPOT_SECTION
 1
 -1
 EOF 