NAME: I8201-n29-k3
COMMENT : (Fake et al, No of trucks: 3, Optimal value: )
TYPE : CVRP
DIMENSION : 29
EDGE_WEIGHT_TYPE : EUC_2D
CAPACITY : 23
NODE_COORD_SECTION
1 404 323
2 938 767
3 614 382
4 881 422
5 565 819
6 672 134
7 201 187
8 919 278
9 339 253
10 545 467
11 630 961
12 585 255
13 424 964
14 687 537
15 474 630
16 495 434
17 554 215
18 34 260
19 373 71
20 58 462
21 878 531
22 572 881
23 359 882
24 98 622
25 314 489
26 206 592
27 560 740
28 168 182
29 305 307
DEMAND_SECTION
1 0
2 1
3 2
4 3
5 3
6 1
7 3
8 2
9 1
10 2
11 3
12 3
13 1
14 3
15 1
16 1
17 1
18 2
19 2
20 3
21 2
22 1
23 2
24 3
25 3
26 3
27 1
28 2
29 3
DEPOT_SECTION
 1
 -1
 EOF 