NAME: I8236-n28-k6
COMMENT : (Fake et al, No of trucks: 6, Optimal value: )
TYPE : CVRP
DIMENSION : 28
EDGE_WEIGHT_TYPE : EUC_2D
CAPACITY : 27
NODE_COORD_SECTION
1 314 964
2 714 418
3 400 976
4 159 965
5 995 440
6 560 62
7 96 974
8 957 609
9 542 9
10 686 500
11 986 136
12 511 690
13 432 69
14 147 848
15 801 773
16 946 781
17 418 605
18 942 130
19 866 368
20 745 448
21 776 227
22 628 744
23 474 289
24 954 574
25 242 927
26 704 578
27 728 615
28 122 703
DEMAND_SECTION
1 0
2 4
3 3
4 9
5 5
6 7
7 1
8 1
9 5
10 10
11 1
12 9
13 3
14 3
15 6
16 1
17 5
18 2
19 9
20 10
21 5
22 3
23 9
24 4
25 5
26 3
27 1
28 8
DEPOT_SECTION
 1
 -1
 EOF 