NAME: I8397-n31-k6
COMMENT : (Fake et al, No of trucks: 6, Optimal value: )
TYPE : CVRP
DIMENSION : 31
EDGE_WEIGHT_TYPE : EUC_2D
CAPACITY : 24
NODE_COORD_SECTION
1 141 603
2 537 993
3 869 306
4 989 116
5 354 382
6 115 726
7 686 540
8 416 96
9 958 419
10 369 919
11 102 55
12 483 914
13 825 131
14 967 5
15 194 184
16 605 485
17 188 802
18 969 834
19 131 480
20 67 113
21 524 239
22 93 88
23 617 576
24 86 547
25 66 800
26 449 711
27 287 62
28 361 864
29 987 831
30 995 826
31 881 109
DEMAND_SECTION
1 0
2 4
3 4
4 8
5 2
6 1
7 2
8 7
9 7
10 1
11 5
12 1
13 7
14 2
15 3
16 7
17 1
18 1
19 2
20 4
21 4
22 2
23 4
24 7
25 8
26 2
27 8
28 2
29 8
30 8
31 7
DEPOT_SECTION
 1
 -1
 EOF 