NAME: I8392-n28-k6
COMMENT : (Fake et al, No of trucks: 6, Optimal value: )
TYPE : CVRP
DIMENSION : 28
EDGE_WEIGHT_TYPE : EUC_2D
CAPACITY : 18
NODE_COORD_SECTION
1 831 537
2 363 818
3 943 100
4 688 959
5 149 421
6 235 650
7 257 939
8 525 59
9 362 22
10 257 901
11 533 847
12 326 271
13 30 106
14 423 130
15 131 239
16 604 456
17 17 16
18 727 812
19 681 92
20 884 456
21 750 546
22 144 992
23 508 15
24 414 760
25 932 523
26 462 700
27 182 592
28 321 25
DEMAND_SECTION
1 0
2 5
3 2
4 1
5 1
6 5
7 5
8 2
9 4
10 2
11 2
12 4
13 2
14 6
15 6
16 2
17 4
18 1
19 2
20 1
21 2
22 4
23 6
24 6
25 6
26 2
27 4
28 4
DEPOT_SECTION
 1
 -1
 EOF 