NAME: I8430-n49-k5
COMMENT : (Fake et al, No of trucks: 5, Optimal value: )
TYPE : CVRP
DIMENSION : 49
EDGE_WEIGHT_TYPE : EUC_2D
CAPACITY : 43
NODE_COORD_SECTION
1 7 522
2 133 932
3 708 802
4 598 0
5 382 842
6 730 732
7 924 666
8 249 461
9 738 246
10 131 392
11 444 752
12 704 247
13 903 352
14 14 532
15 509 11
16 261 159
17 361 5
18 457 582
19 744 816
20 441 917
21 811 468
22 399 443
23 349 822
24 603 574
25 169 748
26 156 125
27 32 65
28 588 466
29 121 453
30 505 82
31 542 926
32 241 80
33 809 985
34 609 940
35 514 948
36 985 292
37 79 905
38 179 302
39 845 998
40 799 952
41 656 849
42 799 474
43 948 984
44 759 360
45 592 974
46 601 968
47 551 629
48 72 17
49 835 774
DEMAND_SECTION
1 0
2 3
3 8
4 4
5 7
6 3
7 8
8 3
9 8
10 1
11 1
12 5
13 2
14 1
15 5
16 8
17 7
18 1
19 3
20 3
21 6
22 4
23 1
24 7
25 7
26 7
27 2
28 5
29 4
30 1
31 2
32 4
33 7
34 4
35 1
36 7
37 7
38 3
39 4
40 2
41 7
42 8
43 1
44 4
45 2
46 3
47 2
48 1
49 5
DEPOT_SECTION
 1
 -1
 EOF 