NAME: I8463-n41-k5
COMMENT : (Fake et al, No of trucks: 5, Optimal value: )
TYPE : CVRP
DIMENSION : 41
EDGE_WEIGHT_TYPE : EUC_2D
CAPACITY : 51
NODE_COORD_SECTION
1 663 620
2 904 296
3 637 340
4 147 900
5 577 524
6 279 34
7 866 848
8 535 616
9 877 316
10 978 736
11 853 269
12 387 763
13 426 661
14 961 274
15 429 727
16 221 923
17 722 366
18 125 890
19 707 362
20 284 56
21 833 177
22 68 826
23 795 983
24 319 131
25 570 134
26 724 286
27 759 325
28 945 358
29 629 607
30 768 509
31 549 839
32 944 761
33 911 959
34 945 291
35 906 88
36 861 167
37 132 970
38 41 387
39 237 202
40 193 174
41 635 745
DEMAND_SECTION
1 0
2 8
3 5
4 4
5 5
6 7
7 10
8 8
9 4
10 8
11 1
12 10
13 5
14 3
15 1
16 1
17 6
18 5
19 7
20 1
21 5
22 2
23 5
24 1
25 6
26 7
27 9
28 8
29 3
30 9
31 8
32 4
33 7
34 10
35 6
36 3
37 9
38 6
39 10
40 4
41 10
DEPOT_SECTION
 1
 -1
 EOF 