NAME: I8506-n34-k6
COMMENT : (Fake et al, No of trucks: 6, Optimal value: )
TYPE : CVRP
DIMENSION : 34
EDGE_WEIGHT_TYPE : EUC_2D
CAPACITY : 13
NODE_COORD_SECTION
1 34 753
2 810 435
3 768 37
4 747 835
5 201 139
6 12 365
7 555 851
8 956 236
9 391 937
10 305 993
11 131 747
12 796 126
13 657 10
14 451 927
15 332 430
16 68 56
17 347 681
18 316 615
19 137 722
20 197 45
21 181 48
22 902 869
23 775 675
24 727 371
25 777 871
26 890 818
27 159 563
28 119 785
29 886 354
30 866 689
31 957 468
32 865 812
33 698 560
34 725 62
DEMAND_SECTION
1 0
2 2
3 1
4 2
5 2
6 2
7 1
8 3
9 2
10 2
11 1
12 3
13 1
14 3
15 2
16 2
17 3
18 2
19 3
20 3
21 2
22 1
23 3
24 3
25 2
26 1
27 2
28 2
29 3
30 1
31 1
32 2
33 2
34 3
DEPOT_SECTION
 1
 -1
 EOF 