NAME: I8552-n30-k4
COMMENT : (Fake et al, No of trucks: 4, Optimal value: )
TYPE : CVRP
DIMENSION : 30
EDGE_WEIGHT_TYPE : EUC_2D
CAPACITY : 31
NODE_COORD_SECTION
1 730 610
2 310 404
3 562 417
4 177 854
5 823 737
6 647 545
7 727 653
8 903 703
9 978 661
10 408 557
11 709 353
12 101 987
13 776 128
14 140 543
15 625 110
16 865 565
17 855 705
18 566 965
19 849 5
20 808 423
21 32 317
22 812 2
23 492 574
24 417 83
25 969 284
26 836 413
27 823 973
28 86 327
29 823 81
30 610 456
DEMAND_SECTION
1 0
2 1
3 6
4 4
5 3
6 1
7 4
8 4
9 4
10 5
11 5
12 2
13 6
14 1
15 6
16 2
17 2
18 4
19 1
20 6
21 4
22 3
23 1
24 5
25 6
26 1
27 4
28 3
29 6
30 1
DEPOT_SECTION
 1
 -1
 EOF 