NAME: I8573-n40-k4
COMMENT : (Fake et al, No of trucks: 4, Optimal value: )
TYPE : CVRP
DIMENSION : 40
EDGE_WEIGHT_TYPE : EUC_2D
CAPACITY : 61
NODE_COORD_SECTION
1 939 728
2 695 308
3 322 394
4 956 868
5 280 708
6 319 25
7 572 406
8 369 165
9 87 616
10 651 5
11 742 2
12 924 670
13 70 984
14 14 978
15 1 880
16 618 951
17 745 946
18 782 22
19 354 80
20 252 586
21 122 809
22 558 465
23 457 793
24 993 275
25 116 398
26 946 445
27 291 161
28 388 737
29 148 638
30 207 78
31 665 271
32 331 778
33 811 286
34 30 110
35 0 720
36 996 236
37 57 912
38 902 819
39 640 935
40 891 413
DEMAND_SECTION
1 0
2 6
3 2
4 2
5 9
6 3
7 6
8 4
9 7
10 5
11 9
12 9
13 7
14 10
15 7
16 6
17 4
18 9
19 2
20 7
21 8
22 2
23 8
24 10
25 2
26 9
27 10
28 9
29 4
30 1
31 9
32 4
33 4
34 5
35 7
36 3
37 4
38 2
39 2
40 8
DEPOT_SECTION
 1
 -1
 EOF 