NAME: I8599-n40-k3
COMMENT : (Fake et al, No of trucks: 3, Optimal value: )
TYPE : CVRP
DIMENSION : 40
EDGE_WEIGHT_TYPE : EUC_2D
CAPACITY : 74
NODE_COORD_SECTION
1 735 410
2 905 734
3 684 246
4 391 744
5 39 176
6 2 4
7 674 604
8 308 931
9 700 561
10 901 971
11 684 603
12 233 795
13 119 449
14 768 27
15 170 966
16 772 229
17 214 594
18 338 94
19 298 476
20 543 110
21 229 395
22 589 356
23 636 234
24 544 308
25 670 458
26 843 143
27 839 502
28 896 448
29 986 321
30 666 420
31 484 29
32 557 40
33 768 62
34 364 586
35 688 368
36 668 908
37 120 100
38 270 965
39 873 53
40 517 548
DEMAND_SECTION
1 0
2 2
3 6
4 7
5 1
6 8
7 8
8 9
9 7
10 2
11 7
12 1
13 6
14 2
15 6
16 2
17 5
18 5
19 1
20 7
21 9
22 2
23 1
24 9
25 4
26 2
27 7
28 7
29 2
30 1
31 5
32 4
33 9
34 7
35 1
36 7
37 4
38 2
39 7
40 9
DEPOT_SECTION
 1
 -1
 EOF 