NAME: I8592-n31-k6
COMMENT : (Fake et al, No of trucks: 6, Optimal value: )
TYPE : CVRP
DIMENSION : 31
EDGE_WEIGHT_TYPE : EUC_2D
CAPACITY : 9
NODE_COORD_SECTION
1 379 349
2 261 874
3 185 856
4 679 370
5 276 665
6 508 722
7 312 990
8 576 829
9 591 777
10 886 998
11 305 916
12 850 389
13 976 536
14 603 892
15 993 167
16 10 358
17 238 168
18 270 488
19 480 891
20 984 423
21 654 563
22 487 966
23 202 883
24 989 100
25 522 802
26 180 628
27 783 457
28 754 194
29 932 11
30 129 592
31 866 269
DEMAND_SECTION
1 0
2 1
3 1
4 1
5 1
6 2
7 2
8 1
9 1
10 2
11 2
12 1
13 1
14 1
15 2
16 2
17 2
18 2
19 2
20 2
21 1
22 2
23 2
24 2
25 1
26 2
27 2
28 1
29 1
30 1
31 1
DEPOT_SECTION
 1
 -1
 EOF 