NAME: I8614-n32-k3
COMMENT : (Fake et al, No of trucks: 3, Optimal value: )
TYPE : CVRP
DIMENSION : 32
EDGE_WEIGHT_TYPE : EUC_2D
CAPACITY : 12
NODE_COORD_SECTION
1 132 980
2 591 958
3 220 519
4 159 693
5 849 789
6 896 771
7 377 277
8 925 800
9 207 492
10 565 118
11 999 682
12 816 696
13 83 49
14 183 782
15 655 965
16 156 623
17 358 359
18 114 113
19 716 68
20 711 496
21 173 14
22 622 198
23 367 96
24 887 529
25 652 867
26 545 73
27 898 757
28 692 172
29 475 831
30 706 608
31 340 138
32 460 791
DEMAND_SECTION
1 0
2 1
3 1
4 1
5 1
6 1
7 1
8 1
9 1
10 1
11 1
12 1
13 1
14 1
15 1
16 1
17 1
18 1
19 1
20 1
21 1
22 1
23 1
24 1
25 1
26 1
27 1
28 1
29 1
30 1
31 1
32 1
DEPOT_SECTION
 1
 -1
 EOF 