NAME: I8651-n44-k4
COMMENT : (Fake et al, No of trucks: 4, Optimal value: )
TYPE : CVRP
DIMENSION : 44
EDGE_WEIGHT_TYPE : EUC_2D
CAPACITY : 40
NODE_COORD_SECTION
1 218 520
2 275 687
3 904 885
4 66 893
5 846 585
6 59 977
7 241 204
8 553 327
9 557 615
10 409 739
11 301 768
12 928 977
13 205 261
14 320 721
15 610 854
16 854 590
17 172 727
18 69 551
19 885 431
20 618 61
21 741 71
22 612 607
23 393 468
24 717 529
25 289 740
26 963 563
27 40 582
28 866 578
29 160 28
30 814 709
31 650 81
32 895 901
33 261 336
34 605 777
35 579 789
36 487 545
37 912 898
38 396 966
39 450 185
40 44 946
41 638 521
42 47 389
43 798 434
44 623 487
DEMAND_SECTION
1 0
2 4
3 4
4 5
5 3
6 1
7 4
8 1
9 1
10 3
11 4
12 5
13 5
14 2
15 5
16 2
17 2
18 2
19 3
20 3
21 3
22 4
23 2
24 4
25 1
26 1
27 4
28 1
29 2
30 2
31 5
32 1
33 5
34 1
35 4
36 3
37 1
38 5
39 4
40 3
41 4
42 2
43 5
44 5
DEPOT_SECTION
 1
 -1
 EOF 