NAME: I8669-n25-k5
COMMENT : (Fake et al, No of trucks: 5, Optimal value: )
TYPE : CVRP
DIMENSION : 25
EDGE_WEIGHT_TYPE : EUC_2D
CAPACITY : 19
NODE_COORD_SECTION
1 797 581
2 332 555
3 603 83
4 249 141
5 267 709
6 641 264
7 845 419
8 492 8
9 677 525
10 455 524
11 881 183
12 533 260
13 750 501
14 331 643
15 18 837
16 614 983
17 707 864
18 710 871
19 580 280
20 613 717
21 60 164
22 758 637
23 234 953
24 220 118
25 178 837
DEMAND_SECTION
1 0
2 4
3 3
4 2
5 2
6 5
7 2
8 4
9 3
10 2
11 4
12 2
13 1
14 4
15 1
16 4
17 4
18 3
19 5
20 6
21 4
22 5
23 6
24 2
25 6
DEPOT_SECTION
 1
 -1
 EOF 