NAME: I8714-n32-k4
COMMENT : (Fake et al, No of trucks: 4, Optimal value: )
TYPE : CVRP
DIMENSION : 32
EDGE_WEIGHT_TYPE : EUC_2D
CAPACITY : 32
NODE_COORD_SECTION
1 679 385
2 645 649
3 11 173
4 356 337
5 547 952
6 425 698
7 838 343
8 509 995
9 559 942
10 533 60
11 1 462
12 175 655
13 267 350
14 662 553
15 686 889
16 44 387
17 153 846
18 953 11
19 422 889
20 817 610
21 549 69
22 853 520
23 490 566
24 40 296
25 229 886
26 538 422
27 88 656
28 734 152
29 444 665
30 165 615
31 179 574
32 177 788
DEMAND_SECTION
1 0
2 4
3 3
4 1
5 3
6 3
7 3
8 4
9 6
10 1
11 2
12 4
13 3
14 7
15 6
16 4
17 2
18 3
19 7
20 5
21 1
22 2
23 1
24 6
25 1
26 4
27 2
28 6
29 6
30 1
31 1
32 3
DEPOT_SECTION
 1
 -1
 EOF 