NAME: I8749-n35-k4
COMMENT : (Fake et al, No of trucks: 4, Optimal value: )
TYPE : CVRP
DIMENSION : 35
EDGE_WEIGHT_TYPE : EUC_2D
CAPACITY : 50
NODE_COORD_SECTION
1 332 962
2 325 801
3 692 547
4 232 387
5 456 671
6 744 446
7 172 487
8 112 282
9 559 369
10 772 949
11 393 292
12 105 665
13 161 911
14 938 874
15 378 329
16 773 803
17 326 259
18 202 125
19 752 412
20 379 869
21 515 196
22 640 714
23 366 226
24 858 364
25 264 130
26 177 921
27 398 910
28 913 448
29 776 943
30 300 906
31 738 524
32 891 663
33 572 886
34 430 707
35 71 460
DEMAND_SECTION
1 0
2 7
3 1
4 7
5 10
6 4
7 8
8 1
9 6
10 8
11 3
12 5
13 2
14 10
15 1
16 6
17 7
18 8
19 1
20 6
21 3
22 9
23 9
24 4
25 2
26 10
27 3
28 7
29 4
30 9
31 1
32 8
33 4
34 3
35 8
DEPOT_SECTION
 1
 -1
 EOF 