NAME: I8761-n45-k6
COMMENT : (Fake et al, No of trucks: 6, Optimal value: )
TYPE : CVRP
DIMENSION : 45
EDGE_WEIGHT_TYPE : EUC_2D
CAPACITY : 39
NODE_COORD_SECTION
1 944 810
2 628 559
3 735 65
4 163 469
5 863 31
6 328 324
7 242 914
8 419 607
9 992 673
10 692 510
11 97 987
12 531 991
13 955 99
14 102 683
15 667 851
16 532 896
17 963 100
18 378 964
19 33 753
20 631 395
21 910 573
22 589 57
23 415 288
24 294 928
25 954 446
26 773 475
27 265 922
28 976 140
29 861 346
30 58 212
31 58 842
32 609 922
33 878 426
34 43 819
35 434 537
36 476 899
37 521 24
38 609 725
39 791 256
40 314 309
41 190 457
42 572 754
43 465 327
44 33 651
45 212 872
DEMAND_SECTION
1 0
2 3
3 5
4 5
5 9
6 4
7 2
8 8
9 8
10 3
11 1
12 2
13 3
14 9
15 5
16 7
17 1
18 5
19 4
20 8
21 7
22 6
23 8
24 2
25 4
26 5
27 2
28 5
29 1
30 4
31 3
32 6
33 2
34 1
35 2
36 4
37 4
38 5
39 3
40 2
41 5
42 9
43 4
44 8
45 8
DEPOT_SECTION
 1
 -1
 EOF 