NAME: I8827-n43-k5
COMMENT : (Fake et al, No of trucks: 5, Optimal value: )
TYPE : CVRP
DIMENSION : 43
EDGE_WEIGHT_TYPE : EUC_2D
CAPACITY : 53
NODE_COORD_SECTION
1 308 185
2 174 216
3 807 875
4 656 292
5 639 479
6 660 549
7 907 904
8 132 20
9 544 470
10 970 45
11 504 170
12 416 989
13 697 658
14 808 4
15 407 786
16 714 277
17 958 894
18 440 971
19 759 943
20 51 700
21 677 480
22 209 113
23 375 702
24 80 332
25 764 17
26 11 588
27 75 795
28 179 508
29 759 35
30 438 434
31 154 106
32 82 754
33 49 559
34 485 864
35 380 271
36 132 108
37 524 654
38 215 825
39 742 310
40 321 812
41 561 640
42 963 871
43 463 298
DEMAND_SECTION
1 0
2 7
3 6
4 6
5 2
6 7
7 3
8 9
9 4
10 6
11 1
12 5
13 6
14 3
15 4
16 3
17 7
18 5
19 9
20 8
21 6
22 6
23 7
24 8
25 2
26 5
27 7
28 9
29 7
30 7
31 9
32 7
33 2
34 6
35 2
36 9
37 9
38 5
39 9
40 8
41 6
42 1
43 3
DEPOT_SECTION
 1
 -1
 EOF 