NAME: I8853-n45-k3
COMMENT : (Fake et al, No of trucks: 3, Optimal value: )
TYPE : CVRP
DIMENSION : 45
EDGE_WEIGHT_TYPE : EUC_2D
CAPACITY : 89
NODE_COORD_SECTION
1 285 411
2 317 503
3 305 979
4 652 885
5 982 234
6 863 459
7 963 841
8 924 654
9 252 56
10 632 487
11 770 184
12 239 435
13 743 936
14 364 978
15 589 119
16 263 683
17 648 860
18 847 396
19 788 602
20 518 502
21 360 82
22 955 102
23 891 281
24 377 873
25 50 911
26 266 216
27 812 634
28 920 488
29 752 367
30 224 347
31 754 572
32 543 20
33 747 178
34 485 989
35 244 79
36 227 96
37 713 629
38 821 737
39 565 602
40 638 259
41 150 299
42 166 493
43 205 947
44 146 576
45 789 662
DEMAND_SECTION
1 0
2 6
3 7
4 4
5 6
6 9
7 3
8 1
9 5
10 2
11 7
12 3
13 4
14 6
15 8
16 9
17 7
18 3
19 1
20 3
21 4
22 2
23 8
24 6
25 11
26 4
27 7
28 5
29 2
30 8
31 6
32 4
33 9
34 9
35 1
36 11
37 2
38 2
39 6
40 3
41 7
42 10
43 9
44 10
45 5
DEPOT_SECTION
 1
 -1
 EOF 