NAME: I890-n34-k4
COMMENT : (Fake et al, No of trucks: 4, Optimal value: )
TYPE : CVRP
DIMENSION : 34
EDGE_WEIGHT_TYPE : EUC_2D
CAPACITY : 25
NODE_COORD_SECTION
1 554 963
2 507 804
3 994 62
4 101 706
5 456 121
6 81 780
7 418 487
8 783 522
9 560 538
10 639 430
11 923 476
12 743 16
13 824 489
14 210 824
15 448 702
16 459 98
17 815 276
18 928 671
19 427 876
20 554 912
21 599 552
22 667 462
23 819 579
24 919 353
25 515 816
26 491 769
27 870 365
28 296 258
29 129 249
30 187 403
31 321 672
32 101 761
33 596 762
34 511 739
DEMAND_SECTION
1 0
2 3
3 3
4 2
5 4
6 3
7 3
8 1
9 2
10 1
11 3
12 3
13 3
14 2
15 1
16 4
17 1
18 3
19 2
20 2
21 4
22 2
23 3
24 4
25 4
26 1
27 1
28 4
29 3
30 4
31 4
32 4
33 2
34 3
DEPOT_SECTION
 1
 -1
 EOF 