NAME: I8996-n38-k6
COMMENT : (Fake et al, No of trucks: 6, Optimal value: )
TYPE : CVRP
DIMENSION : 38
EDGE_WEIGHT_TYPE : EUC_2D
CAPACITY : 33
NODE_COORD_SECTION
1 491 865
2 23 699
3 992 868
4 849 238
5 681 82
6 123 33
7 543 292
8 776 594
9 808 92
10 831 233
11 578 507
12 530 441
13 503 488
14 315 585
15 673 131
16 604 219
17 563 879
18 472 420
19 878 696
20 516 376
21 666 654
22 992 616
23 266 805
24 366 545
25 899 531
26 657 790
27 505 137
28 993 87
29 28 259
30 683 679
31 452 318
32 61 652
33 783 829
34 422 440
35 111 149
36 795 614
37 318 571
38 904 265
DEMAND_SECTION
1 0
2 3
3 5
4 1
5 7
6 2
7 9
8 1
9 7
10 3
11 5
12 2
13 7
14 8
15 3
16 2
17 5
18 1
19 2
20 5
21 6
22 8
23 4
24 4
25 7
26 8
27 4
28 6
29 6
30 1
31 3
32 7
33 6
34 2
35 3
36 5
37 5
38 1
DEPOT_SECTION
 1
 -1
 EOF 