NAME: I9018-n43-k6
COMMENT : (Fake et al, No of trucks: 6, Optimal value: )
TYPE : CVRP
DIMENSION : 43
EDGE_WEIGHT_TYPE : EUC_2D
CAPACITY : 22
NODE_COORD_SECTION
1 799 445
2 770 440
3 84 319
4 65 387
5 312 297
6 838 960
7 953 447
8 530 830
9 87 804
10 928 460
11 354 372
12 136 955
13 997 566
14 604 18
15 558 646
16 684 913
17 599 792
18 600 590
19 693 212
20 552 743
21 964 74
22 469 313
23 659 655
24 970 356
25 710 807
26 784 754
27 739 6
28 256 751
29 920 976
30 306 871
31 593 297
32 2 315
33 568 72
34 974 847
35 702 541
36 225 120
37 789 489
38 925 260
39 415 239
40 944 852
41 514 831
42 941 357
43 857 255
DEMAND_SECTION
1 0
2 1
3 4
4 1
5 2
6 1
7 5
8 1
9 1
10 2
11 4
12 2
13 3
14 2
15 4
16 1
17 2
18 3
19 1
20 4
21 2
22 3
23 3
24 3
25 4
26 2
27 1
28 4
29 5
30 4
31 2
32 5
33 3
34 2
35 2
36 5
37 1
38 1
39 3
40 2
41 2
42 1
43 5
DEPOT_SECTION
 1
 -1
 EOF 