NAME: I9092-n35-k5
COMMENT : (Fake et al, No of trucks: 5, Optimal value: )
TYPE : CVRP
DIMENSION : 35
EDGE_WEIGHT_TYPE : EUC_2D
CAPACITY : 34
NODE_COORD_SECTION
1 746 562
2 553 629
3 414 661
4 482 816
5 296 335
6 272 315
7 657 121
8 209 657
9 886 108
10 403 310
11 91 323
12 286 980
13 960 334
14 958 46
15 989 308
16 350 957
17 268 932
18 878 192
19 41 335
20 174 280
21 236 103
22 739 214
23 631 311
24 533 653
25 234 623
26 44 874
27 633 233
28 0 663
29 790 257
30 949 268
31 350 137
32 110 988
33 325 475
34 3 222
35 313 67
DEMAND_SECTION
1 0
2 5
3 6
4 3
5 5
6 7
7 4
8 5
9 4
10 4
11 3
12 3
13 4
14 3
15 7
16 3
17 6
18 5
19 6
20 6
21 6
22 1
23 5
24 1
25 4
26 5
27 4
28 2
29 2
30 3
31 7
32 1
33 4
34 4
35 7
DEPOT_SECTION
 1
 -1
 EOF 