NAME: I9124-n39-k5
COMMENT : (Fake et al, No of trucks: 5, Optimal value: )
TYPE : CVRP
DIMENSION : 39
EDGE_WEIGHT_TYPE : EUC_2D
CAPACITY : 55
NODE_COORD_SECTION
1 801 940
2 690 644
3 875 976
4 368 774
5 861 74
6 339 306
7 568 812
8 267 637
9 378 327
10 783 619
11 611 36
12 161 843
13 125 860
14 401 583
15 718 897
16 60 215
17 188 894
18 734 968
19 798 949
20 985 957
21 388 803
22 394 828
23 480 162
24 679 245
25 615 282
26 491 477
27 656 298
28 99 493
29 942 651
30 888 189
31 197 881
32 1 4
33 83 41
34 433 928
35 914 186
36 506 580
37 769 861
38 521 174
39 222 228
DEMAND_SECTION
1 0
2 10
3 6
4 5
5 6
6 9
7 6
8 7
9 3
10 4
11 4
12 9
13 10
14 8
15 5
16 9
17 4
18 5
19 5
20 3
21 7
22 6
23 9
24 3
25 8
26 6
27 5
28 5
29 3
30 5
31 6
32 6
33 8
34 10
35 7
36 7
37 6
38 1
39 7
DEPOT_SECTION
 1
 -1
 EOF 