NAME: I9132-n44-k4
COMMENT : (Fake et al, No of trucks: 4, Optimal value: )
TYPE : CVRP
DIMENSION : 44
EDGE_WEIGHT_TYPE : EUC_2D
CAPACITY : 20
NODE_COORD_SECTION
1 175 980
2 402 693
3 160 815
4 667 636
5 740 735
6 800 824
7 469 1
8 29 542
9 783 229
10 440 689
11 752 369
12 726 949
13 662 347
14 199 872
15 4 769
16 699 250
17 691 144
18 59 149
19 419 169
20 633 987
21 348 533
22 369 182
23 669 314
24 50 519
25 866 584
26 960 817
27 104 763
28 980 906
29 301 690
30 364 66
31 240 857
32 411 576
33 694 742
34 564 101
35 166 143
36 899 36
37 90 258
38 618 573
39 685 195
40 963 801
41 876 446
42 828 204
43 865 194
44 491 111
DEMAND_SECTION
1 0
2 2
3 2
4 1
5 1
6 2
7 2
8 2
9 2
10 1
11 2
12 1
13 1
14 2
15 2
16 2
17 2
18 1
19 2
20 1
21 1
22 1
23 1
24 1
25 2
26 2
27 1
28 1
29 2
30 1
31 2
32 2
33 2
34 1
35 2
36 1
37 2
38 1
39 1
40 2
41 1
42 2
43 1
44 1
DEPOT_SECTION
 1
 -1
 EOF 