NAME: I9197-n45-k3
COMMENT : (Fake et al, No of trucks: 3, Optimal value: )
TYPE : CVRP
DIMENSION : 45
EDGE_WEIGHT_TYPE : EUC_2D
CAPACITY : 71
NODE_COORD_SECTION
1 797 900
2 872 194
3 442 503
4 802 442
5 154 916
6 281 432
7 488 1
8 446 964
9 297 798
10 97 983
11 707 366
12 315 373
13 28 225
14 940 488
15 813 919
16 800 94
17 25 84
18 556 107
19 432 723
20 202 713
21 425 749
22 681 511
23 102 486
24 402 8
25 443 226
26 379 881
27 439 382
28 719 117
29 824 632
30 982 477
31 216 276
32 553 365
33 797 517
34 737 854
35 758 523
36 346 829
37 991 716
38 904 852
39 770 323
40 393 414
41 504 417
42 230 693
43 348 540
44 480 46
45 413 948
DEMAND_SECTION
1 0
2 1
3 2
4 5
5 6
6 5
7 7
8 4
9 2
10 1
11 6
12 5
13 1
14 5
15 4
16 5
17 6
18 7
19 1
20 3
21 6
22 1
23 6
24 7
25 4
26 7
27 7
28 6
29 7
30 1
31 6
32 2
33 7
34 5
35 1
36 6
37 5
38 6
39 2
40 2
41 7
42 4
43 1
44 5
45 4
DEPOT_SECTION
 1
 -1
 EOF 