NAME: I9255-n31-k3
COMMENT : (Fake et al, No of trucks: 3, Optimal value: )
TYPE : CVRP
DIMENSION : 31
EDGE_WEIGHT_TYPE : EUC_2D
CAPACITY : 62
NODE_COORD_SECTION
1 380 408
2 380 25
3 582 420
4 42 399
5 615 98
6 327 67
7 375 605
8 706 894
9 266 303
10 862 940
11 754 229
12 753 124
13 453 833
14 174 844
15 131 934
16 603 121
17 375 840
18 65 860
19 149 147
20 137 222
21 384 265
22 652 208
23 400 195
24 78 507
25 642 557
26 947 417
27 47 825
28 626 182
29 956 27
30 503 782
31 549 978
DEMAND_SECTION
1 0
2 6
3 8
4 8
5 11
6 1
7 6
8 1
9 8
10 10
11 2
12 9
13 3
14 3
15 5
16 7
17 7
18 4
19 3
20 6
21 4
22 8
23 4
24 1
25 3
26 1
27 6
28 9
29 2
30 9
31 11
DEPOT_SECTION
 1
 -1
 EOF 