NAME: I9286-n31-k6
COMMENT : (Fake et al, No of trucks: 6, Optimal value: )
TYPE : CVRP
DIMENSION : 31
EDGE_WEIGHT_TYPE : EUC_2D
CAPACITY : 19
NODE_COORD_SECTION
1 619 178
2 937 827
3 188 725
4 593 123
5 29 343
6 102 723
7 371 3
8 556 224
9 992 833
10 195 870
11 209 782
12 728 906
13 906 929
14 239 752
15 259 521
16 224 986
17 305 366
18 954 198
19 670 970
20 844 118
21 659 294
22 801 140
23 141 105
24 345 2
25 719 810
26 194 826
27 105 475
28 7 951
29 87 189
30 180 489
31 534 22
DEMAND_SECTION
1 0
2 3
3 3
4 1
5 3
6 4
7 5
8 3
9 4
10 2
11 1
12 5
13 3
14 5
15 3
16 1
17 5
18 1
19 1
20 1
21 3
22 2
23 2
24 2
25 5
26 3
27 4
28 5
29 5
30 4
31 2
DEPOT_SECTION
 1
 -1
 EOF 