NAME: I9305-n32-k6
COMMENT : (Fake et al, No of trucks: 6, Optimal value: )
TYPE : CVRP
DIMENSION : 32
EDGE_WEIGHT_TYPE : EUC_2D
CAPACITY : 6
NODE_COORD_SECTION
1 693 85
2 0 260
3 327 294
4 441 10
5 262 731
6 539 68
7 709 721
8 292 945
9 78 771
10 678 100
11 503 63
12 274 893
13 625 950
14 745 262
15 14 233
16 478 790
17 276 850
18 992 1000
19 228 432
20 139 649
21 174 425
22 849 276
23 832 26
24 274 477
25 190 276
26 213 69
27 803 627
28 470 831
29 626 137
30 912 664
31 91 209
32 229 345
DEMAND_SECTION
1 0
2 1
3 1
4 1
5 1
6 1
7 1
8 1
9 1
10 1
11 1
12 1
13 1
14 1
15 1
16 1
17 1
18 1
19 1
20 1
21 1
22 1
23 1
24 1
25 1
26 1
27 1
28 1
29 1
30 1
31 1
32 1
DEPOT_SECTION
 1
 -1
 EOF 