NAME: I9354-n35-k3
COMMENT : (Fake et al, No of trucks: 3, Optimal value: )
TYPE : CVRP
DIMENSION : 35
EDGE_WEIGHT_TYPE : EUC_2D
CAPACITY : 20
NODE_COORD_SECTION
1 65 877
2 882 542
3 742 440
4 467 171
5 973 541
6 882 475
7 339 221
8 508 829
9 596 337
10 800 412
11 317 942
12 687 664
13 486 802
14 801 198
15 20 538
16 120 875
17 976 644
18 338 402
19 589 902
20 933 766
21 660 520
22 430 269
23 629 279
24 564 443
25 238 508
26 736 493
27 43 887
28 74 832
29 756 489
30 924 922
31 828 309
32 837 981
33 940 503
34 81 862
35 731 567
DEMAND_SECTION
1 0
2 2
3 1
4 1
5 1
6 2
7 1
8 2
9 1
10 1
11 1
12 2
13 2
14 2
15 2
16 2
17 1
18 2
19 2
20 2
21 1
22 1
23 1
24 1
25 2
26 1
27 1
28 2
29 1
30 2
31 1
32 2
33 1
34 1
35 1
DEPOT_SECTION
 1
 -1
 EOF 