NAME: I9432-n42-k4
COMMENT : (Fake et al, No of trucks: 4, Optimal value: )
TYPE : CVRP
DIMENSION : 42
EDGE_WEIGHT_TYPE : EUC_2D
CAPACITY : 64
NODE_COORD_SECTION
1 998 896
2 570 765
3 88 35
4 246 493
5 558 558
6 138 649
7 38 958
8 161 277
9 682 787
10 670 730
11 277 125
12 865 85
13 739 263
14 41 629
15 711 486
16 545 261
17 414 0
18 428 861
19 96 202
20 957 618
21 33 120
22 927 586
23 712 382
24 976 609
25 11 891
26 402 525
27 79 266
28 985 680
29 550 981
30 990 468
31 142 401
32 136 928
33 69 545
34 179 683
35 751 250
36 636 291
37 542 398
38 874 459
39 438 970
40 682 179
41 571 653
42 933 803
DEMAND_SECTION
1 0
2 2
3 10
4 1
5 10
6 4
7 3
8 4
9 10
10 5
11 7
12 9
13 1
14 4
15 5
16 6
17 5
18 1
19 3
20 9
21 5
22 6
23 10
24 6
25 9
26 1
27 9
28 5
29 4
30 1
31 10
32 9
33 7
34 3
35 5
36 8
37 8
38 9
39 2
40 5
41 5
42 10
DEPOT_SECTION
 1
 -1
 EOF 