NAME: I9461-n43-k4
COMMENT : (Fake et al, No of trucks: 4, Optimal value: )
TYPE : CVRP
DIMENSION : 43
EDGE_WEIGHT_TYPE : EUC_2D
CAPACITY : 41
NODE_COORD_SECTION
1 120 173
2 688 279
3 878 257
4 599 479
5 122 281
6 995 858
7 706 680
8 628 519
9 667 873
10 820 586
11 292 451
12 419 549
13 812 857
14 255 762
15 249 160
16 290 414
17 68 12
18 975 118
19 762 912
20 946 807
21 280 259
22 702 995
23 313 973
24 569 868
25 299 922
26 696 502
27 188 357
28 920 27
29 772 137
30 122 129
31 839 25
32 182 837
33 703 847
34 684 579
35 634 307
36 332 17
37 10 711
38 525 648
39 334 908
40 404 992
41 217 561
42 985 554
43 889 89
DEMAND_SECTION
1 0
2 4
3 5
4 4
5 5
6 4
7 3
8 1
9 3
10 1
11 5
12 4
13 2
14 2
15 5
16 1
17 4
18 5
19 2
20 4
21 6
22 3
23 3
24 6
25 6
26 3
27 4
28 5
29 3
30 1
31 1
32 3
33 1
34 1
35 4
36 6
37 2
38 5
39 4
40 5
41 2
42 2
43 4
DEPOT_SECTION
 1
 -1
 EOF 