NAME: I9475-n40-k3
COMMENT : (Fake et al, No of trucks: 3, Optimal value: )
TYPE : CVRP
DIMENSION : 40
EDGE_WEIGHT_TYPE : EUC_2D
CAPACITY : 63
NODE_COORD_SECTION
1 893 830
2 155 293
3 898 148
4 434 349
5 186 52
6 738 352
7 878 893
8 579 625
9 795 384
10 555 490
11 547 716
12 738 245
13 551 479
14 824 916
15 919 115
16 791 709
17 243 446
18 986 880
19 801 362
20 589 642
21 598 968
22 502 321
23 492 1
24 282 542
25 414 920
26 511 33
27 992 263
28 942 114
29 973 298
30 305 597
31 824 52
32 20 656
33 22 816
34 707 658
35 581 99
36 624 795
37 574 62
38 450 108
39 620 569
40 892 744
DEMAND_SECTION
1 0
2 5
3 6
4 8
5 8
6 7
7 6
8 2
9 2
10 5
11 3
12 2
13 7
14 4
15 6
16 7
17 3
18 1
19 3
20 3
21 8
22 1
23 7
24 1
25 1
26 4
27 8
28 6
29 4
30 8
31 1
32 5
33 3
34 1
35 1
36 7
37 1
38 6
39 5
40 3
DEPOT_SECTION
 1
 -1
 EOF 