NAME: I9548-n39-k4
COMMENT : (Fake et al, No of trucks: 4, Optimal value: )
TYPE : CVRP
DIMENSION : 39
EDGE_WEIGHT_TYPE : EUC_2D
CAPACITY : 67
NODE_COORD_SECTION
1 700 345
2 937 519
3 559 654
4 495 791
5 537 538
6 597 14
7 119 456
8 335 551
9 487 507
10 982 988
11 348 417
12 464 977
13 299 51
14 574 347
15 542 937
16 248 210
17 179 670
18 351 281
19 926 909
20 904 951
21 911 507
22 673 981
23 588 958
24 131 138
25 734 921
26 972 631
27 691 516
28 483 456
29 362 895
30 816 613
31 15 839
32 810 558
33 707 42
34 464 693
35 30 843
36 806 276
37 906 246
38 996 151
39 341 422
DEMAND_SECTION
1 0
2 6
3 7
4 2
5 7
6 4
7 2
8 6
9 11
10 8
11 5
12 7
13 11
14 8
15 1
16 3
17 4
18 3
19 4
20 8
21 4
22 1
23 9
24 3
25 2
26 6
27 11
28 4
29 1
30 11
31 8
32 9
33 9
34 8
35 5
36 8
37 7
38 2
39 6
DEPOT_SECTION
 1
 -1
 EOF 