NAME: I9559-n45-k5
COMMENT : (Fake et al, No of trucks: 5, Optimal value: )
TYPE : CVRP
DIMENSION : 45
EDGE_WEIGHT_TYPE : EUC_2D
CAPACITY : 68
NODE_COORD_SECTION
1 156 343
2 142 984
3 702 489
4 486 989
5 219 579
6 997 406
7 924 404
8 654 177
9 166 27
10 730 783
11 670 62
12 562 774
13 46 627
14 360 522
15 467 989
16 837 783
17 771 36
18 999 623
19 281 708
20 863 428
21 385 277
22 613 370
23 332 404
24 399 687
25 870 604
26 595 434
27 591 893
28 221 232
29 591 571
30 160 71
31 983 289
32 89 175
33 463 660
34 802 249
35 277 993
36 409 267
37 566 366
38 557 344
39 846 377
40 294 494
41 821 78
42 23 195
43 420 576
44 81 777
45 382 718
DEMAND_SECTION
1 0
2 1
3 5
4 7
5 5
6 1
7 10
8 6
9 2
10 6
11 4
12 9
13 3
14 2
15 11
16 7
17 7
18 6
19 8
20 10
21 5
22 3
23 6
24 11
25 9
26 6
27 10
28 3
29 2
30 5
31 9
32 10
33 10
34 10
35 11
36 9
37 4
38 8
39 6
40 7
41 8
42 4
43 8
44 2
45 11
DEPOT_SECTION
 1
 -1
 EOF 