NAME: I9561-n31-k3
COMMENT : (Fake et al, No of trucks: 3, Optimal value: )
TYPE : CVRP
DIMENSION : 31
EDGE_WEIGHT_TYPE : EUC_2D
CAPACITY : 55
NODE_COORD_SECTION
1 44 733
2 841 975
3 703 36
4 486 39
5 146 619
6 491 744
7 721 15
8 692 390
9 550 209
10 634 644
11 930 962
12 573 991
13 260 917
14 371 481
15 84 969
16 705 929
17 582 947
18 223 533
19 990 193
20 89 0
21 857 202
22 727 394
23 816 239
24 586 855
25 580 496
26 910 674
27 503 390
28 501 139
29 803 663
30 505 628
31 23 478
DEMAND_SECTION
1 0
2 6
3 2
4 7
5 7
6 1
7 4
8 4
9 2
10 5
11 3
12 6
13 7
14 9
15 2
16 7
17 3
18 6
19 9
20 4
21 5
22 8
23 3
24 5
25 4
26 5
27 4
28 7
29 4
30 1
31 2
DEPOT_SECTION
 1
 -1
 EOF 