NAME: I9634-n27-k5
COMMENT : (Fake et al, No of trucks: 5, Optimal value: )
TYPE : CVRP
DIMENSION : 27
EDGE_WEIGHT_TYPE : EUC_2D
CAPACITY : 24
NODE_COORD_SECTION
1 861 0
2 495 749
3 33 584
4 297 353
5 619 100
6 426 355
7 40 410
8 548 674
9 185 714
10 358 532
11 170 869
12 473 620
13 187 490
14 761 71
15 243 892
16 174 168
17 124 600
18 589 293
19 141 389
20 680 551
21 232 261
22 674 770
23 138 145
24 324 565
25 782 218
26 993 840
27 850 347
DEMAND_SECTION
1 0
2 5
3 2
4 2
5 4
6 8
7 3
8 2
9 4
10 6
11 3
12 4
13 1
14 8
15 2
16 2
17 8
18 2
19 3
20 8
21 5
22 2
23 4
24 6
25 7
26 2
27 3
DEPOT_SECTION
 1
 -1
 EOF 