NAME: I9640-n30-k5
COMMENT : (Fake et al, No of trucks: 5, Optimal value: )
TYPE : CVRP
DIMENSION : 30
EDGE_WEIGHT_TYPE : EUC_2D
CAPACITY : 22
NODE_COORD_SECTION
1 21 448
2 868 512
3 601 723
4 248 217
5 181 740
6 151 975
7 438 163
8 461 516
9 923 347
10 585 54
11 482 549
12 365 537
13 62 630
14 34 848
15 471 226
16 498 235
17 209 678
18 170 158
19 579 425
20 542 615
21 178 779
22 375 230
23 295 330
24 361 533
25 381 375
26 751 465
27 82 692
28 494 719
29 272 964
30 944 511
DEMAND_SECTION
1 0
2 5
3 3
4 3
5 3
6 3
7 5
8 2
9 1
10 4
11 2
12 3
13 5
14 4
15 3
16 5
17 7
18 3
19 1
20 3
21 5
22 6
23 3
24 7
25 1
26 1
27 4
28 5
29 1
30 2
DEPOT_SECTION
 1
 -1
 EOF 