NAME: I9660-n38-k5
COMMENT : (Fake et al, No of trucks: 5, Optimal value: )
TYPE : CVRP
DIMENSION : 38
EDGE_WEIGHT_TYPE : EUC_2D
CAPACITY : 48
NODE_COORD_SECTION
1 283 736
2 666 600
3 714 173
4 188 198
5 299 932
6 953 251
7 233 881
8 713 495
9 985 225
10 861 919
11 151 648
12 341 727
13 794 944
14 75 13
15 223 210
16 918 203
17 322 729
18 140 210
19 763 234
20 68 85
21 980 23
22 188 50
23 714 313
24 608 735
25 545 134
26 225 865
27 328 333
28 789 856
29 409 317
30 618 422
31 495 377
32 901 568
33 502 396
34 66 272
35 269 69
36 604 990
37 959 231
38 759 54
DEMAND_SECTION
1 0
2 3
3 5
4 1
5 6
6 6
7 6
8 10
9 4
10 11
11 1
12 9
13 6
14 3
15 9
16 7
17 11
18 5
19 11
20 9
21 10
22 4
23 5
24 3
25 3
26 3
27 3
28 5
29 11
30 1
31 2
32 7
33 7
34 5
35 6
36 4
37 2
38 10
DEPOT_SECTION
 1
 -1
 EOF 