NAME: I9682-n44-k6
COMMENT : (Fake et al, No of trucks: 6, Optimal value: )
TYPE : CVRP
DIMENSION : 44
EDGE_WEIGHT_TYPE : EUC_2D
CAPACITY : 24
NODE_COORD_SECTION
1 527 428
2 191 380
3 14 684
4 786 317
5 930 626
6 544 916
7 681 691
8 166 587
9 122 68
10 175 573
11 575 1000
12 493 445
13 769 300
14 766 616
15 656 312
16 75 82
17 757 637
18 212 595
19 692 524
20 232 444
21 527 43
22 293 658
23 80 801
24 661 865
25 679 191
26 686 111
27 738 48
28 722 604
29 882 511
30 531 294
31 299 728
32 231 875
33 79 312
34 338 587
35 717 73
36 580 657
37 702 802
38 623 621
39 571 801
40 919 430
41 959 878
42 371 522
43 738 450
44 373 253
DEMAND_SECTION
1 0
2 3
3 1
4 3
5 1
6 1
7 3
8 4
9 3
10 3
11 3
12 4
13 4
14 3
15 4
16 2
17 1
18 3
19 2
20 3
21 2
22 2
23 2
24 4
25 3
26 1
27 4
28 4
29 2
30 2
31 3
32 1
33 4
34 2
35 4
36 1
37 4
38 4
39 4
40 4
41 4
42 3
43 1
44 2
DEPOT_SECTION
 1
 -1
 EOF 