NAME: I9686-n38-k4
COMMENT : (Fake et al, No of trucks: 4, Optimal value: )
TYPE : CVRP
DIMENSION : 38
EDGE_WEIGHT_TYPE : EUC_2D
CAPACITY : 35
NODE_COORD_SECTION
1 851 652
2 483 697
3 366 56
4 898 268
5 267 729
6 817 415
7 640 464
8 110 683
9 258 677
10 291 899
11 825 124
12 296 935
13 720 64
14 346 4
15 908 648
16 457 176
17 334 602
18 80 151
19 360 474
20 212 467
21 535 585
22 7 547
23 574 932
24 287 200
25 504 115
26 745 823
27 540 217
28 377 618
29 355 755
30 537 232
31 931 303
32 643 692
33 795 530
34 879 320
35 434 287
36 768 843
37 954 371
38 156 625
DEMAND_SECTION
1 0
2 1
3 1
4 6
5 3
6 2
7 1
8 1
9 4
10 3
11 2
12 6
13 4
14 2
15 3
16 5
17 2
18 6
19 2
20 1
21 2
22 4
23 4
24 3
25 5
26 2
27 2
28 6
29 5
30 3
31 3
32 5
33 4
34 6
35 5
36 2
37 3
38 1
DEPOT_SECTION
 1
 -1
 EOF 