NAME: I973-n24-k3
COMMENT : (Fake et al, No of trucks: 3, Optimal value: )
TYPE : CVRP
DIMENSION : 24
EDGE_WEIGHT_TYPE : EUC_2D
CAPACITY : 12
NODE_COORD_SECTION
1 388 972
2 882 519
3 485 82
4 518 898
5 152 374
6 455 21
7 842 213
8 459 96
9 458 447
10 802 632
11 942 780
12 288 819
13 940 762
14 146 744
15 583 147
16 428 8
17 112 680
18 571 201
19 216 909
20 120 646
21 524 390
22 123 749
23 689 128
24 367 814
DEMAND_SECTION
1 0
2 1
3 1
4 1
5 2
6 2
7 1
8 2
9 2
10 2
11 1
12 2
13 2
14 1
15 1
16 1
17 1
18 1
19 2
20 2
21 1
22 2
23 1
24 1
DEPOT_SECTION
 1
 -1
 EOF 