NAME: I9788-n32-k5
COMMENT : (Fake et al, No of trucks: 5, Optimal value: )
TYPE : CVRP
DIMENSION : 32
EDGE_WEIGHT_TYPE : EUC_2D
CAPACITY : 27
NODE_COORD_SECTION
1 504 286
2 770 738
3 137 970
4 14 683
5 92 941
6 750 249
7 589 977
8 953 427
9 868 432
10 265 664
11 856 425
12 496 514
13 347 997
14 986 748
15 293 297
16 135 672
17 39 36
18 365 958
19 296 210
20 738 666
21 528 584
22 139 224
23 412 527
24 796 367
25 775 473
26 519 296
27 320 979
28 252 983
29 332 964
30 743 28
31 0 31
32 759 68
DEMAND_SECTION
1 0
2 4
3 5
4 2
5 1
6 5
7 6
8 3
9 4
10 3
11 5
12 1
13 5
14 1
15 4
16 6
17 3
18 2
19 6
20 3
21 3
22 3
23 3
24 4
25 6
26 6
27 2
28 6
29 1
30 1
31 1
32 6
DEPOT_SECTION
 1
 -1
 EOF 