NAME: I980-n32-k6
COMMENT : (Fake et al, No of trucks: 6, Optimal value: )
TYPE : CVRP
DIMENSION : 32
EDGE_WEIGHT_TYPE : EUC_2D
CAPACITY : 26
NODE_COORD_SECTION
1 710 493
2 648 368
3 767 931
4 937 224
5 415 652
6 112 778
7 140 183
8 267 212
9 299 788
10 715 900
11 676 150
12 70 32
13 442 543
14 171 669
15 243 850
16 716 286
17 791 482
18 415 10
19 955 917
20 184 807
21 780 359
22 829 895
23 141 769
24 487 100
25 253 26
26 696 885
27 544 394
28 750 808
29 123 778
30 278 861
31 690 788
32 106 567
DEMAND_SECTION
1 0
2 4
3 8
4 6
5 6
6 6
7 8
8 3
9 1
10 9
11 4
12 5
13 4
14 8
15 7
16 1
17 6
18 1
19 5
20 1
21 2
22 7
23 8
24 3
25 3
26 6
27 5
28 6
29 2
30 1
31 3
32 1
DEPOT_SECTION
 1
 -1
 EOF 