NAME: I9818-n29-k6
COMMENT : (Fake et al, No of trucks: 6, Optimal value: )
TYPE : CVRP
DIMENSION : 29
EDGE_WEIGHT_TYPE : EUC_2D
CAPACITY : 28
NODE_COORD_SECTION
1 813 95
2 909 279
3 804 816
4 563 539
5 108 308
6 278 901
7 263 833
8 422 608
9 411 414
10 16 424
11 136 428
12 833 204
13 441 542
14 954 594
15 354 430
16 472 272
17 978 695
18 493 596
19 163 560
20 932 413
21 478 688
22 779 931
23 438 845
24 147 510
25 79 35
26 193 10
27 107 801
28 205 396
29 447 958
DEMAND_SECTION
1 0
2 5
3 5
4 5
5 3
6 3
7 7
8 9
9 1
10 7
11 8
12 8
13 2
14 7
15 3
16 8
17 4
18 8
19 2
20 8
21 5
22 6
23 2
24 5
25 8
26 3
27 2
28 3
29 5
DEPOT_SECTION
 1
 -1
 EOF 