NAME: I9832-n32-k3
COMMENT : (Fake et al, No of trucks: 3, Optimal value: )
TYPE : CVRP
DIMENSION : 32
EDGE_WEIGHT_TYPE : EUC_2D
CAPACITY : 65
NODE_COORD_SECTION
1 936 93
2 910 219
3 835 727
4 247 894
5 303 637
6 852 323
7 587 650
8 939 171
9 991 398
10 703 836
11 565 209
12 908 982
13 374 121
14 736 405
15 667 241
16 34 795
17 48 723
18 835 254
19 378 86
20 448 359
21 58 135
22 246 329
23 867 752
24 153 700
25 114 935
26 558 861
27 418 738
28 126 487
29 922 907
30 617 353
31 160 427
32 119 801
DEMAND_SECTION
1 0
2 2
3 3
4 8
5 1
6 6
7 6
8 3
9 2
10 11
11 2
12 6
13 3
14 10
15 11
16 2
17 1
18 1
19 1
20 1
21 4
22 9
23 11
24 7
25 3
26 6
27 8
28 5
29 7
30 3
31 9
32 7
DEPOT_SECTION
 1
 -1
 EOF 