NAME: I9833-n30-k3
COMMENT : (Fake et al, No of trucks: 3, Optimal value: )
TYPE : CVRP
DIMENSION : 30
EDGE_WEIGHT_TYPE : EUC_2D
CAPACITY : 48
NODE_COORD_SECTION
1 535 768
2 650 111
3 866 158
4 556 970
5 674 762
6 191 933
7 113 480
8 970 348
9 387 407
10 76 910
11 588 314
12 99 156
13 64 10
14 263 409
15 781 667
16 125 221
17 282 343
18 320 896
19 451 0
20 422 741
21 415 53
22 475 745
23 995 274
24 669 716
25 613 950
26 120 128
27 273 112
28 984 132
29 421 926
30 296 163
DEMAND_SECTION
1 0
2 4
3 2
4 7
5 2
6 2
7 5
8 1
9 4
10 4
11 6
12 2
13 7
14 7
15 6
16 7
17 6
18 3
19 5
20 6
21 1
22 1
23 3
24 7
25 7
26 1
27 6
28 1
29 2
30 3
DEPOT_SECTION
 1
 -1
 EOF 