NAME: I9878-n47-k5
COMMENT : (Fake et al, No of trucks: 5, Optimal value: )
TYPE : CVRP
DIMENSION : 47
EDGE_WEIGHT_TYPE : EUC_2D
CAPACITY : 11
NODE_COORD_SECTION
1 22 587
2 644 619
3 93 536
4 890 479
5 659 613
6 142 145
7 621 946
8 486 4
9 320 611
10 387 909
11 385 362
12 721 733
13 649 230
14 575 76
15 52 131
16 268 19
17 782 668
18 443 180
19 729 526
20 809 238
21 653 689
22 547 499
23 33 967
24 739 707
25 780 23
26 980 359
27 493 474
28 609 502
29 816 506
30 425 42
31 417 966
32 714 967
33 323 137
34 200 613
35 684 506
36 318 231
37 562 521
38 381 882
39 247 849
40 688 906
41 423 615
42 31 529
43 231 799
44 945 324
45 8 473
46 393 52
47 472 799
DEMAND_SECTION
1 0
2 1
3 1
4 1
5 1
6 1
7 1
8 1
9 1
10 1
11 1
12 1
13 1
14 1
15 1
16 1
17 1
18 1
19 1
20 1
21 1
22 1
23 1
24 1
25 1
26 1
27 1
28 1
29 1
30 1
31 1
32 1
33 1
34 1
35 1
36 1
37 1
38 1
39 1
40 1
41 1
42 1
43 1
44 1
45 1
46 1
47 1
DEPOT_SECTION
 1
 -1
 EOF 