NAME: I9870-n45-k6
COMMENT : (Fake et al, No of trucks: 6, Optimal value: )
TYPE : CVRP
DIMENSION : 45
EDGE_WEIGHT_TYPE : EUC_2D
CAPACITY : 33
NODE_COORD_SECTION
1 821 887
2 434 51
3 905 157
4 857 363
5 556 594
6 51 953
7 392 287
8 768 214
9 723 648
10 311 964
11 529 916
12 77 391
13 494 446
14 488 105
15 782 112
16 98 896
17 517 579
18 511 85
19 670 356
20 392 210
21 591 347
22 741 661
23 70 421
24 709 673
25 972 656
26 679 882
27 70 955
28 104 846
29 650 751
30 763 340
31 379 590
32 256 688
33 706 606
34 783 438
35 331 519
36 144 903
37 291 945
38 713 251
39 376 669
40 494 152
41 639 376
42 47 652
43 673 9
44 842 156
45 727 39
DEMAND_SECTION
1 0
2 6
3 5
4 6
5 6
6 2
7 4
8 4
9 1
10 3
11 4
12 6
13 5
14 6
15 6
16 2
17 2
18 6
19 1
20 4
21 4
22 6
23 6
24 4
25 3
26 3
27 2
28 6
29 1
30 5
31 5
32 6
33 4
34 2
35 1
36 6
37 4
38 5
39 3
40 6
41 3
42 5
43 3
44 2
45 5
DEPOT_SECTION
 1
 -1
 EOF 