NAME: I9998-n43-k6
COMMENT : (Fake et al, No of trucks: 6, Optimal value: )
TYPE : CVRP
DIMENSION : 43
EDGE_WEIGHT_TYPE : EUC_2D
CAPACITY : 8
NODE_COORD_SECTION
1 990 494
2 560 666
3 454 946
4 282 394
5 784 445
6 362 755
7 664 439
8 883 283
9 596 525
10 576 939
11 860 444
12 567 3
13 103 585
14 626 940
15 28 141
16 788 523
17 212 903
18 142 402
19 2 748
20 381 320
21 654 949
22 872 146
23 391 386
24 478 483
25 210 793
26 287 809
27 340 670
28 981 748
29 333 281
30 104 197
31 316 899
32 317 351
33 754 29
34 366 694
35 341 969
36 390 96
37 569 778
38 277 625
39 376 897
40 314 912
41 851 33
42 463 982
43 152 267
DEMAND_SECTION
1 0
2 1
3 1
4 1
5 1
6 1
7 1
8 1
9 1
10 1
11 1
12 1
13 1
14 1
15 1
16 1
17 1
18 1
19 1
20 1
21 1
22 1
23 1
24 1
25 1
26 1
27 1
28 1
29 1
30 1
31 1
32 1
33 1
34 1
35 1
36 1
37 1
38 1
39 1
40 1
41 1
42 1
43 1
DEPOT_SECTION
 1
 -1
 EOF 