Best cost: 15613.000313145598
Route #1: [0, 54, 52, 64, 83, 73, 81, 57, 43, 68, 90, 38, 48, 0]
Route #2: [0, 16, 11, 4, 82, 94, 51, 44, 65, 7, 34, 0]
Route #3: [0, 50, 40, 25, 20, 36, 3, 80, 24, 0]
Route #4: [0, 56, 74, 18, 41, 19, 72, 76, 60, 88, 59, 31, 1, 0]
Route #5: [0, 22, 15, 23, 53, 93, 9, 67, 63, 14, 85, 49, 0]
Route #6: [0, 92, 75, 2, 37, 62, 21, 39, 78, 45, 69, 0]
Route #7: [0, 42, 79, 84, 27, 6, 47, 5, 13, 8, 77, 58, 0]
Route #8: [0, 61, 26, 12, 32, 17, 66, 55, 30, 29, 91, 70, 0]
Route #9: [0, 35, 71, 86, 28, 10, 46, 33, 87, 89, 0]
Route #10: [0, 0]
