Best cost: 14434.654365454207
Route #1: [0, 51, 29, 67, 57, 83, 44, 25, 80, 13, 8, 74, 54, 0]
Route #2: [0, 22, 64, 66, 77, 27, 30, 50, 7, 0]
Route #3: [0, 26, 18, 58, 68, 60, 35, 55, 56, 3, 0]
Route #4: [0, 62, 37, 24, 32, 65, 36, 16, 28, 0]
Route #5: [0, 2, 31, 4, 40, 73, 15, 12, 61, 14, 63, 0]
Route #6: [0, 72, 53, 76, 19, 33, 69, 5, 0]
Route #7: [0, 59, 70, 1, 81, 52, 45, 78, 79, 82, 39, 38, 42, 6, 0]
Route #8: [0, 46, 17, 47, 75, 23, 9, 48, 20, 21, 43, 34, 0]
Route #9: [0, 11, 10, 41, 49, 71, 0]
Route #10: [0, 0]
