Best cost: 13338.515123045758
Route #1: [0, 30, 47, 19, 25, 0]
Route #2: [0, 50, 6, 2, 23, 4, 51, 27, 0]
Route #3: [0, 3, 77, 65, 61, 22, 66, 14, 24, 0]
Route #4: [0, 37, 10, 41, 42, 21, 55, 32, 81, 0]
Route #5: [0, 70, 44, 68, 75, 49, 9, 64, 67, 69, 57, 38, 0]
Route #6: [0, 17, 45, 16, 26, 56, 74, 52, 29, 71, 0]
Route #7: [0, 28, 76, 15, 13, 7, 39, 20, 79, 54, 62, 36, 0]
Route #8: [0, 48, 40, 8, 78, 80, 60, 46, 59, 11, 18, 0]
Route #9: [0, 43, 34, 63, 1, 53, 5, 35, 72, 33, 73, 12, 31, 58, 0]
Route #10: [0, 0]
