Best cost: 14600.559685964447
Route #1: [0, 55, 10, 34, 41, 68, 67, 35, 82, 38, 72, 56, 75, 0]
Route #2: [0, 65, 31, 59, 88, 69, 64, 51, 86, 87, 0]
Route #3: [0, 13, 48, 49, 11, 26, 60, 85, 3, 0]
Route #4: [0, 77, 32, 53, 45, 74, 33, 40, 43, 15, 52, 66, 23, 0]
Route #5: [0, 42, 25, 6, 2, 90, 22, 19, 93, 28, 80, 92, 0]
Route #6: [0, 4, 12, 39, 7, 30, 8, 58, 81, 91, 14, 79, 0]
Route #7: [0, 9, 46, 37, 1, 5, 83, 78, 27, 0]
Route #8: [0, 36, 70, 18, 20, 24, 57, 17, 62, 50, 29, 16, 0]
Route #9: [0, 61, 84, 89, 54, 47, 44, 73, 63, 0]
Route #10: [0, 21, 76, 71, 0]
