Best cost: 13483.987633441724
Route #1: [0, 37, 19, 53, 28, 38, 81, 7, 23, 72, 47, 0]
Route #2: [0, 55, 52, 18, 95, 12, 49, 6, 60, 70, 82, 17, 21, 4, 36, 0]
Route #3: [0, 79, 75, 63, 91, 41, 30, 26, 43, 0]
Route #4: [0, 29, 9, 2, 51, 10, 93, 44, 69, 80, 46, 56, 40, 0]
Route #5: [0, 97, 89, 33, 42, 96, 66, 5, 3, 57, 98, 0]
Route #6: [0, 22, 14, 84, 64, 16, 31, 20, 61, 65, 62, 50, 88, 0]
Route #7: [0, 54, 13, 11, 1, 8, 94, 87, 15, 35, 85, 27, 45, 73, 92, 0]
Route #8: [0, 67, 78, 86, 74, 76, 77, 71, 34, 90, 25, 58, 59, 24, 0]
Route #9: [0, 32, 83, 68, 39, 48, 0]
Route #10: [0, 0]
