Best cost: 15553.642473218353
Route #1: [0, 5, 97, 11, 10, 78, 98, 30, 39, 15, 46, 31, 35, 0]
Route #2: [0, 8, 58, 27, 2, 89, 52, 22, 94, 6, 37, 0]
Route #3: [0, 50, 1, 28, 19, 73, 84, 47, 87, 56, 65, 71, 0]
Route #4: [0, 43, 36, 95, 18, 88, 67, 53, 14, 77, 60, 0]
Route #5: [0, 82, 25, 33, 80, 55, 96, 44, 92, 68, 24, 0]
Route #6: [0, 57, 70, 12, 64, 83, 17, 34, 29, 51, 79, 59, 3, 0]
Route #7: [0, 69, 74, 93, 66, 40, 16, 75, 23, 4, 86, 90, 42, 45, 0]
Route #8: [0, 48, 41, 61, 62, 72, 91, 7, 32, 13, 9, 21, 63, 20, 0]
Route #9: [0, 49, 85, 76, 81, 54, 38, 26, 0]
Route #10: [0, 0]
