Best cost: 11377.639363102482
Route #1: [0, 7, 38, 15, 82, 41, 0]
Route #2: [0, 45, 33, 35, 31, 80, 89, 19, 54, 21, 76, 27, 0]
Route #3: [0, 48, 49, 1, 11, 70, 53, 14, 22, 18, 13, 92, 60, 17, 28, 73, 0]
Route #4: [0, 84, 39, 23, 47, 44, 71, 79, 83, 65, 16, 12, 58, 0]
Route #5: [0, 43, 9, 42, 37, 78, 51, 90, 56, 87, 8, 91, 2, 59, 68, 0]
Route #6: [0, 57, 86, 63, 29, 40, 61, 25, 30, 4, 24, 55, 66, 10, 0]
Route #7: [0, 88, 72, 94, 32, 5, 34, 46, 85, 52, 26, 3, 0]
Route #8: [0, 50, 20, 69, 81, 93, 67, 77, 36, 74, 64, 62, 6, 75, 0]
Route #9: [0, 0]
