Best cost: 12805.55167236415
Route #1: [0, 54, 10, 77, 42, 40, 27, 55, 91, 86, 35, 0]
Route #2: [0, 68, 8, 24, 79, 17, 7, 63, 11, 82, 34, 0]
Route #3: [0, 14, 3, 60, 39, 9, 61, 26, 37, 28, 66, 53, 6, 78, 0]
Route #4: [0, 70, 49, 13, 74, 83, 36, 58, 89, 4, 47, 2, 5, 0]
Route #5: [0, 38, 69, 16, 30, 94, 67, 19, 21, 93, 76, 0]
Route #6: [0, 41, 45, 0]
Route #7: [0, 20, 81, 72, 1, 95, 29, 25, 85, 31, 59, 57, 62, 52, 0]
Route #8: [0, 18, 88, 15, 80, 44, 48, 22, 46, 32, 65, 12, 51, 0]
Route #9: [0, 50, 71, 64, 23, 92, 33, 43, 84, 75, 90, 73, 56, 87, 0]
Route #10: [0, 0]
