Best cost: 13417.981334865639
Route #1: [0, 92, 0]
Route #2: [0, 76, 90, 43, 40, 2, 24, 46, 23, 29, 88, 78, 20, 73, 0]
Route #3: [0, 34, 12, 82, 53, 26, 63, 22, 1, 58, 25, 59, 4, 75, 0]
Route #4: [0, 65, 14, 31, 74, 89, 48, 17, 87, 19, 3, 81, 37, 52, 0]
Route #5: [0, 91, 47, 71, 16, 5, 64, 36, 35, 55, 6, 61, 72, 11, 0]
Route #6: [0, 21, 10, 60, 77, 44, 8, 68, 86, 49, 85, 13, 41, 28, 0]
Route #7: [0, 62, 45, 9, 84, 83, 18, 15, 39, 7, 30, 56, 54, 33, 0]
Route #8: [0, 66, 69, 80, 70, 79, 50, 42, 51, 38, 27, 32, 57, 67, 0]
Route #9: [0, 0]
