Best cost: 12683.73324609773
Route #1: [0, 41, 25, 62, 71, 21, 83, 89, 38, 87, 73, 0]
Route #2: [0, 45, 23, 60, 36, 47, 6, 11, 9, 57, 44, 0]
Route #3: [0, 27, 3, 15, 59, 72, 8, 18, 76, 33, 81, 52, 17, 0]
Route #4: [0, 88, 54, 51, 40, 26, 67, 92, 70, 48, 80, 64, 0]
Route #5: [0, 66, 16, 43, 74, 31, 32, 93, 22, 90, 82, 0]
Route #6: [0, 34, 29, 28, 53, 79, 5, 12, 19, 42, 24, 68, 0]
Route #7: [0, 61, 10, 2, 49, 7, 46, 91, 20, 56, 0]
Route #8: [0, 4, 63, 55, 30, 1, 37, 50, 35, 69, 0]
Route #9: [0, 39, 77, 85, 13, 14, 84, 86, 78, 75, 94, 65, 58, 0]
Route #10: [0, 0]
