Best cost: 13484.461243642052
Route #1: [0, 8, 80, 24, 12, 58, 88, 22, 37, 50, 66, 34, 82, 0]
Route #2: [0, 61, 54, 23, 86, 71, 79, 45, 42, 67, 27, 0]
Route #3: [0, 46, 81, 70, 57, 29, 38, 5, 49, 90, 0]
Route #4: [0, 2, 84, 19, 32, 60, 28, 76, 62, 43, 47, 35, 7, 0]
Route #5: [0, 89, 25, 33, 11, 59, 69, 52, 78, 9, 39, 72, 53, 0]
Route #6: [0, 68, 17, 31, 18, 30, 41, 4, 44, 13, 77, 55, 36, 56, 75, 51, 40, 0]
Route #7: [0, 14, 64, 1, 20, 10, 48, 73, 85, 63, 0]
Route #8: [0, 74, 3, 21, 87, 16, 83, 6, 26, 65, 15, 0]
Route #9: [0, 0]
