Best cost: 14288.693953128755
Route #1: [0, 7, 74, 48, 47, 29, 68, 30, 75, 44, 18, 0]
Route #2: [0, 22, 80, 12, 41, 1, 46, 11, 66, 26, 72, 4, 39, 0]
Route #3: [0, 49, 81, 67, 43, 64, 14, 8, 9, 21, 24, 70, 0]
Route #4: [0, 19, 37, 51, 15, 28, 60, 10, 42, 63, 83, 0]
Route #5: [0, 76, 5, 82, 65, 23, 32, 13, 45, 52, 50, 0]
Route #6: [0, 25, 27, 62, 59, 17, 55, 61, 38, 84, 2, 35, 0]
Route #7: [0, 77, 58, 79, 33, 34, 6, 31, 16, 71, 69, 0]
Route #8: [0, 57, 36, 73, 20, 78, 40, 56, 3, 0]
Route #9: [0, 54, 53, 0]
