Best cost: 14544.918217200857
Route #1: [0, 50, 5, 55, 34, 65, 22, 33, 0]
Route #2: [0, 28, 40, 37, 45, 64, 31, 24, 11, 23, 0]
Route #3: [0, 72, 3, 9, 49, 1, 51, 2, 26, 86, 20, 80, 0]
Route #4: [0, 16, 18, 68, 88, 52, 84, 77, 38, 76, 17, 0]
Route #5: [0, 89, 29, 12, 54, 62, 81, 42, 43, 32, 0]
Route #6: [0, 15, 74, 59, 71, 57, 70, 48, 35, 56, 67, 0]
Route #7: [0, 7, 63, 8, 85, 25, 14, 66, 90, 13, 36, 82, 0]
Route #8: [0, 27, 30, 83, 58, 75, 44, 46, 73, 61, 69, 0]
Route #9: [0, 10, 21, 87, 53, 41, 79, 60, 6, 4, 78, 47, 0]
Route #10: [0, 39, 19, 0]
