Best cost: 11621.068295095727
Route #1: [0, 26, 98, 34, 79, 5, 86, 19, 83, 14, 75, 16, 55, 0]
Route #2: [0, 15, 52, 65, 77, 38, 49, 32, 56, 0]
Route #3: [0, 81, 37, 96, 25, 90, 8, 70, 89, 92, 11, 97, 23, 0]
Route #4: [0, 53, 35, 68, 64, 40, 95, 9, 87, 48, 50, 46, 12, 0]
Route #5: [0, 28, 33, 6, 78, 24, 21, 7, 44, 60, 99, 13, 39, 0]
Route #6: [0, 61, 2, 10, 22, 67, 27, 30, 18, 4, 42, 31, 66, 0]
Route #7: [0, 20, 3, 54, 1, 91, 94, 45, 0]
Route #8: [0, 58, 47, 62, 69, 80, 84, 73, 82, 74, 59, 71, 41, 0]
Route #9: [0, 43, 72, 17, 88, 51, 36, 85, 63, 76, 29, 93, 57, 0]
Route #10: [0, 0]
