Best cost: 13251.732216325276
Route #1: [0, 83, 65, 64, 48, 13, 15, 70, 9, 0]
Route #2: [0, 63, 25, 31, 78, 8, 60, 52, 0]
Route #3: [0, 62, 20, 19, 28, 22, 69, 35, 49, 14, 0]
Route #4: [0, 56, 80, 77, 33, 21, 58, 71, 59, 10, 0]
Route #5: [0, 27, 44, 5, 29, 7, 51, 54, 74, 26, 0]
Route #6: [0, 57, 4, 36, 55, 61, 16, 34, 67, 6, 76, 0]
Route #7: [0, 1, 82, 39, 50, 37, 30, 81, 73, 0]
Route #8: [0, 24, 2, 43, 84, 32, 12, 18, 45, 41, 53, 46, 3, 0]
Route #9: [0, 66, 11, 68, 47, 72, 40, 23, 75, 0]
Route #10: [0, 79, 17, 42, 38, 0]
