Best cost: 14098.103194860563
Route #1: [0, 62, 65, 27, 78, 90, 31, 55, 48, 81, 0]
Route #2: [0, 20, 22, 61, 18, 75, 14, 68, 54, 33, 6, 44, 0]
Route #3: [0, 88, 89, 76, 12, 84, 59, 34, 38, 37, 92, 17, 0]
Route #4: [0, 10, 36, 95, 77, 4, 96, 43, 28, 82, 87, 91, 0]
Route #5: [0, 40, 63, 50, 19, 1, 23, 51, 26, 3, 64, 93, 39, 0]
Route #6: [0, 24, 60, 21, 56, 45, 86, 25, 11, 71, 42, 73, 0]
Route #7: [0, 70, 16, 53, 83, 2, 74, 9, 46, 94, 0]
Route #8: [0, 49, 29, 41, 57, 58, 52, 85, 66, 7, 47, 8, 0]
Route #9: [0, 79, 69, 5, 72, 13, 80, 15, 67, 35, 30, 32, 0]
Route #10: [0, 0]
