Best cost: 14871.338450284798
Route #1: [0, 1, 50, 17, 12, 73, 49, 22, 83, 81, 79, 11, 0]
Route #2: [0, 21, 10, 18, 45, 70, 2, 64, 14, 13, 0]
Route #3: [0, 75, 3, 16, 25, 53, 48, 85, 84, 66, 8, 51, 58, 74, 0]
Route #4: [0, 39, 20, 82, 27, 62, 37, 31, 5, 0]
Route #5: [0, 54, 32, 86, 4, 60, 26, 68, 29, 72, 0]
Route #6: [0, 24, 40, 42, 76, 46, 52, 61, 38, 7, 30, 0]
Route #7: [0, 78, 55, 33, 57, 19, 59, 28, 0]
Route #8: [0, 44, 67, 56, 63, 9, 43, 35, 6, 36, 71, 77, 0]
Route #9: [0, 69, 47, 41, 80, 15, 65, 34, 23, 0]
Route #10: [0, 0]
