Best cost: 16881.29547987231
Route #1: [0, 17, 97, 4, 86, 68, 5, 13, 87, 19, 8, 65, 14, 0]
Route #2: [0, 63, 51, 16, 43, 60, 90, 54, 44, 42, 30, 0]
Route #3: [0, 74, 55, 67, 53, 57, 24, 80, 73, 56, 40, 79, 0]
Route #4: [0, 2, 70, 6, 47, 69, 94, 92, 75, 78, 83, 3, 0]
Route #5: [0, 46, 71, 41, 59, 76, 25, 38, 35, 66, 10, 23, 0]
Route #6: [0, 58, 61, 22, 45, 85, 11, 15, 91, 88, 9, 49, 36, 28, 34, 0]
Route #7: [0, 7, 1, 84, 52, 81, 20, 26, 27, 62, 48, 72, 0]
Route #8: [0, 64, 12, 33, 0]
Route #9: [0, 77, 93, 29, 96, 50, 18, 95, 31, 39, 82, 89, 37, 21, 32, 0]
Route #10: [0, 0]
