Best cost: 12772.337224060273
Route #1: [0, 78, 38, 76, 20, 67, 18, 29, 2, 44, 59, 5, 31, 27, 0]
Route #2: [0, 42, 13, 23, 22, 24, 56, 82, 11, 72, 40, 9, 0]
Route #3: [0, 62, 71, 32, 10, 58, 46, 47, 54, 57, 70, 6, 0]
Route #4: [0, 28, 74, 17, 48, 39, 77, 60, 63, 7, 33, 68, 0]
Route #5: [0, 45, 69, 1, 41, 75, 83, 65, 37, 0]
Route #6: [0, 79, 36, 14, 64, 8, 4, 49, 34, 21, 0]
Route #7: [0, 50, 35, 51, 53, 26, 73, 3, 15, 55, 0]
Route #8: [0, 66, 16, 12, 61, 25, 19, 30, 81, 43, 80, 52, 0]
Route #9: [0, 0]
