Best cost: 13004.093322627623
Route #1: [0, 29, 23, 45, 33, 81, 14, 89, 67, 0]
Route #2: [0, 47, 35, 3, 72, 25, 34, 54, 13, 57, 80, 74, 15, 0]
Route #3: [0, 86, 64, 59, 8, 12, 83, 78, 51, 0]
Route #4: [0, 60, 38, 26, 87, 48, 63, 68, 52, 21, 61, 39, 49, 69, 0]
Route #5: [0, 85, 88, 56, 9, 82, 41, 84, 62, 76, 75, 58, 24, 30, 44, 0]
Route #6: [0, 27, 46, 32, 18, 37, 4, 66, 71, 5, 6, 0]
Route #7: [0, 1, 55, 22, 2, 43, 31, 79, 19, 77, 73, 10, 11, 0]
Route #8: [0, 17, 42, 40, 53, 65, 70, 16, 50, 36, 20, 0]
Route #9: [0, 28, 7, 0]
Route #10: [0, 0]
