Best cost: 15430.62359961088
Route #1: [0, 75, 83, 13, 52, 15, 32, 41, 88, 39, 0]
Route #2: [0, 50, 29, 81, 34, 77, 49, 84, 51, 0]
Route #3: [0, 17, 79, 1, 23, 76, 68, 93, 46, 0]
Route #4: [0, 67, 35, 43, 63, 30, 21, 5, 47, 27, 19, 16, 87, 0]
Route #5: [0, 78, 58, 55, 60, 42, 54, 0]
Route #6: [0, 3, 45, 26, 28, 91, 20, 8, 73, 22, 37, 40, 0]
Route #7: [0, 11, 74, 33, 53, 12, 48, 2, 24, 82, 66, 0]
Route #8: [0, 9, 14, 36, 38, 71, 65, 70, 61, 89, 86, 18, 0]
Route #9: [0, 56, 10, 94, 80, 4, 90, 7, 25, 64, 31, 57, 0]
Route #10: [0, 69, 72, 44, 85, 6, 62, 59, 92, 0]
