Best cost: 12836.627274798117
Route #1: [0, 55, 27, 9, 49, 79, 42, 40, 15, 29, 51, 19, 0]
Route #2: [0, 18, 47, 31, 22, 57, 82, 81, 20, 41, 59, 25, 0]
Route #3: [0, 1, 74, 50, 65, 38, 43, 23, 48, 2, 69, 70, 0]
Route #4: [0, 4, 45, 46, 6, 17, 67, 58, 16, 37, 24, 28, 0]
Route #5: [0, 44, 66, 73, 30, 77, 34, 75, 83, 11, 84, 21, 0]
Route #6: [0, 35, 8, 61, 56, 26, 36, 39, 0]
Route #7: [0, 5, 7, 14, 76, 64, 54, 13, 80, 71, 62, 52, 0]
Route #8: [0, 12, 32, 33, 63, 3, 68, 10, 53, 78, 72, 60, 0]
Route #9: [0, 0]
