Best cost: 14470.485754184932
Route #1: [0, 33, 78, 72, 79, 81, 60, 35, 61, 67, 22, 0]
Route #2: [0, 29, 26, 48, 66, 4, 9, 34, 32, 0]
Route #3: [0, 47, 76, 7, 52, 46, 80, 74, 0]
Route #4: [0, 37, 68, 51, 1, 53, 41, 40, 55, 3, 0]
Route #5: [0, 17, 57, 2, 21, 64, 18, 83, 43, 54, 28, 6, 0]
Route #6: [0, 84, 14, 16, 85, 15, 58, 65, 42, 62, 86, 0]
Route #7: [0, 36, 38, 24, 11, 27, 45, 82, 0]
Route #8: [0, 39, 77, 71, 30, 50, 87, 8, 19, 13, 20, 0]
Route #9: [0, 5, 25, 75, 59, 63, 73, 0]
Route #10: [0, 23, 69, 70, 10, 31, 49, 44, 12, 56, 0]
