Best cost: 16122.766420457147
Route #1: [0, 4, 60, 52, 33, 57, 16, 14, 67, 27, 20, 0]
Route #2: [0, 54, 10, 81, 71, 23, 39, 58, 87, 47, 30, 0]
Route #3: [0, 55, 34, 51, 72, 46, 2, 35, 41, 29, 0]
Route #4: [0, 7, 26, 94, 82, 75, 18, 83, 85, 19, 86, 91, 76, 0]
Route #5: [0, 11, 25, 88, 69, 79, 28, 12, 59, 78, 13, 3, 44, 0]
Route #6: [0, 49, 74, 70, 84, 38, 64, 97, 24, 77, 73, 42, 0]
Route #7: [0, 36, 80, 45, 92, 62, 37, 50, 22, 53, 15, 61, 43, 0]
Route #8: [0, 1, 32, 6, 31, 68, 90, 21, 5, 95, 56, 65, 0]
Route #9: [0, 66, 93, 9, 48, 63, 8, 17, 89, 96, 40, 0]
Route #10: [0, 0]
