Best cost: 11078.453004976649
Route #1: [0, 80, 34, 49, 48, 85, 20, 43, 63, 84, 0]
Route #2: [0, 3, 92, 2, 11, 5, 33, 35, 81, 65, 28, 0]
Route #3: [0, 71, 17, 93, 24, 40, 26, 29, 68, 50, 30, 0]
Route #4: [0, 9, 64, 4, 37, 56, 74, 10, 51, 18, 12, 14, 58, 32, 0]
Route #5: [0, 76, 47, 25, 36, 78, 42, 23, 54, 90, 82, 0]
Route #6: [0, 86, 83, 22, 75, 89, 45, 46, 21, 70, 7, 0]
Route #7: [0, 73, 31, 88, 15, 94, 52, 67, 44, 79, 39, 72, 13, 59, 55, 69, 1, 0]
Route #8: [0, 53, 38, 61, 16, 66, 57, 27, 77, 8, 19, 87, 41, 0]
Route #9: [0, 60, 62, 91, 6, 0]
