Best cost: 14632.302669622388
Route #1: [0, 18, 56, 17, 47, 68, 85, 29, 65, 60, 61, 79, 0]
Route #2: [0, 83, 34, 28, 25, 78, 51, 63, 27, 36, 72, 2, 30, 0]
Route #3: [0, 57, 53, 41, 8, 52, 84, 12, 58, 31, 76, 6, 64, 0]
Route #4: [0, 20, 75, 4, 22, 59, 46, 32, 1, 23, 0]
Route #5: [0, 66, 39, 80, 49, 48, 50, 0]
Route #6: [0, 26, 11, 55, 16, 3, 10, 24, 74, 69, 45, 35, 0]
Route #7: [0, 5, 15, 62, 73, 71, 70, 82, 43, 38, 81, 19, 67, 0]
Route #8: [0, 13, 9, 54, 21, 37, 44, 77, 33, 42, 40, 7, 14, 0]
Route #9: [0, 0]
