Best cost: 13897.977869075728
Route #1: [0, 70, 68, 40, 14, 85, 43, 52, 60, 81, 25, 53, 74, 28, 75, 3, 55, 0]
Route #2: [0, 66, 10, 71, 31, 8, 54, 24, 18, 80, 12, 0]
Route #3: [0, 77, 29, 27, 5, 72, 47, 62, 84, 56, 6, 45, 0]
Route #4: [0, 19, 38, 51, 82, 78, 44, 42, 23, 39, 48, 0]
Route #5: [0, 69, 22, 9, 17, 58, 76, 15, 30, 79, 37, 0]
Route #6: [0, 16, 61, 41, 7, 35, 11, 46, 1, 64, 59, 65, 0]
Route #7: [0, 20, 33, 21, 2, 32, 50, 57, 0]
Route #8: [0, 86, 83, 49, 67, 13, 4, 73, 26, 36, 63, 34, 0]
Route #9: [0, 0]
