Best cost: 15058.088005843092
Route #1: [0, 33, 47, 61, 94, 50, 74, 37, 38, 51, 86, 4, 0]
Route #2: [0, 48, 58, 66, 60, 35, 64, 75, 32, 68, 53, 22, 0]
Route #3: [0, 39, 44, 72, 96, 49, 65, 9, 30, 84, 0]
Route #4: [0, 14, 56, 43, 20, 78, 80, 62, 2, 73, 15, 25, 36, 59, 85, 0]
Route #5: [0, 76, 41, 29, 79, 24, 70, 55, 8, 91, 40, 28, 97, 6, 54, 0]
Route #6: [0, 23, 7, 17, 95, 16, 21, 67, 18, 52, 71, 19, 0]
Route #7: [0, 93, 69, 11, 90, 46, 31, 42, 5, 26, 12, 10, 88, 57, 3, 45, 13, 0]
Route #8: [0, 63, 83, 34, 27, 92, 89, 82, 77, 81, 1, 0]
Route #9: [0, 87, 0]
