Best cost: 14393.587421694334
Route #1: [0, 23, 34, 68, 35, 37, 26, 39, 60, 30, 25, 65, 58, 0]
Route #2: [0, 54, 18, 74, 41, 81, 32, 24, 14, 8, 43, 0]
Route #3: [0, 61, 42, 79, 31, 9, 36, 55, 72, 66, 20, 0]
Route #4: [0, 80, 22, 62, 69, 3, 71, 84, 45, 44, 52, 0]
Route #5: [0, 21, 40, 82, 57, 1, 53, 5, 33, 17, 38, 70, 0]
Route #6: [0, 11, 46, 12, 73, 49, 50, 56, 16, 2, 0]
Route #7: [0, 48, 51, 63, 4, 13, 47, 77, 29, 6, 76, 75, 78, 64, 83, 10, 0]
Route #8: [0, 67, 59, 27, 15, 7, 19, 28, 0]
Route #9: [0, 0]
