Best cost: 13566.661715737788
Route #1: [0, 2, 80, 91, 86, 68, 52, 45, 18, 49, 50, 10, 57, 0]
Route #2: [0, 15, 62, 83, 54, 89, 11, 69, 20, 25, 74, 42, 28, 0]
Route #3: [0, 63, 82, 96, 47, 35, 30, 33, 84, 78, 53, 24, 12, 0]
Route #4: [0, 13, 93, 3, 71, 46, 75, 21, 81, 36, 79, 60, 85, 0]
Route #5: [0, 76, 19, 58, 7, 16, 59, 1, 44, 39, 51, 70, 4, 0]
Route #6: [0, 6, 29, 56, 40, 5, 73, 66, 92, 67, 65, 90, 72, 0]
Route #7: [0, 87, 61, 34, 94, 37, 88, 9, 22, 14, 41, 38, 43, 0]
Route #8: [0, 31, 26, 95, 23, 27, 32, 55, 64, 8, 48, 17, 77, 0]
Route #9: [0, 0]
Route #10: [0, 0]
