Best cost: 13885.226584576512
Route #1: [0, 62, 22, 79, 66, 10, 68, 84, 54, 4, 85, 15, 33, 0]
Route #2: [0, 55, 59, 76, 86, 28, 77, 3, 2, 72, 38, 0]
Route #3: [0, 24, 53, 73, 63, 56, 12, 18, 19, 31, 87, 48, 0]
Route #4: [0, 29, 81, 61, 17, 34, 51, 60, 44, 64, 14, 0]
Route #5: [0, 65, 82, 74, 11, 39, 52, 26, 23, 70, 7, 42, 41, 45, 0]
Route #6: [0, 6, 36, 43, 67, 30, 35, 20, 32, 5, 57, 80, 71, 50, 0]
Route #7: [0, 40, 21, 37, 83, 16, 49, 58, 0]
Route #8: [0, 69, 78, 46, 75, 47, 13, 27, 8, 25, 9, 1, 0]
Route #9: [0, 0]
