Best cost: 14890.783193346984
Route #1: [0, 7, 82, 54, 58, 2, 45, 74, 37, 15, 0]
Route #2: [0, 1, 63, 11, 21, 3, 50, 55, 22, 80, 0]
Route #3: [0, 81, 25, 9, 20, 30, 56, 76, 6, 0]
Route #4: [0, 19, 77, 13, 41, 36, 60, 75, 43, 12, 79, 0]
Route #5: [0, 14, 28, 18, 62, 47, 34, 4, 73, 44, 33, 0]
Route #6: [0, 72, 68, 8, 40, 57, 66, 5, 51, 0]
Route #7: [0, 61, 70, 53, 64, 69, 31, 78, 16, 38, 0]
Route #8: [0, 17, 42, 49, 27, 10, 39, 32, 23, 26, 67, 0]
Route #9: [0, 35, 59, 71, 29, 24, 48, 46, 52, 0]
Route #10: [0, 65, 0]
