Best cost: 14374.169646722117
Route #1: [0, 68, 36, 11, 24, 35, 78, 17, 61, 0]
Route #2: [0, 81, 8, 32, 29, 64, 67, 51, 70, 82, 72, 60, 38, 0]
Route #3: [0, 62, 3, 84, 39, 54, 2, 25, 4, 0]
Route #4: [0, 21, 77, 56, 48, 83, 27, 53, 50, 0]
Route #5: [0, 22, 79, 26, 49, 63, 43, 5, 41, 16, 13, 0]
Route #6: [0, 65, 15, 40, 47, 31, 76, 75, 59, 69, 18, 37, 0]
Route #7: [0, 44, 74, 9, 7, 0]
Route #8: [0, 33, 85, 71, 34, 46, 14, 12, 58, 1, 20, 57, 23, 19, 0]
Route #9: [0, 0]
Route #10: [0, 45, 28, 10, 73, 80, 6, 30, 52, 66, 55, 42, 0]
