Best cost: 15176.532566111742
Route #1: [0, 57, 56, 63, 81, 17, 3, 60, 34, 8, 0]
Route #2: [0, 25, 62, 90, 55, 86, 67, 29, 85, 1, 24, 71, 14, 0]
Route #3: [0, 9, 45, 42, 54, 95, 64, 27, 22, 65, 33, 0]
Route #4: [0, 26, 19, 10, 28, 51, 15, 79, 80, 44, 5, 40, 78, 0]
Route #5: [0, 96, 21, 50, 41, 61, 35, 92, 87, 6, 66, 49, 46, 0]
Route #6: [0, 30, 91, 4, 75, 68, 12, 76, 82, 36, 7, 48, 47, 88, 0]
Route #7: [0, 37, 89, 32, 53, 58, 94, 59, 31, 13, 77, 16, 93, 38, 20, 52, 74, 0]
Route #8: [0, 84, 73, 23, 70, 39, 83, 18, 72, 11, 2, 43, 69, 0]
Route #9: [0, 0]
