Best cost: 12859.232002319446
Route #1: [0, 16, 76, 84, 29, 45, 54, 87, 0]
Route #2: [0, 32, 41, 13, 11, 73, 22, 72, 40, 33, 86, 0]
Route #3: [0, 64, 3, 51, 62, 34, 74, 60, 14, 0]
Route #4: [0, 27, 77, 61, 79, 28, 50, 38, 26, 31, 63, 19, 0]
Route #5: [0, 69, 18, 46, 36, 82, 39, 37, 49, 68, 1, 0]
Route #6: [0, 2, 70, 15, 67, 24, 7, 83, 35, 48, 25, 0]
Route #7: [0, 66, 12, 57, 71, 23, 52, 75, 65, 21, 0]
Route #8: [0, 42, 20, 85, 9, 58, 47, 4, 81, 30, 55, 6, 43, 0]
Route #9: [0, 17, 5, 56, 44, 59, 80, 8, 53, 10, 78, 0]
Route #10: [0, 0]
