Best cost: 13640.815703666887
Route #1: [0, 92, 51, 75, 13, 80, 18, 65, 76, 59, 46, 0]
Route #2: [0, 83, 67, 2, 58, 33, 31, 3, 36, 37, 61, 34, 41, 24, 0]
Route #3: [0, 28, 85, 47, 12, 94, 10, 71, 62, 0]
Route #4: [0, 15, 96, 60, 54, 35, 72, 56, 30, 91, 49, 26, 63, 39, 44, 6, 0]
Route #5: [0, 69, 4, 81, 42, 90, 57, 19, 86, 27, 77, 0]
Route #6: [0, 11, 40, 78, 21, 87, 74, 17, 52, 16, 20, 73, 22, 64, 8, 53, 0]
Route #7: [0, 29, 9, 89, 68, 45, 1, 70, 7, 14, 48, 23, 66, 50, 0]
Route #8: [0, 88, 79, 82, 43, 97, 55, 84, 25, 93, 95, 5, 32, 38, 0]
Route #9: [0, 0]
