Best cost: 16212.877818064524
Route #1: [0, 29, 66, 16, 57, 24, 54, 1, 3, 85, 28, 0]
Route #2: [0, 72, 86, 84, 30, 40, 4, 52, 35, 38, 17, 10, 26, 0]
Route #3: [0, 62, 5, 18, 74, 37, 14, 76, 12, 36, 81, 0]
Route #4: [0, 45, 15, 22, 19, 73, 21, 23, 65, 0]
Route #5: [0, 13, 31, 25, 71, 60, 42, 33, 69, 11, 6, 0]
Route #6: [0, 34, 2, 39, 79, 82, 49, 46, 8, 75, 41, 44, 0]
Route #7: [0, 70, 20, 32, 7, 61, 47, 59, 58, 78, 56, 27, 0]
Route #8: [0, 83, 43, 68, 50, 80, 55, 51, 53, 48, 67, 63, 0]
Route #9: [0, 77, 64, 9, 0]
Route #10: [0, 0]
