Best cost: 11960.92922947383
Route #1: [0, 40, 69, 5, 21, 30, 98, 38, 2, 93, 24, 0]
Route #2: [0, 64, 48, 16, 78, 72, 46, 79, 56, 4, 88, 0]
Route #3: [0, 28, 3, 11, 67, 42, 95, 34, 96, 20, 0]
Route #4: [0, 7, 1, 77, 52, 80, 10, 22, 50, 86, 82, 87, 85, 33, 0]
Route #5: [0, 92, 68, 66, 12, 8, 15, 36, 63, 27, 54, 74, 65, 91, 0]
Route #6: [0, 43, 81, 37, 76, 35, 29, 41, 84, 70, 19, 39, 49, 60, 0]
Route #7: [0, 23, 13, 55, 47, 89, 58, 94, 17, 53, 44, 0]
Route #8: [0, 31, 51, 97, 9, 45, 71, 61, 26, 6, 0]
Route #9: [0, 83, 73, 75, 18, 62, 32, 90, 25, 14, 57, 59, 0]
Route #10: [0, 0]
