Best cost: 15796.65047795243
Route #1: [0, 68, 23, 37, 77, 74, 63, 75, 42, 41, 0]
Route #2: [0, 69, 16, 27, 88, 70, 58, 85, 40, 71, 1, 14, 15, 66, 44, 0]
Route #3: [0, 12, 36, 56, 24, 61, 83, 5, 72, 28, 78, 0]
Route #4: [0, 54, 38, 2, 73, 3, 43, 48, 60, 11, 62, 0]
Route #5: [0, 17, 49, 46, 50, 86, 67, 39, 21, 30, 76, 64, 0]
Route #6: [0, 13, 18, 8, 33, 19, 84, 9, 52, 82, 53, 31, 79, 26, 34, 0]
Route #7: [0, 47, 4, 59, 35, 87, 7, 55, 32, 10, 29, 57, 81, 22, 20, 0]
Route #8: [0, 89, 45, 51, 25, 6, 65, 80, 0]
Route #9: [0, 0]
