Best cost: 15064.508903192265
Route #1: [0, 1, 33, 82, 50, 73, 64, 7, 12, 62, 11, 0]
Route #2: [0, 72, 75, 40, 83, 13, 59, 55, 23, 0]
Route #3: [0, 27, 15, 86, 53, 63, 54, 21, 26, 32, 0]
Route #4: [0, 18, 25, 14, 42, 79, 48, 22, 47, 0]
Route #5: [0, 5, 28, 60, 3, 49, 52, 41, 6, 34, 16, 0]
Route #6: [0, 10, 43, 2, 80, 44, 77, 71, 17, 8, 37, 35, 51, 0]
Route #7: [0, 87, 29, 20, 46, 39, 68, 31, 61, 65, 74, 81, 66, 30, 4, 36, 78, 0]
Route #8: [0, 58, 38, 45, 67, 0]
Route #9: [0, 85, 9, 57, 69, 76, 24, 19, 56, 70, 84, 0]
