Best cost: 13690.041984998608
Route #1: [0, 90, 21, 23, 59, 8, 94, 16, 29, 46, 0]
Route #2: [0, 7, 4, 56, 79, 87, 93, 91, 97, 76, 31, 0]
Route #3: [0, 96, 57, 74, 32, 64, 43, 5, 67, 51, 10, 99, 0]
Route #4: [0, 45, 40, 95, 36, 50, 77, 12, 80, 19, 6, 44, 0]
Route #5: [0, 48, 13, 35, 89, 20, 28, 66, 1, 17, 82, 98, 27, 41, 0]
Route #6: [0, 24, 75, 68, 49, 62, 30, 25, 47, 53, 69, 81, 2, 85, 60, 84, 0]
Route #7: [0, 78, 26, 70, 3, 15, 72, 18, 83, 73, 0]
Route #8: [0, 37, 54, 88, 52, 92, 86, 11, 33, 63, 65, 55, 0]
Route #9: [0, 22, 38, 34, 61, 42, 14, 9, 39, 71, 58, 0]
Route #10: [0, 0]
