Best cost: 12670.503583869317
Route #1: [0, 57, 16, 45, 50, 61, 73, 74, 0]
Route #2: [0, 20, 35, 52, 84, 46, 48, 17, 55, 44, 0]
Route #3: [0, 7, 60, 75, 6, 47, 59, 21, 78, 11, 77, 53, 12, 29, 9, 10, 80, 0]
Route #4: [0, 5, 40, 90, 14, 51, 65, 25, 18, 38, 89, 62, 0]
Route #5: [0, 31, 37, 26, 58, 70, 86, 24, 82, 2, 91, 1, 27, 69, 30, 22, 0]
Route #6: [0, 4, 92, 8, 15, 56, 28, 72, 83, 32, 64, 49, 34, 0]
Route #7: [0, 76, 54, 68, 88, 43, 41, 79, 67, 81, 42, 87, 66, 33, 0]
Route #8: [0, 63, 85, 13, 39, 19, 23, 71, 36, 3, 0]
Route #9: [0, 0]
