Best cost: 15059.474703171218
Route #1: [0, 17, 82, 67, 71, 27, 73, 31, 51, 34, 57, 88, 0]
Route #2: [0, 56, 18, 61, 84, 5, 16, 76, 45, 0]
Route #3: [0, 21, 40, 11, 65, 22, 35, 24, 19, 0]
Route #4: [0, 32, 54, 43, 33, 74, 10, 49, 77, 53, 89, 83, 78, 0]
Route #5: [0, 48, 15, 36, 58, 0]
Route #6: [0, 86, 81, 42, 6, 80, 4, 47, 79, 87, 55, 60, 8, 0]
Route #7: [0, 46, 52, 12, 7, 3, 85, 70, 69, 63, 29, 2, 62, 64, 37, 0]
Route #8: [0, 72, 38, 59, 39, 41, 13, 20, 26, 66, 30, 0]
Route #9: [0, 28, 9, 23, 44, 75, 1, 50, 68, 14, 25, 0]
Route #10: [0, 0]
