Best cost: 14605.786817110826
Route #1: [0, 77, 24, 31, 94, 84, 18, 1, 66, 23, 21, 11, 0]
Route #2: [0, 78, 9, 2, 42, 70, 83, 98, 92, 67, 5, 85, 89, 62, 88, 0]
Route #3: [0, 68, 29, 53, 27, 47, 82, 13, 15, 73, 25, 55, 33, 58, 43, 0]
Route #4: [0, 51, 45, 37, 10, 34, 81, 74, 16, 48, 22, 61, 49, 0]
Route #5: [0, 3, 35, 8, 4, 28, 44, 52, 87, 6, 90, 40, 0]
Route #6: [0, 60, 65, 75, 93, 32, 14, 36, 95, 38, 80, 50, 0]
Route #7: [0, 30, 26, 39, 97, 69, 64, 76, 56, 54, 7, 19, 12, 0]
Route #8: [0, 91, 17, 20, 72, 59, 57, 96, 41, 86, 46, 63, 79, 71, 0]
Route #9: [0, 0]
