Best cost: 13342.689348526164
Route #1: [0, 4, 23, 48, 68, 31, 74, 0]
Route #2: [0, 30, 28, 32, 73, 66, 80, 54, 0]
Route #3: [0, 5, 58, 77, 35, 8, 6, 56, 10, 57, 0]
Route #4: [0, 63, 53, 40, 39, 14, 7, 24, 0]
Route #5: [0, 36, 43, 71, 33, 9, 41, 69, 52, 22, 25, 60, 0]
Route #6: [0, 46, 55, 1, 50, 12, 75, 70, 65, 13, 0]
Route #7: [0, 16, 47, 51, 64, 38, 44, 79, 11, 29, 76, 34, 27, 0]
Route #8: [0, 42, 19, 61, 20, 3, 49, 78, 21, 17, 37, 15, 0]
Route #9: [0, 45, 2, 81, 67, 59, 62, 18, 26, 72, 0]
Route #10: [0, 0]
