Best cost: 16458.517205899345
Route #1: [0, 15, 3, 38, 51, 34, 11, 19, 0]
Route #2: [0, 31, 57, 75, 60, 54, 78, 22, 0]
Route #3: [0, 5, 7, 6, 77, 71, 48, 74, 50, 46, 1, 28, 14, 0]
Route #4: [0, 21, 44, 43, 58, 42, 18, 8, 0]
Route #5: [0, 55, 20, 62, 73, 53, 69, 56, 16, 30, 59, 79, 0]
Route #6: [0, 47, 40, 35, 23, 10, 12, 13, 32, 0]
Route #7: [0, 81, 63, 66, 45, 29, 39, 52, 68, 41, 0]
Route #8: [0, 49, 72, 33, 0]
Route #9: [0, 76, 26, 65, 9, 70, 37, 24, 4, 64, 67, 0]
Route #10: [0, 2, 36, 80, 25, 17, 27, 61, 83, 82, 0]
