Best cost: 14844.283219046445
Route #1: [0, 3, 8, 60, 46, 81, 88, 86, 0]
Route #2: [0, 27, 63, 58, 32, 49, 42, 21, 61, 78, 7, 10, 0]
Route #3: [0, 14, 25, 23, 65, 43, 55, 30, 64, 84, 18, 0]
Route #4: [0, 66, 77, 67, 13, 26, 90, 92, 5, 17, 83, 51, 72, 0]
Route #5: [0, 12, 40, 9, 76, 1, 39, 38, 80, 71, 0]
Route #6: [0, 31, 50, 33, 74, 62, 15, 36, 41, 93, 75, 52, 0]
Route #7: [0, 16, 11, 68, 34, 82, 44, 48, 53, 24, 79, 0]
Route #8: [0, 91, 35, 20, 70, 29, 54, 6, 2, 22, 4, 37, 87, 85, 28, 0]
Route #9: [0, 69, 57, 89, 47, 45, 56, 19, 59, 73, 0]
Route #10: [0, 0]
