Best cost: 14462.160723702269
Route #1: [0, 97, 89, 8, 17, 61, 90, 22, 82, 94, 51, 46, 98, 73, 0]
Route #2: [0, 20, 81, 23, 95, 66, 43, 36, 78, 7, 75, 0]
Route #3: [0, 88, 45, 3, 96, 79, 71, 19, 38, 41, 72, 59, 0]
Route #4: [0, 37, 28, 10, 62, 52, 21, 40, 56, 83, 48, 0]
Route #5: [0, 14, 5, 50, 25, 74, 68, 18, 31, 92, 58, 34, 29, 11, 0]
Route #6: [0, 53, 64, 67, 77, 12, 60, 15, 2, 69, 85, 13, 44, 57, 93, 86, 0]
Route #7: [0, 32, 65, 63, 54, 80, 24, 49, 6, 33, 47, 9, 55, 30, 0]
Route #8: [0, 70, 27, 4, 1, 91, 76, 42, 16, 87, 84, 39, 35, 26, 0]
Route #9: [0, 0]
