Best cost: 13028.685671299034
Route #1: [0, 44, 52, 48, 56, 45, 88, 83, 78, 46, 0]
Route #2: [0, 28, 64, 76, 25, 39, 73, 37, 86, 89, 59, 79, 0]
Route #3: [0, 75, 53, 84, 31, 21, 47, 23, 68, 27, 0]
Route #4: [0, 24, 50, 87, 51, 5, 2, 70, 81, 35, 7, 17, 0]
Route #5: [0, 22, 14, 15, 62, 65, 82, 19, 29, 1, 80, 74, 0]
Route #6: [0, 58, 12, 90, 41, 77, 10, 49, 20, 54, 55, 30, 33, 0]
Route #7: [0, 85, 61, 11, 32, 71, 43, 38, 13, 63, 42, 69, 16, 18, 0]
Route #8: [0, 3, 40, 6, 60, 9, 4, 67, 66, 57, 72, 26, 8, 36, 34, 0]
Route #9: [0, 0]
