Best cost: 11231.053375270587
Route #1: [0, 49, 75, 20, 74, 21, 0]
Route #2: [0, 30, 3, 1, 52, 65, 40, 73, 28, 24, 48, 0]
Route #3: [0, 68, 10, 2, 25, 36, 51, 60, 34, 80, 4, 39, 77, 41, 0]
Route #4: [0, 72, 86, 87, 17, 81, 53, 61, 62, 43, 82, 0]
Route #5: [0, 58, 78, 6, 71, 29, 47, 16, 35, 38, 14, 9, 84, 0]
Route #6: [0, 11, 70, 23, 5, 8, 79, 59, 13, 64, 46, 18, 26, 0]
Route #7: [0, 83, 7, 55, 27, 37, 54, 76, 44, 22, 45, 85, 50, 0]
Route #8: [0, 32, 15, 19, 63, 57, 69, 31, 33, 42, 67, 56, 66, 12, 0]
Route #9: [0, 0]
