Best cost: 16060.411123563095
Route #1: [0, 22, 58, 34, 45, 48, 90, 88, 57, 87, 66, 70, 71, 0]
Route #2: [0, 60, 63, 13, 73, 92, 27, 1, 59, 78, 4, 50, 67, 0]
Route #3: [0, 68, 85, 86, 35, 46, 61, 83, 84, 24, 51, 41, 0]
Route #4: [0, 40, 8, 43, 65, 75, 97, 29, 76, 26, 95, 31, 28, 0]
Route #5: [0, 72, 81, 11, 38, 7, 64, 54, 25, 82, 52, 16, 36, 0]
Route #6: [0, 44, 33, 3, 6, 19, 55, 62, 96, 39, 0]
Route #7: [0, 49, 53, 23, 32, 56, 15, 17, 2, 94, 30, 93, 91, 18, 0]
Route #8: [0, 80, 20, 21, 74, 10, 69, 77, 47, 9, 37, 12, 0]
Route #9: [0, 89, 79, 14, 42, 5, 0]
Route #10: [0, 0]
