Best cost: 12540.907256163831
Route #1: [0, 80, 84, 18, 54, 51, 58, 33, 13, 67, 47, 0]
Route #2: [0, 2, 27, 16, 60, 62, 44, 40, 77, 0]
Route #3: [0, 37, 10, 31, 30, 12, 63, 3, 22, 68, 0]
Route #4: [0, 39, 82, 65, 32, 81, 42, 11, 26, 29, 50, 28, 0]
Route #5: [0, 74, 79, 4, 38, 73, 14, 7, 21, 71, 0]
Route #6: [0, 41, 24, 85, 75, 53, 48, 52, 35, 20, 8, 0]
Route #7: [0, 6, 76, 78, 56, 0]
Route #8: [0, 9, 17, 23, 83, 70, 15, 49, 59, 57, 1, 0]
Route #9: [0, 55, 64, 43, 72, 69, 25, 34, 45, 61, 36, 46, 66, 19, 5, 0]
Route #10: [0, 0]
