Best cost: 15290.623273051802
Route #1: [0, 61, 11, 42, 9, 32, 18, 65, 10, 51, 82, 0]
Route #2: [0, 27, 34, 4, 36, 13, 48, 92, 7, 94, 5, 76, 50, 0]
Route #3: [0, 17, 8, 2, 29, 40, 79, 55, 72, 49, 14, 91, 62, 0]
Route #4: [0, 35, 59, 71, 68, 6, 74, 81, 41, 19, 47, 67, 24, 0]
Route #5: [0, 15, 22, 95, 52, 28, 16, 83, 70, 93, 90, 58, 20, 38, 0]
Route #6: [0, 21, 43, 1, 54, 89, 44, 97, 53, 46, 96, 31, 87, 0]
Route #7: [0, 56, 45, 60, 26, 25, 69, 84, 80, 57, 30, 33, 66, 0]
Route #8: [0, 86, 64, 3, 73, 75, 77, 63, 78, 23, 85, 88, 12, 0]
Route #9: [0, 37, 39, 0]
