Best cost: 14968.558887601339
Route #1: [0, 89, 73, 84, 39, 34, 14, 79, 83, 64, 52, 13, 0]
Route #2: [0, 70, 28, 41, 6, 40, 12, 3, 78, 38, 95, 24, 0]
Route #3: [0, 18, 97, 85, 67, 74, 27, 69, 36, 56, 59, 20, 81, 77, 0]
Route #4: [0, 49, 72, 2, 82, 44, 11, 76, 35, 7, 86, 48, 93, 53, 4, 96, 0]
Route #5: [0, 8, 23, 26, 75, 71, 29, 33, 10, 50, 63, 88, 30, 0]
Route #6: [0, 66, 42, 94, 37, 87, 16, 5, 17, 80, 57, 31, 55, 0]
Route #7: [0, 68, 15, 92, 62, 51, 90, 22, 25, 61, 46, 19, 91, 54, 0]
Route #8: [0, 21, 47, 32, 1, 58, 43, 60, 9, 0]
Route #9: [0, 65, 45, 0]
Route #10: [0, 0]
