Best cost: 16387.556329519117
Route #1: [0, 11, 52, 30, 88, 28, 2, 54, 73, 27, 0]
Route #2: [0, 74, 47, 42, 7, 40, 46, 22, 45, 18, 67, 34, 57, 0]
Route #3: [0, 86, 71, 59, 31, 5, 89, 70, 62, 41, 75, 85, 61, 0]
Route #4: [0, 23, 19, 33, 82, 43, 35, 68, 87, 3, 48, 65, 0]
Route #5: [0, 39, 24, 29, 32, 50, 72, 10, 4, 81, 64, 58, 83, 53, 0]
Route #6: [0, 21, 9, 8, 55, 76, 66, 6, 91, 44, 15, 79, 77, 63, 36, 0]
Route #7: [0, 92, 12, 17, 16, 1, 84, 60, 49, 14, 90, 51, 25, 0]
Route #8: [0, 69, 78, 37, 80, 38, 26, 20, 56, 13, 0]
Route #9: [0, 0]
