Best cost: 14996.51246232686
Route #1: [0, 79, 2, 61, 80, 57, 24, 31, 49, 25, 65, 30, 84, 48, 0]
Route #2: [0, 60, 85, 53, 87, 46, 4, 43, 3, 56, 35, 27, 0]
Route #3: [0, 22, 1, 71, 26, 47, 59, 54, 18, 36, 66, 0]
Route #4: [0, 45, 38, 77, 74, 33, 8, 39, 83, 58, 19, 52, 0]
Route #5: [0, 76, 41, 78, 37, 32, 20, 51, 7, 15, 16, 62, 6, 72, 0]
Route #6: [0, 5, 82, 14, 73, 34, 55, 64, 68, 42, 40, 69, 50, 0]
Route #7: [0, 86, 70, 23, 0]
Route #8: [0, 21, 28, 81, 44, 75, 10, 9, 29, 13, 67, 12, 11, 63, 17, 0]
Route #9: [0, 0]
