Best cost: 13633.500636239207
Route #1: [0, 23, 69, 87, 38, 9, 55, 32, 93, 76, 28, 94, 0]
Route #2: [0, 58, 26, 95, 44, 83, 46, 85, 66, 57, 70, 56, 0]
Route #3: [0, 35, 49, 39, 22, 86, 64, 91, 20, 0]
Route #4: [0, 90, 14, 41, 54, 73, 4, 65, 52, 43, 16, 61, 82, 75, 0]
Route #5: [0, 62, 18, 88, 34, 0]
Route #6: [0, 96, 77, 7, 67, 42, 31, 79, 89, 1, 30, 5, 3, 0]
Route #7: [0, 48, 80, 11, 17, 63, 74, 72, 40, 29, 37, 0]
Route #8: [0, 60, 50, 21, 2, 24, 10, 84, 6, 12, 27, 19, 51, 59, 0]
Route #9: [0, 13, 33, 53, 92, 25, 15, 68, 47, 78, 81, 36, 71, 45, 8, 0]
