Best cost: 12215.705095943473
Route #1: [0, 70, 46, 84, 59, 64, 14, 82, 71, 21, 57, 50, 56, 7, 53, 92, 68, 0]
Route #2: [0, 34, 22, 26, 61, 63, 36, 33, 65, 66, 18, 0]
Route #3: [0, 4, 3, 47, 89, 17, 90, 16, 80, 38, 24, 29, 0]
Route #4: [0, 19, 30, 41, 94, 5, 79, 78, 81, 60, 77, 20, 69, 0]
Route #5: [0, 91, 86, 85, 93, 39, 83, 1, 15, 48, 67, 0]
Route #6: [0, 87, 40, 2, 11, 31, 72, 62, 9, 27, 58, 95, 12, 0]
Route #7: [0, 45, 76, 42, 25, 49, 75, 51, 23, 74, 54, 6, 37, 35, 73, 0]
Route #8: [0, 28, 13, 52, 55, 88, 10, 8, 32, 44, 43, 0]
Route #9: [0, 0]
