Best cost: 14161.40063899166
Route #1: [0, 38, 16, 79, 57, 5, 27, 34, 86, 40, 43, 19, 1, 13, 0]
Route #2: [0, 25, 70, 20, 23, 42, 12, 41, 28, 22, 72, 63, 90, 0]
Route #3: [0, 68, 59, 52, 88, 85, 81, 53, 89, 2, 60, 71, 0]
Route #4: [0, 4, 65, 39, 11, 30, 48, 6, 35, 24, 87, 0]
Route #5: [0, 77, 69, 46, 3, 15, 18, 26, 76, 73, 80, 45, 50, 0]
Route #6: [0, 64, 62, 36, 58, 56, 29, 10, 75, 49, 37, 67, 55, 0]
Route #7: [0, 82, 7, 61, 51, 83, 44, 31, 8, 17, 9, 32, 66, 0]
Route #8: [0, 74, 84, 21, 78, 54, 33, 47, 14, 0]
Route #9: [0, 0]
