Best cost: 11385.928486289196
Route #1: [0, 52, 19, 13, 1, 32, 70, 31, 51, 2, 80, 65, 5, 44, 0]
Route #2: [0, 53, 30, 18, 45, 66, 43, 68, 38, 64, 17, 78, 72, 0]
Route #3: [0, 60, 6, 63, 20, 21, 28, 79, 76, 14, 73, 0]
Route #4: [0, 75, 85, 49, 82, 58, 42, 59, 74, 62, 0]
Route #5: [0, 36, 86, 48, 34, 57, 3, 35, 39, 0]
Route #6: [0, 8, 40, 22, 7, 77, 11, 23, 67, 61, 25, 33, 16, 37, 0]
Route #7: [0, 46, 71, 69, 81, 87, 26, 4, 9, 83, 29, 0]
Route #8: [0, 15, 84, 12, 27, 56, 24, 41, 54, 47, 10, 55, 50, 0]
Route #9: [0, 0]
