Best cost: 12583.700444830489
Route #1: [0, 51, 49, 13, 19, 1, 82, 3, 44, 89, 48, 55, 12, 0]
Route #2: [0, 60, 88, 50, 70, 80, 84, 35, 32, 65, 68, 86, 77, 42, 0]
Route #3: [0, 24, 72, 78, 8, 46, 71, 40, 14, 15, 41, 74, 0]
Route #4: [0, 62, 23, 76, 37, 52, 45, 2, 61, 4, 0]
Route #5: [0, 69, 9, 18, 58, 90, 79, 27, 43, 38, 0]
Route #6: [0, 85, 75, 66, 28, 16, 39, 7, 63, 47, 5, 29, 56, 10, 0]
Route #7: [0, 64, 33, 34, 31, 53, 30, 67, 83, 20, 87, 26, 21, 36, 0]
Route #8: [0, 17, 54, 57, 73, 22, 59, 81, 6, 11, 25, 0]
Route #9: [0, 0]
