Best cost: 12469.901294096606
Route #1: [0, 46, 66, 13, 39, 31, 73, 21, 20, 57, 1, 16, 0]
Route #2: [0, 8, 59, 76, 40, 47, 6, 7, 50, 30, 24, 89, 0]
Route #3: [0, 28, 4, 43, 75, 69, 54, 52, 62, 65, 41, 53, 56, 0]
Route #4: [0, 85, 64, 81, 77, 58, 12, 74, 79, 82, 34, 19, 63, 0]
Route #5: [0, 23, 35, 32, 68, 38, 22, 17, 26, 55, 0]
Route #6: [0, 84, 49, 5, 2, 86, 48, 15, 44, 29, 72, 27, 67, 0]
Route #7: [0, 42, 3, 14, 91, 71, 60, 61, 78, 9, 0]
Route #8: [0, 36, 45, 25, 90, 11, 70, 51, 33, 18, 0]
Route #9: [0, 83, 80, 10, 88, 87, 37, 0]
Route #10: [0, 0]
