Best cost: 16639.01312310636
Route #1: [0, 41, 70, 68, 7, 78, 77, 88, 17, 27, 20, 38, 0]
Route #2: [0, 32, 4, 80, 22, 49, 62, 58, 2, 55, 0]
Route #3: [0, 37, 18, 10, 30, 14, 65, 53, 36, 39, 72, 46, 0]
Route #4: [0, 84, 43, 56, 13, 15, 82, 25, 28, 42, 6, 73, 0]
Route #5: [0, 52, 11, 81, 24, 54, 35, 71, 31, 0]
Route #6: [0, 34, 86, 59, 9, 60, 3, 74, 12, 66, 51, 29, 48, 79, 23, 57, 0]
Route #7: [0, 19, 26, 16, 87, 50, 64, 76, 8, 85, 63, 5, 21, 40, 0]
Route #8: [0, 83, 1, 67, 45, 44, 33, 47, 75, 69, 61, 0]
Route #9: [0, 0]
