Best cost: 11492.514227425781
Route #1: [0, 6, 22, 42, 1, 32, 46, 60, 45, 0]
Route #2: [0, 29, 5, 58, 59, 25, 2, 27, 0]
Route #3: [0, 43, 48, 52, 39, 28, 68, 17, 37, 23, 0]
Route #4: [0, 16, 74, 49, 40, 44, 0]
Route #5: [0, 21, 76, 72, 69, 66, 18, 70, 62, 4, 0]
Route #6: [0, 20, 15, 30, 67, 26, 65, 55, 57, 38, 77, 0]
Route #7: [0, 64, 75, 51, 63, 50, 13, 10, 53, 3, 0]
Route #8: [0, 36, 33, 35, 7, 24, 54, 12, 9, 61, 47, 56, 0]
Route #9: [0, 73, 34, 71, 31, 41, 11, 8, 19, 14, 0]
Route #10: [0, 0]
