Best cost: 14374.336353287808
Route #1: [0, 31, 80, 51, 21, 39, 85, 58, 53, 60, 8, 1, 65, 45, 0]
Route #2: [0, 59, 26, 29, 36, 91, 90, 11, 28, 49, 20, 35, 33, 17, 0]
Route #3: [0, 12, 19, 61, 24, 40, 4, 86, 38, 89, 50, 76, 30, 77, 48, 0]
Route #4: [0, 25, 75, 82, 23, 18, 13, 67, 92, 88, 5, 47, 0]
Route #5: [0, 81, 32, 34, 93, 69, 44, 14, 10, 55, 54, 64, 74, 0]
Route #6: [0, 56, 16, 83, 66, 79, 68, 70, 87, 22, 73, 84, 57, 52, 62, 0]
Route #7: [0, 15, 43, 72, 27, 41, 37, 46, 2, 63, 94, 3, 42, 0]
Route #8: [0, 9, 71, 6, 78, 7, 0]
Route #9: [0, 0]
