Best cost: 15520.636943772204
Route #1: [0, 48, 87, 26, 43, 7, 32, 84, 68, 80, 15, 90, 0]
Route #2: [0, 20, 44, 29, 75, 42, 64, 34, 54, 4, 0]
Route #3: [0, 21, 62, 13, 8, 39, 6, 50, 66, 1, 5, 73, 81, 77, 0]
Route #4: [0, 47, 70, 57, 25, 69, 72, 18, 60, 58, 85, 10, 45, 0]
Route #5: [0, 35, 96, 91, 40, 0]
Route #6: [0, 38, 17, 33, 16, 83, 94, 24, 2, 86, 31, 27, 0]
Route #7: [0, 22, 12, 14, 53, 49, 19, 9, 46, 89, 3, 37, 74, 88, 0]
Route #8: [0, 76, 61, 63, 78, 97, 82, 65, 52, 93, 55, 11, 0]
Route #9: [0, 28, 79, 30, 95, 36, 41, 92, 71, 51, 59, 56, 67, 23, 0]
Route #10: [0, 0]
