Best cost: 11155.410548580989
Route #1: [0, 48, 57, 65, 63, 22, 31, 16, 36, 32, 75, 50, 67, 83, 0]
Route #2: [0, 39, 34, 33, 73, 66, 1, 28, 27, 80, 58, 95, 41, 0]
Route #3: [0, 15, 3, 52, 93, 24, 0]
Route #4: [0, 74, 54, 11, 84, 53, 79, 76, 25, 35, 46, 23, 81, 0]
Route #5: [0, 92, 49, 86, 82, 69, 12, 44, 21, 64, 91, 60, 18, 0]
Route #6: [0, 55, 43, 59, 29, 78, 47, 17, 70, 62, 56, 45, 8, 6, 0]
Route #7: [0, 5, 38, 42, 96, 14, 88, 10, 30, 89, 61, 97, 9, 37, 19, 72, 40, 0]
Route #8: [0, 87, 90, 2, 85, 4, 26, 7, 94, 13, 71, 51, 20, 68, 77, 0]
Route #9: [0, 0]
