Best cost: 15311.94632769618
Route #1: [0, 11, 82, 22, 31, 5, 57, 12, 0]
Route #2: [0, 63, 48, 45, 50, 33, 58, 62, 4, 53, 0]
Route #3: [0, 40, 28, 70, 80, 37, 69, 16, 56, 13, 1, 73, 0]
Route #4: [0, 72, 79, 14, 20, 26, 3, 0]
Route #5: [0, 84, 46, 9, 64, 52, 55, 41, 24, 65, 0]
Route #6: [0, 2, 59, 83, 29, 8, 34, 42, 60, 39, 7, 66, 76, 0]
Route #7: [0, 43, 30, 25, 47, 23, 32, 10, 15, 0]
Route #8: [0, 38, 68, 6, 67, 77, 35, 51, 17, 36, 49, 0]
Route #9: [0, 19, 74, 71, 18, 61, 21, 44, 27, 54, 78, 81, 75, 0]
Route #10: [0, 0]
