Best cost: 11371.758526182253
Route #1: [0, 35, 26, 38, 54, 65, 63, 84, 57, 82, 28, 37, 55, 0]
Route #2: [0, 80, 78, 15, 41, 48, 83, 74, 36, 30, 27, 45, 61, 0]
Route #3: [0, 10, 16, 18, 73, 9, 66, 31, 59, 47, 86, 68, 11, 0]
Route #4: [0, 85, 75, 7, 6, 62, 58, 72, 56, 1, 19, 23, 24, 0]
Route #5: [0, 29, 79, 2, 13, 76, 71, 81, 77, 51, 70, 5, 21, 0]
Route #6: [0, 12, 60, 52, 20, 3, 69, 50, 4, 67, 46, 43, 22, 0]
Route #7: [0, 64, 42, 39, 25, 49, 32, 17, 33, 53, 40, 34, 14, 0]
Route #8: [0, 8, 44, 0]
Route #9: [0, 0]
