Best cost: 13132.227571246713
Route #1: [0, 47, 18, 17, 23, 30, 58, 5, 21, 24, 55, 60, 0]
Route #2: [0, 66, 82, 75, 3, 19, 2, 15, 8, 74, 59, 36, 29, 0]
Route #3: [0, 93, 10, 88, 61, 43, 77, 4, 34, 0]
Route #4: [0, 56, 85, 76, 92, 42, 81, 35, 33, 52, 62, 22, 6, 71, 37, 0]
Route #5: [0, 48, 68, 53, 73, 64, 40, 91, 41, 7, 38, 14, 27, 65, 86, 51, 0]
Route #6: [0, 90, 54, 16, 80, 11, 1, 20, 57, 87, 50, 45, 67, 28, 39, 0]
Route #7: [0, 32, 70, 69, 26, 9, 13, 83, 95, 84, 79, 72, 0]
Route #8: [0, 94, 63, 78, 25, 46, 44, 49, 89, 31, 12, 0]
Route #9: [0, 0]
