Best cost: 16671.172770134937
Route #1: [0, 70, 89, 44, 1, 80, 19, 58, 71, 40, 34, 0]
Route #2: [0, 88, 8, 5, 85, 42, 87, 28, 63, 12, 38, 76, 0]
Route #3: [0, 6, 73, 13, 3, 46, 29, 64, 10, 21, 0]
Route #4: [0, 9, 48, 65, 72, 20, 14, 37, 49, 47, 52, 41, 0]
Route #5: [0, 82, 43, 31, 67, 79, 51, 15, 60, 81, 27, 16, 11, 0]
Route #6: [0, 53, 54, 55, 69, 68, 36, 7, 33, 18, 0]
Route #7: [0, 22, 30, 78, 75, 83, 66, 62, 86, 77, 0]
Route #8: [0, 2, 57, 17, 39, 35, 59, 56, 0]
Route #9: [0, 4, 74, 26, 23, 24, 84, 25, 32, 61, 50, 45, 0]
Route #10: [0, 0]
