Best cost: 12789.662289039627
Route #1: [0, 21, 66, 67, 8, 52, 42, 83, 84, 41, 12, 14, 85, 18, 0]
Route #2: [0, 22, 74, 65, 51, 20, 57, 37, 86, 48, 81, 7, 10, 4, 0]
Route #3: [0, 91, 59, 64, 24, 47, 40, 3, 71, 89, 88, 82, 0]
Route #4: [0, 63, 70, 2, 78, 61, 11, 29, 19, 9, 23, 62, 77, 17, 0]
Route #5: [0, 50, 36, 58, 55, 32, 72, 34, 75, 5, 25, 0]
Route #6: [0, 56, 28, 30, 31, 39, 16, 68, 15, 6, 27, 46, 49, 0]
Route #7: [0, 87, 35, 44, 33, 43, 69, 80, 92, 45, 79, 76, 38, 1, 13, 0]
Route #8: [0, 60, 73, 53, 26, 54, 90, 0]
Route #9: [0, 0]
