Best cost: 17625.330063355475
Route #1: [0, 1, 45, 34, 76, 65, 10, 25, 4, 0]
Route #2: [0, 13, 24, 53, 42, 11, 30, 6, 35, 73, 69, 77, 0]
Route #3: [0, 39, 23, 74, 66, 9, 14, 12, 62, 8, 0]
Route #4: [0, 52, 17, 68, 21, 70, 41, 82, 37, 78, 3, 15, 0]
Route #5: [0, 19, 28, 48, 29, 51, 32, 79, 7, 2, 26, 0]
Route #6: [0, 63, 50, 58, 67, 31, 22, 44, 57, 16, 20, 75, 0]
Route #7: [0, 40, 71, 38, 80, 43, 5, 33, 81, 83, 55, 59, 0]
Route #8: [0, 64, 60, 18, 36, 46, 47, 56, 72, 54, 49, 27, 0]
Route #9: [0, 61, 0]
