Best cost: 16588.120547694823
Route #1: [0, 41, 26, 22, 48, 33, 16, 0]
Route #2: [0, 23, 34, 3, 32, 53, 66, 13, 67, 0]
Route #3: [0, 29, 58, 52, 55, 14, 20, 43, 11, 0]
Route #4: [0, 51, 47, 9, 8, 4, 65, 63, 64, 0]
Route #5: [0, 73, 2, 25, 59, 28, 15, 19, 1, 0]
Route #6: [0, 37, 35, 7, 39, 24, 31, 0]
Route #7: [0, 56, 30, 62, 12, 42, 61, 75, 27, 74, 76, 0]
Route #8: [0, 21, 6, 72, 5, 38, 46, 45, 70, 18, 57, 10, 0]
Route #9: [0, 60, 77, 44, 71, 40, 78, 17, 54, 69, 50, 36, 0]
Route #10: [0, 68, 49, 0]
