Best cost: 15637.51529456349
Route #1: [0, 16, 33, 61, 43, 63, 44, 26, 40, 17, 0]
Route #2: [0, 79, 71, 38, 32, 23, 10, 46, 68, 64, 24, 77, 0]
Route #3: [0, 2, 36, 35, 83, 73, 8, 69, 0]
Route #4: [0, 49, 20, 45, 28, 19, 78, 13, 0]
Route #5: [0, 34, 30, 22, 18, 59, 62, 31, 81, 12, 56, 74, 0]
Route #6: [0, 5, 53, 80, 82, 51, 50, 67, 3, 60, 70, 6, 0]
Route #7: [0, 75, 41, 4, 76, 66, 47, 14, 0]
Route #8: [0, 55, 27, 9, 1, 54, 57, 15, 72, 58, 0]
Route #9: [0, 65, 11, 52, 37, 48, 25, 42, 21, 29, 7, 39, 0]
Route #10: [0, 0]
