Best cost: 12165.081498378513
Route #1: [0, 84, 66, 55, 79, 90, 2, 34, 0]
Route #2: [0, 87, 33, 67, 76, 62, 39, 15, 27, 30, 48, 64, 12, 0]
Route #3: [0, 53, 96, 29, 78, 47, 57, 75, 0]
Route #4: [0, 94, 21, 18, 59, 83, 65, 37, 22, 20, 88, 44, 23, 0]
Route #5: [0, 36, 25, 72, 11, 92, 45, 35, 38, 6, 24, 80, 85, 0]
Route #6: [0, 3, 17, 14, 51, 26, 7, 82, 16, 93, 56, 8, 28, 0]
Route #7: [0, 58, 86, 13, 91, 98, 9, 77, 73, 42, 5, 60, 43, 0]
Route #8: [0, 41, 74, 95, 10, 46, 89, 50, 68, 71, 4, 49, 63, 0]
Route #9: [0, 69, 81, 40, 1, 70, 52, 31, 97, 19, 54, 61, 32, 0]
Route #10: [0, 0]
