Best cost: 12929.173383029665
Route #1: [0, 73, 78, 36, 56, 8, 14, 45, 27, 62, 20, 47, 0]
Route #2: [0, 11, 16, 81, 32, 57, 37, 63, 55, 80, 58, 46, 0]
Route #3: [0, 5, 15, 71, 10, 52, 24, 18, 30, 6, 51, 0]
Route #4: [0, 50, 86, 35, 60, 59, 26, 41, 49, 4, 83, 85, 0]
Route #5: [0, 39, 28, 87, 21, 31, 76, 66, 17, 65, 19, 77, 38, 0]
Route #6: [0, 64, 61, 68, 1, 23, 54, 29, 82, 25, 53, 44, 9, 88, 0]
Route #7: [0, 12, 75, 33, 79, 67, 40, 70, 34, 48, 74, 69, 84, 22, 0]
Route #8: [0, 3, 13, 42, 72, 2, 43, 7, 0]
Route #9: [0, 0]
