Best cost: 13444.339799292355
Route #1: [0, 78, 24, 43, 34, 47, 60, 6, 89, 61, 0]
Route #2: [0, 14, 25, 70, 73, 17, 50, 63, 87, 51, 65, 56, 0]
Route #3: [0, 86, 69, 8, 92, 27, 2, 36, 62, 57, 35, 9, 55, 72, 0]
Route #4: [0, 96, 7, 81, 20, 5, 59, 66, 98, 22, 94, 46, 95, 68, 74, 0]
Route #5: [0, 88, 33, 45, 10, 1, 44, 93, 76, 18, 0]
Route #6: [0, 41, 38, 85, 42, 71, 83, 54, 77, 15, 23, 39, 0]
Route #7: [0, 91, 37, 64, 90, 3, 52, 4, 19, 13, 0]
Route #8: [0, 82, 32, 29, 0]
Route #9: [0, 12, 11, 80, 28, 30, 49, 16, 53, 48, 21, 0]
Route #10: [0, 67, 75, 84, 97, 31, 79, 40, 26, 58, 0]
