Best cost: 16646.894254816
Route #1: [0, 12, 72, 33, 80, 67, 73, 75, 31, 0]
Route #2: [0, 45, 11, 14, 10, 64, 32, 41, 35, 89, 91, 6, 0]
Route #3: [0, 79, 49, 90, 15, 86, 74, 9, 46, 57, 77, 0]
Route #4: [0, 4, 48, 27, 5, 63, 20, 50, 22, 93, 71, 38, 7, 19, 16, 0]
Route #5: [0, 76, 8, 85, 87, 52, 88, 29, 60, 59, 58, 66, 34, 0]
Route #6: [0, 26, 53, 70, 24, 68, 42, 81, 82, 0]
Route #7: [0, 37, 47, 28, 40, 54, 1, 39, 36, 2, 3, 65, 0]
Route #8: [0, 83, 84, 18, 13, 62, 30, 55, 44, 0]
Route #9: [0, 21, 92, 0]
Route #10: [0, 17, 43, 23, 78, 56, 25, 69, 51, 61, 0]
