Best cost: 12339.246053584628
Route #1: [0, 64, 69, 26, 83, 12, 49, 53, 55, 0]
Route #2: [0, 48, 78, 67, 51, 80, 60, 39, 40, 37, 43, 61, 33, 14, 0]
Route #3: [0, 44, 30, 27, 76, 82, 63, 36, 41, 19, 46, 62, 0]
Route #4: [0, 86, 85, 13, 84, 54, 31, 35, 38, 6, 0]
Route #5: [0, 77, 21, 71, 11, 18, 15, 5, 42, 66, 2, 0]
Route #6: [0, 75, 16, 70, 45, 56, 87, 65, 32, 8, 47, 22, 7, 0]
Route #7: [0, 20, 79, 1, 68, 10, 24, 72, 52, 3, 88, 0]
Route #8: [0, 57, 4, 23, 59, 81, 17, 34, 50, 73, 58, 29, 0]
Route #9: [0, 74, 9, 25, 28, 0]
Route #10: [0, 0]
