Best cost: 15771.82611348094
Route #1: [0, 63, 69, 78, 59, 7, 19, 24, 46, 2, 55, 0]
Route #2: [0, 47, 1, 57, 20, 85, 83, 60, 0]
Route #3: [0, 39, 67, 51, 21, 75, 4, 48, 33, 62, 22, 50, 81, 38, 16, 0]
Route #4: [0, 34, 14, 79, 3, 53, 80, 52, 29, 30, 65, 44, 0]
Route #5: [0, 61, 54, 9, 77, 64, 70, 10, 32, 43, 56, 0]
Route #6: [0, 40, 58, 26, 76, 12, 11, 72, 71, 27, 49, 25, 18, 0]
Route #7: [0, 5, 74, 28, 35, 68, 82, 37, 41, 8, 31, 0]
Route #8: [0, 23, 17, 15, 45, 42, 66, 84, 73, 13, 6, 36, 0]
Route #9: [0, 0]
