Best cost: 13140.668965924742
Route #1: [0, 89, 9, 71, 84, 70, 8, 77, 30, 10, 44, 0]
Route #2: [0, 64, 16, 39, 93, 19, 36, 12, 90, 50, 49, 33, 15, 57, 56, 68, 0]
Route #3: [0, 1, 11, 83, 4, 94, 65, 35, 81, 87, 53, 0]
Route #4: [0, 86, 14, 34, 23, 91, 27, 17, 63, 29, 0]
Route #5: [0, 62, 47, 20, 67, 82, 38, 37, 52, 31, 7, 79, 0]
Route #6: [0, 59, 40, 55, 41, 22, 69, 25, 76, 5, 45, 3, 0]
Route #7: [0, 78, 32, 51, 54, 6, 24, 46, 21, 88, 75, 0]
Route #8: [0, 18, 42, 58, 60, 66, 73, 43, 80, 61, 72, 74, 92, 48, 0]
Route #9: [0, 2, 28, 13, 26, 85, 0]
