Best cost: 13529.912455912905
Route #1: [0, 59, 9, 30, 32, 0]
Route #2: [0, 69, 12, 11, 52, 41, 23, 37, 33, 5, 0]
Route #3: [0, 80, 51, 16, 63, 72, 35, 21, 46, 75, 48, 0]
Route #4: [0, 28, 66, 24, 70, 14, 76, 47, 84, 54, 73, 34, 0]
Route #5: [0, 49, 13, 55, 4, 17, 61, 44, 60, 83, 68, 0]
Route #6: [0, 71, 67, 40, 56, 62, 18, 19, 53, 27, 10, 0]
Route #7: [0, 36, 15, 39, 42, 22, 58, 45, 77, 25, 8, 79, 7, 26, 0]
Route #8: [0, 74, 81, 1, 57, 29, 82, 2, 20, 0]
Route #9: [0, 31, 43, 38, 65, 6, 78, 50, 64, 3, 0]
