Best cost: 11432.295686255095
Route #1: [0, 15, 69, 26, 9, 17, 85, 61, 10, 0]
Route #2: [0, 18, 83, 46, 1, 67, 33, 76, 58, 81, 77, 35, 2, 0]
Route #3: [0, 86, 16, 40, 54, 36, 70, 23, 87, 29, 63, 50, 55, 0]
Route #4: [0, 78, 27, 71, 21, 30, 62, 28, 56, 49, 37, 52, 72, 51, 0]
Route #5: [0, 79, 3, 57, 24, 20, 39, 25, 19, 0]
Route #6: [0, 8, 74, 22, 5, 68, 65, 32, 53, 14, 0]
Route #7: [0, 47, 34, 66, 38, 12, 6, 43, 41, 42, 60, 64, 7, 80, 0]
Route #8: [0, 4, 45, 13, 11, 31, 75, 59, 84, 82, 73, 48, 44, 0]
Route #9: [0, 0]
