Best cost: 14124.52250296882
Route #1: [0, 5, 80, 60, 76, 40, 34, 64, 0]
Route #2: [0, 61, 58, 42, 56, 39, 41, 37, 24, 67, 26, 0]
Route #3: [0, 72, 70, 19, 11, 45, 32, 25, 69, 33, 0]
Route #4: [0, 18, 59, 6, 12, 29, 10, 62, 15, 0]
Route #5: [0, 55, 81, 9, 35, 14, 63, 22, 44, 38, 53, 0]
Route #6: [0, 31, 77, 30, 16, 73, 65, 79, 36, 2, 43, 0]
Route #7: [0, 51, 49, 50, 27, 78, 82, 71, 17, 68, 75, 23, 0]
Route #8: [0, 46, 48, 28, 54, 4, 52, 20, 74, 21, 47, 8, 0]
Route #9: [0, 66, 1, 7, 3, 57, 13, 0]
Route #10: [0, 0]
