Best cost: 15787.304105578656
Route #1: [0, 40, 38, 58, 56, 70, 23, 55, 69, 49, 41, 50, 6, 18, 34, 0]
Route #2: [0, 67, 15, 44, 42, 72, 51, 0]
Route #3: [0, 46, 12, 35, 9, 8, 75, 77, 21, 78, 27, 62, 53, 0]
Route #4: [0, 1, 45, 14, 32, 63, 36, 47, 65, 20, 26, 0]
Route #5: [0, 59, 66, 3, 11, 68, 19, 28, 24, 0]
Route #6: [0, 17, 74, 71, 43, 76, 37, 39, 0]
Route #7: [0, 29, 61, 33, 73, 64, 10, 22, 13, 52, 0]
Route #8: [0, 4, 5, 60, 54, 30, 48, 31, 2, 25, 16, 0]
Route #9: [0, 7, 57, 0]
Route #10: [0, 0]
