Best cost: 15756.465364056421
Route #1: [0, 40, 62, 24, 89, 44, 26, 58, 19, 9, 67, 0]
Route #2: [0, 78, 36, 22, 41, 51, 33, 60, 85, 31, 88, 11, 0]
Route #3: [0, 13, 2, 68, 35, 91, 47, 10, 69, 95, 90, 0]
Route #4: [0, 59, 75, 23, 14, 61, 55, 32, 54, 57, 0]
Route #5: [0, 77, 87, 50, 42, 52, 53, 76, 93, 30, 94, 0]
Route #6: [0, 37, 48, 34, 43, 82, 1, 96, 64, 39, 71, 66, 7, 0]
Route #7: [0, 45, 80, 65, 16, 29, 27, 81, 70, 86, 0]
Route #8: [0, 18, 0]
Route #9: [0, 84, 74, 3, 49, 73, 20, 8, 6, 5, 79, 4, 25, 92, 28, 83, 0]
Route #10: [0, 46, 21, 63, 17, 12, 15, 56, 38, 72, 0]
