Best cost: 14601.916505907888
Route #1: [0, 62, 44, 25, 30, 47, 57, 27, 68, 48, 0]
Route #2: [0, 33, 36, 58, 81, 65, 29, 77, 46, 76, 10, 35, 0]
Route #3: [0, 5, 23, 38, 42, 28, 4, 61, 41, 39, 34, 78, 0]
Route #4: [0, 67, 19, 6, 12, 84, 37, 80, 7, 16, 31, 0]
Route #5: [0, 2, 59, 43, 82, 71, 49, 21, 85, 9, 54, 26, 0]
Route #6: [0, 79, 66, 73, 53, 22, 24, 14, 1, 75, 70, 20, 0]
Route #7: [0, 60, 18, 64, 50, 8, 45, 13, 56, 63, 72, 3, 0]
Route #8: [0, 51, 40, 11, 15, 52, 74, 17, 69, 55, 32, 83, 0]
Route #9: [0, 0]
