Best cost: 14477.791068759347
Route #1: [0, 4, 30, 34, 56, 48, 24, 90, 85, 15, 19, 0]
Route #2: [0, 35, 47, 79, 87, 17, 72, 41, 39, 31, 5, 2, 0]
Route #3: [0, 62, 53, 61, 58, 74, 82, 92, 68, 57, 77, 9, 70, 0]
Route #4: [0, 80, 86, 16, 11, 42, 1, 7, 46, 36, 18, 0]
Route #5: [0, 64, 28, 73, 71, 67, 12, 49, 88, 23, 27, 63, 81, 38, 0]
Route #6: [0, 84, 50, 3, 65, 25, 13, 26, 43, 20, 55, 51, 0]
Route #7: [0, 78, 60, 69, 33, 52, 32, 14, 44, 54, 45, 8, 89, 21, 0]
Route #8: [0, 29, 91, 6, 10, 75, 37, 59, 22, 66, 83, 40, 76, 0]
Route #9: [0, 0]
Route #10: [0, 0]
