Best cost: 12538.380748463069
Route #1: [0, 14, 61, 23, 55, 32, 37, 17, 34, 42, 25, 20, 38, 0]
Route #2: [0, 73, 70, 30, 67, 76, 57, 64, 9, 39, 75, 0]
Route #3: [0, 81, 72, 69, 83, 80, 79, 54, 15, 0]
Route #4: [0, 74, 41, 6, 27, 26, 50, 28, 52, 0]
Route #5: [0, 77, 2, 1, 19, 58, 43, 56, 18, 24, 86, 45, 36, 68, 0]
Route #6: [0, 11, 71, 21, 87, 66, 85, 47, 40, 33, 60, 0]
Route #7: [0, 44, 12, 59, 3, 22, 63, 7, 16, 46, 53, 0]
Route #8: [0, 78, 4, 49, 48, 0]
Route #9: [0, 88, 35, 31, 5, 51, 13, 10, 29, 62, 8, 65, 82, 84, 0]
Route #10: [0, 0]
