Best cost: 14876.148630633917
Route #1: [0, 2, 64, 44, 74, 21, 10, 28, 54, 66, 0]
Route #2: [0, 55, 18, 47, 27, 19, 23, 0]
Route #3: [0, 42, 20, 37, 72, 80, 77, 0]
Route #4: [0, 30, 31, 6, 61, 22, 33, 26, 4, 45, 36, 0]
Route #5: [0, 3, 63, 17, 8, 69, 40, 38, 7, 15, 60, 0]
Route #6: [0, 43, 11, 52, 35, 9, 13, 39, 67, 24, 75, 0]
Route #7: [0, 59, 46, 12, 62, 78, 16, 71, 53, 70, 41, 56, 0]
Route #8: [0, 57, 65, 48, 5, 29, 49, 58, 76, 73, 0]
Route #9: [0, 25, 14, 81, 34, 50, 32, 79, 1, 68, 51, 0]
Route #10: [0, 0]
