Best cost: 15097.300571226548
Route #1: [0, 4, 89, 49, 45, 30, 37, 83, 38, 66, 53, 0]
Route #2: [0, 71, 58, 25, 76, 86, 69, 79, 40, 81, 68, 0]
Route #3: [0, 87, 27, 51, 15, 34, 85, 22, 13, 62, 32, 0]
Route #4: [0, 64, 33, 63, 35, 18, 21, 67, 70, 84, 44, 0]
Route #5: [0, 39, 55, 26, 74, 31, 59, 82, 75, 24, 28, 0]
Route #6: [0, 16, 47, 10, 17, 73, 11, 12, 72, 78, 54, 0]
Route #7: [0, 48, 23, 29, 61, 50, 3, 42, 77, 43, 0]
Route #8: [0, 41, 57, 46, 65, 88, 8, 6, 9, 5, 7, 0]
Route #9: [0, 80, 14, 36, 1, 60, 56, 19, 52, 2, 20, 0]
Route #10: [0, 0]
