Best cost: 14335.274561373815
Route #1: [0, 6, 69, 8, 91, 81, 41, 18, 63, 82, 5, 64, 92, 7, 50, 0]
Route #2: [0, 88, 84, 60, 25, 34, 45, 71, 12, 0]
Route #3: [0, 36, 90, 37, 80, 86, 20, 46, 53, 52, 67, 30, 0]
Route #4: [0, 40, 28, 77, 62, 72, 66, 55, 70, 48, 0]
Route #5: [0, 15, 38, 58, 39, 13, 17, 1, 33, 2, 26, 24, 0]
Route #6: [0, 9, 27, 85, 4, 35, 68, 43, 75, 61, 78, 49, 14, 0]
Route #7: [0, 16, 76, 23, 47, 32, 42, 22, 74, 56, 0]
Route #8: [0, 57, 31, 87, 73, 21, 89, 54, 10, 51, 59, 0]
Route #9: [0, 79, 65, 11, 19, 44, 83, 3, 29, 0]
Route #10: [0, 0]
