Best cost: 14796.774204997339
Route #1: [0, 73, 5, 26, 76, 67, 14, 0]
Route #2: [0, 29, 53, 48, 62, 12, 64, 1, 39, 51, 0]
Route #3: [0, 69, 22, 52, 6, 75, 68, 61, 45, 63, 16, 0]
Route #4: [0, 10, 35, 25, 9, 44, 46, 32, 0]
Route #5: [0, 74, 27, 20, 4, 23, 42, 41, 40, 13, 0]
Route #6: [0, 65, 60, 33, 47, 3, 15, 58, 24, 0]
Route #7: [0, 11, 57, 28, 55, 8, 59, 70, 7, 77, 19, 17, 66, 0]
Route #8: [0, 50, 36, 38, 71, 54, 49, 30, 2, 18, 43, 72, 21, 56, 0]
Route #9: [0, 37, 34, 31, 0]
Route #10: [0, 0]
