Best cost: 12614.146156104092
Route #1: [0, 65, 13, 4, 49, 68, 19, 61, 75, 63, 72, 11, 78, 0]
Route #2: [0, 22, 10, 1, 66, 3, 29, 24, 46, 74, 20, 82, 31, 8, 0]
Route #3: [0, 87, 89, 14, 28, 39, 85, 40, 97, 67, 71, 88, 48, 62, 0]
Route #4: [0, 18, 53, 2, 23, 43, 80, 90, 60, 83, 26, 64, 21, 91, 98, 69, 0]
Route #5: [0, 36, 54, 35, 12, 93, 84, 33, 96, 38, 50, 15, 0]
Route #6: [0, 55, 94, 70, 16, 41, 27, 59, 52, 34, 0]
Route #7: [0, 37, 42, 81, 47, 17, 32, 57, 79, 92, 77, 86, 25, 51, 0]
Route #8: [0, 6, 9, 30, 44, 56, 73, 95, 5, 58, 7, 45, 76, 0]
Route #9: [0, 0]
