Best cost: 12658.490641241071
Route #1: [0, 2, 26, 18, 62, 9, 22, 55, 84, 0]
Route #2: [0, 47, 29, 4, 45, 38, 79, 78, 59, 34, 52, 89, 0]
Route #3: [0, 5, 23, 19, 46, 36, 6, 44, 88, 83, 1, 61, 74, 75, 0]
Route #4: [0, 33, 17, 86, 70, 32, 73, 42, 57, 49, 82, 80, 0]
Route #5: [0, 72, 91, 10, 35, 69, 68, 24, 58, 25, 3, 0]
Route #6: [0, 50, 16, 14, 92, 12, 37, 90, 53, 67, 28, 43, 0]
Route #7: [0, 40, 66, 21, 77, 8, 7, 60, 27, 51, 93, 11, 81, 15, 13, 30, 0]
Route #8: [0, 63, 87, 20, 56, 76, 64, 65, 94, 31, 41, 39, 71, 54, 48, 85, 0]
Route #9: [0, 0]
