Best cost: 12084.204723178595
Route #1: [0, 85, 2, 26, 18, 62, 54, 14, 92, 12, 37, 16, 48, 0]
Route #2: [0, 40, 52, 34, 66, 59, 78, 79, 38, 45, 4, 29, 47, 0]
Route #3: [0, 5, 19, 46, 36, 6, 44, 53, 67, 88, 1, 61, 43, 0]
Route #4: [0, 33, 17, 86, 70, 32, 73, 42, 57, 49, 84, 0]
Route #5: [0, 77, 21, 8, 7, 60, 27, 51, 15, 13, 91, 72, 89, 0]
Route #6: [0, 75, 50, 74, 9, 22, 28, 55, 23, 82, 80, 0]
Route #7: [0, 87, 20, 25, 58, 24, 68, 69, 11, 81, 93, 10, 35, 30, 0]
Route #8: [0, 3, 63, 56, 76, 64, 65, 94, 71, 39, 31, 41, 90, 83, 0]
Route #9: [0, 0]
