Best cost: 16038.230794264524
Route #1: [0, 12, 25, 51, 40, 2, 19, 85, 56, 20, 72, 46, 32, 0]
Route #2: [0, 62, 60, 22, 50, 68, 57, 31, 83, 28, 92, 79, 44, 87, 74, 27, 34, 43, 0]
Route #3: [0, 58, 66, 67, 77, 7, 86, 14, 0]
Route #4: [0, 78, 45, 15, 42, 65, 30, 81, 39, 29, 71, 49, 0]
Route #5: [0, 61, 36, 41, 5, 17, 16, 47, 84, 88, 75, 0]
Route #6: [0, 21, 76, 1, 3, 91, 70, 10, 69, 35, 11, 13, 18, 0]
Route #7: [0, 38, 80, 8, 52, 59, 89, 64, 26, 33, 23, 73, 37, 0]
Route #8: [0, 55, 63, 9, 90, 48, 6, 24, 54, 82, 4, 53, 0]
Route #9: [0, 0]
