Best cost: 15278.246909143749
Route #1: [0, 70, 10, 91, 3, 69, 35, 11, 13, 71, 4, 53, 0]
Route #2: [0, 21, 76, 63, 74, 87, 44, 79, 92, 28, 83, 57, 31, 20, 72, 27, 46, 32, 0]
Route #3: [0, 1, 9, 19, 85, 56, 90, 48, 6, 24, 54, 29, 0]
Route #4: [0, 43, 12, 25, 68, 40, 2, 51, 50, 22, 60, 62, 14, 0]
Route #5: [0, 23, 88, 84, 39, 81, 82, 30, 65, 41, 15, 45, 78, 0]
Route #6: [0, 89, 64, 5, 42, 17, 16, 47, 18, 49, 75, 37, 0]
Route #7: [0, 61, 73, 33, 26, 36, 59, 52, 8, 80, 38, 0]
Route #8: [0, 58, 66, 67, 77, 7, 55, 34, 86, 0]
Route #9: [0, 0]
