Best cost: 12428.73174427759
Route #1: [0, 22, 45, 87, 46, 91, 16, 13, 38, 9, 79, 31, 61, 50, 98, 0]
Route #2: [0, 29, 42, 69, 63, 17, 70, 78, 88, 66, 64, 15, 57, 0]
Route #3: [0, 97, 76, 52, 11, 60, 90, 10, 59, 0]
Route #4: [0, 92, 56, 75, 58, 80, 8, 55, 39, 43, 4, 7, 0]
Route #5: [0, 72, 36, 37, 74, 12, 54, 25, 41, 28, 14, 84, 73, 96, 0]
Route #6: [0, 53, 94, 20, 40, 85, 19, 82, 3, 32, 24, 93, 21, 0]
Route #7: [0, 86, 35, 47, 23, 62, 33, 26, 44, 18, 5, 6, 95, 51, 2, 68, 49, 0]
Route #8: [0, 71, 1, 65, 77, 27, 48, 89, 30, 83, 81, 67, 34, 0]
Route #9: [0, 0]
