Best cost: 15326.638275803569
Route #1: [0, 38, 27, 61, 22, 67, 49, 2, 23, 0]
Route #2: [0, 40, 58, 26, 9, 13, 12, 75, 52, 5, 71, 10, 0]
Route #3: [0, 60, 53, 6, 64, 0]
Route #4: [0, 17, 74, 31, 29, 47, 57, 28, 77, 66, 0]
Route #5: [0, 18, 45, 54, 41, 68, 42, 11, 8, 59, 0]
Route #6: [0, 36, 20, 44, 4, 33, 0]
Route #7: [0, 3, 76, 14, 30, 39, 70, 63, 24, 72, 43, 0]
Route #8: [0, 25, 56, 15, 21, 32, 34, 1, 19, 35, 51, 69, 65, 73, 0]
Route #9: [0, 55, 16, 37, 62, 50, 48, 46, 7, 0]
Route #10: [0, 0]
