Best cost: 16816.994019597536
Route #1: [0, 17, 4, 66, 85, 53, 55, 3, 79, 27, 0]
Route #2: [0, 59, 73, 84, 42, 71, 35, 14, 0]
Route #3: [0, 56, 16, 32, 38, 31, 76, 21, 54, 44, 61, 20, 30, 81, 0]
Route #4: [0, 5, 2, 13, 24, 50, 8, 7, 74, 0]
Route #5: [0, 82, 46, 62, 75, 15, 18, 9, 48, 6, 0]
Route #6: [0, 22, 45, 58, 36, 33, 60, 41, 40, 47, 28, 51, 0]
Route #7: [0, 70, 64, 25, 68, 23, 90, 57, 69, 86, 89, 29, 0]
Route #8: [0, 43, 78, 80, 37, 88, 10, 52, 19, 83, 26, 63, 0]
Route #9: [0, 39, 77, 1, 67, 11, 49, 12, 72, 65, 87, 34, 0]
Route #10: [0, 0]
