Best cost: 13692.79037175553
Route #1: [0, 46, 12, 30, 65, 28, 11, 18, 39, 0]
Route #2: [0, 92, 2, 42, 33, 44, 57, 6, 88, 25, 85, 15, 89, 0]
Route #3: [0, 84, 81, 55, 53, 51, 14, 68, 38, 23, 90, 0]
Route #4: [0, 5, 40, 34, 56, 72, 8, 37, 71, 0]
Route #5: [0, 70, 67, 75, 61, 83, 4, 35, 58, 74, 60, 77, 49, 0]
Route #6: [0, 9, 13, 21, 82, 50, 43, 62, 27, 63, 26, 79, 0]
Route #7: [0, 41, 64, 1, 47, 31, 45, 86, 87, 19, 22, 24, 0]
Route #8: [0, 17, 20, 7, 76, 48, 73, 36, 16, 66, 0]
Route #9: [0, 78, 3, 32, 91, 10, 54, 29, 80, 59, 52, 69, 0]
Route #10: [0, 0]
