Best cost: 14685.378305989278
Route #1: [0, 11, 31, 44, 65, 6, 7, 32, 55, 78, 79, 38, 0]
Route #2: [0, 35, 72, 54, 4, 28, 22, 53, 14, 15, 9, 0]
Route #3: [0, 56, 47, 25, 82, 46, 12, 40, 24, 61, 23, 0]
Route #4: [0, 18, 80, 52, 8, 3, 62, 21, 43, 57, 0]
Route #5: [0, 34, 68, 73, 64, 69, 83, 2, 29, 37, 20, 48, 75, 0]
Route #6: [0, 51, 19, 50, 42, 59, 10, 5, 27, 0]
Route #7: [0, 26, 13, 71, 66, 81, 0]
Route #8: [0, 76, 1, 60, 39, 63, 49, 36, 33, 70, 30, 0]
Route #9: [0, 41, 17, 67, 74, 16, 45, 58, 77, 0]
Route #10: [0, 0]
