Best cost: 13718.59076130376
Route #1: [0, 90, 46, 40, 21, 53, 0]
Route #2: [0, 14, 44, 43, 5, 18, 31, 28, 34, 55, 58, 13, 0]
Route #3: [0, 56, 48, 8, 26, 4, 79, 84, 38, 80, 29, 78, 0]
Route #4: [0, 16, 25, 60, 36, 19, 86, 1, 65, 7, 75, 69, 0]
Route #5: [0, 87, 35, 91, 63, 76, 66, 82, 23, 32, 22, 57, 0]
Route #6: [0, 73, 30, 47, 50, 81, 85, 77, 39, 72, 12, 42, 0]
Route #7: [0, 62, 45, 71, 51, 33, 24, 61, 59, 89, 41, 49, 0]
Route #8: [0, 83, 10, 27, 88, 64, 9, 15, 2, 54, 3, 17, 0]
Route #9: [0, 11, 92, 52, 37, 74, 68, 20, 70, 6, 67, 0]
Route #10: [0, 0]
