Best cost: 14070.359262251968
Route #1: [0, 14, 50, 58, 75, 85, 13, 60, 2, 57, 78, 24, 0]
Route #2: [0, 42, 82, 79, 48, 0]
Route #3: [0, 74, 29, 55, 9, 21, 20, 27, 7, 0]
Route #4: [0, 6, 51, 1, 16, 31, 66, 77, 56, 69, 19, 67, 38, 0]
Route #5: [0, 53, 44, 23, 86, 64, 25, 61, 40, 26, 37, 0]
Route #6: [0, 35, 11, 59, 5, 62, 34, 63, 88, 43, 87, 15, 54, 0]
Route #7: [0, 33, 22, 52, 28, 73, 49, 8, 4, 39, 36, 30, 0]
Route #8: [0, 32, 71, 65, 72, 46, 45, 47, 83, 41, 17, 0]
Route #9: [0, 3, 12, 10, 76, 18, 70, 80, 81, 68, 84, 0]
Route #10: [0, 0]
