Best cost: 13056.83903888558
Route #1: [0, 72, 66, 73, 59, 33, 53, 55, 57, 42, 0]
Route #2: [0, 28, 68, 61, 29, 36, 7, 21, 12, 0]
Route #3: [0, 8, 41, 30, 49, 37, 50, 74, 20, 1, 24, 4, 82, 0]
Route #4: [0, 76, 45, 19, 13, 60, 14, 25, 63, 58, 69, 0]
Route #5: [0, 31, 71, 79, 3, 70, 16, 23, 15, 27, 54, 81, 85, 0]
Route #6: [0, 83, 64, 52, 65, 10, 22, 47, 6, 39, 35, 34, 75, 0]
Route #7: [0, 67, 32, 40, 2, 5, 9, 44, 84, 46, 77, 0]
Route #8: [0, 80, 43, 51, 62, 56, 78, 48, 26, 18, 17, 11, 38, 0]
Route #9: [0, 0]
