Best cost: 15130.388564259823
Route #1: [0, 37, 15, 11, 73, 24, 43, 69, 27, 57, 0]
Route #2: [0, 36, 47, 50, 45, 18, 30, 29, 79, 82, 59, 17, 62, 0]
Route #3: [0, 55, 46, 20, 49, 7, 70, 39, 41, 68, 67, 8, 0]
Route #4: [0, 65, 80, 33, 3, 32, 38, 71, 25, 83, 52, 76, 0]
Route #5: [0, 85, 44, 61, 78, 19, 23, 34, 48, 10, 42, 72, 26, 81, 0]
Route #6: [0, 35, 9, 31, 14, 21, 1, 5, 75, 77, 22, 0]
Route #7: [0, 13, 16, 66, 6, 74, 28, 56, 12, 4, 54, 58, 2, 84, 0]
Route #8: [0, 53, 40, 64, 60, 63, 51, 0]
Route #9: [0, 0]
