Best cost: 13683.318726994927
Route #1: [0, 77, 20, 56, 92, 6, 34, 76, 31, 62, 19, 71, 67, 87, 0]
Route #2: [0, 8, 68, 5, 72, 36, 60, 3, 22, 49, 82, 93, 32, 90, 0]
Route #3: [0, 50, 45, 81, 84, 61, 78, 18, 25, 73, 44, 0]
Route #4: [0, 27, 63, 13, 11, 14, 85, 80, 91, 83, 4, 15, 0]
Route #5: [0, 55, 29, 57, 16, 30, 69, 53, 46, 23, 0]
Route #6: [0, 94, 37, 79, 24, 9, 66, 7, 43, 48, 51, 47, 54, 40, 75, 38, 0]
Route #7: [0, 26, 21, 59, 86, 12, 89, 28, 88, 39, 64, 33, 65, 0]
Route #8: [0, 10, 17, 52, 58, 2, 1, 74, 42, 70, 35, 41, 0]
Route #9: [0, 0]
