Best cost: 12162.767630793445
Route #1: [0, 60, 41, 3, 47, 79, 71, 29, 20, 63, 12, 72, 77, 73, 0]
Route #2: [0, 82, 16, 2, 35, 86, 53, 37, 4, 36, 46, 70, 40, 91, 0]
Route #3: [0, 18, 24, 9, 92, 26, 38, 49, 31, 58, 62, 30, 0]
Route #4: [0, 87, 6, 42, 56, 48, 22, 39, 19, 34, 80, 83, 45, 21, 57, 32, 0]
Route #5: [0, 54, 74, 15, 66, 51, 59, 61, 89, 14, 28, 55, 8, 81, 0]
Route #6: [0, 67, 93, 90, 84, 43, 7, 88, 52, 17, 10, 50, 78, 5, 76, 0]
Route #7: [0, 27, 68, 33, 69, 11, 25, 65, 23, 75, 1, 44, 64, 85, 0]
Route #8: [0, 13, 0]
Route #9: [0, 0]
