Best cost: 14000.727831093855
Route #1: [0, 92, 41, 86, 4, 30, 48, 21, 83, 96, 16, 72, 45, 26, 0]
Route #2: [0, 3, 93, 34, 55, 24, 17, 77, 42, 27, 23, 14, 79, 2, 0]
Route #3: [0, 44, 90, 94, 60, 63, 15, 46, 49, 59, 6, 89, 87, 66, 0]
Route #4: [0, 74, 62, 9, 70, 20, 36, 64, 40, 19, 47, 37, 7, 56, 0]
Route #5: [0, 57, 85, 78, 22, 50, 51, 28, 43, 67, 61, 35, 31, 65, 0]
Route #6: [0, 32, 71, 68, 8, 29, 73, 39, 5, 54, 82, 13, 91, 58, 0]
Route #7: [0, 75, 12, 10, 1, 33, 53, 11, 18, 81, 76, 88, 95, 80, 0]
Route #8: [0, 38, 69, 84, 52, 25, 0]
Route #9: [0, 0]
