Best cost: 12499.801869073299
Route #1: [0, 22, 35, 1, 80, 44, 87, 27, 74, 24, 0]
Route #2: [0, 21, 77, 78, 4, 17, 9, 82, 65, 2, 53, 3, 0]
Route #3: [0, 15, 86, 62, 14, 47, 69, 63, 23, 83, 61, 10, 54, 48, 0]
Route #4: [0, 5, 49, 52, 66, 56, 36, 26, 20, 33, 0]
Route #5: [0, 19, 16, 11, 12, 55, 51, 40, 46, 81, 29, 85, 0]
Route #6: [0, 73, 18, 43, 7, 60, 68, 84, 13, 25, 37, 0]
Route #7: [0, 6, 67, 59, 31, 70, 79, 34, 75, 32, 38, 58, 57, 0]
Route #8: [0, 41, 71, 45, 39, 28, 72, 64, 50, 76, 8, 30, 42, 0]
Route #9: [0, 0]
