Best cost: 14279.640836007111
Route #1: [0, 82, 9, 68, 33, 57, 67, 13, 22, 38, 0]
Route #2: [0, 15, 5, 17, 74, 72, 41, 53, 70, 65, 34, 24, 0]
Route #3: [0, 31, 73, 55, 45, 76, 66, 60, 21, 51, 69, 42, 0]
Route #4: [0, 36, 3, 52, 26, 81, 25, 1, 12, 44, 56, 63, 0]
Route #5: [0, 10, 23, 64, 2, 78, 46, 19, 11, 4, 29, 0]
Route #6: [0, 58, 32, 62, 77, 16, 79, 80, 43, 75, 48, 27, 0]
Route #7: [0, 7, 49, 47, 20, 61, 0]
Route #8: [0, 39, 54, 35, 71, 6, 40, 14, 18, 37, 50, 59, 28, 8, 30, 0]
Route #9: [0, 0]
