Best cost: 16544.488307258645
Route #1: [0, 72, 42, 27, 44, 57, 11, 54, 63, 0]
Route #2: [0, 39, 55, 15, 23, 38, 49, 43, 3, 58, 0]
Route #3: [0, 75, 18, 73, 35, 76, 66, 0]
Route #4: [0, 61, 2, 62, 28, 65, 67, 64, 36, 0]
Route #5: [0, 26, 25, 41, 60, 68, 59, 24, 33, 71, 0]
Route #6: [0, 9, 37, 12, 5, 4, 47, 31, 17, 21, 0]
Route #7: [0, 56, 52, 8, 14, 51, 10, 6, 32, 50, 78, 29, 0]
Route #8: [0, 70, 46, 13, 19, 16, 7, 69, 1, 53, 0]
Route #9: [0, 40, 34, 48, 77, 45, 20, 74, 22, 30, 0]
Route #10: [0, 0]
