Best cost: 14333.393141547296
Route #1: [0, 19, 73, 1, 20, 3, 44, 36, 11, 35, 57, 39, 79, 80, 0]
Route #2: [0, 9, 58, 7, 41, 16, 62, 51, 5, 0]
Route #3: [0, 25, 61, 76, 10, 28, 29, 74, 14, 0]
Route #4: [0, 2, 22, 40, 53, 72, 43, 81, 26, 48, 75, 6, 64, 55, 0]
Route #5: [0, 21, 52, 47, 23, 71, 50, 66, 34, 12, 8, 69, 0]
Route #6: [0, 15, 4, 70, 30, 24, 56, 32, 65, 45, 0]
Route #7: [0, 13, 42, 46, 63, 78, 33, 60, 27, 31, 0]
Route #8: [0, 54, 59, 82, 77, 68, 37, 18, 49, 67, 17, 38, 0]
Route #9: [0, 0]
