Best cost: 14044.209615597905
Route #1: [0, 44, 6, 9, 36, 62, 50, 26, 85, 27, 16, 72, 0]
Route #2: [0, 81, 78, 17, 76, 61, 7, 74, 8, 69, 19, 0]
Route #3: [0, 40, 5, 58, 4, 20, 14, 48, 68, 47, 70, 53, 0]
Route #4: [0, 34, 12, 24, 66, 37, 64, 86, 30, 90, 60, 77, 67, 79, 0]
Route #5: [0, 39, 28, 52, 49, 46, 65, 56, 63, 10, 87, 33, 88, 0]
Route #6: [0, 13, 71, 43, 54, 35, 83, 32, 11, 29, 55, 2, 45, 0]
Route #7: [0, 57, 41, 59, 23, 82, 84, 0]
Route #8: [0, 80, 1, 89, 73, 15, 38, 21, 18, 3, 25, 75, 22, 51, 42, 31, 0]
Route #9: [0, 0]
