Best cost: 15310.10652719062
Route #1: [0, 61, 21, 34, 0]
Route #2: [0, 46, 38, 47, 33, 53, 59, 48, 0]
Route #3: [0, 17, 25, 9, 67, 68, 26, 12, 0]
Route #4: [0, 31, 36, 28, 75, 54, 62, 79, 40, 6, 0]
Route #5: [0, 8, 56, 4, 43, 72, 42, 30, 5, 0]
Route #6: [0, 20, 50, 14, 69, 51, 83, 80, 2, 0]
Route #7: [0, 11, 45, 84, 18, 10, 23, 64, 57, 44, 70, 82, 0]
Route #8: [0, 63, 76, 73, 7, 85, 65, 19, 32, 66, 3, 55, 58, 0]
Route #9: [0, 24, 78, 22, 41, 52, 37, 81, 16, 77, 71, 1, 0]
Route #10: [0, 13, 35, 39, 29, 27, 15, 60, 49, 74, 0]
