Best cost: 16414.773654247085
Route #1: [0, 87, 96, 97, 7, 98, 16, 81, 41, 71, 32, 25, 0]
Route #2: [0, 46, 84, 19, 70, 36, 63, 75, 55, 50, 47, 94, 0]
Route #3: [0, 88, 54, 33, 13, 30, 17, 22, 60, 10, 65, 28, 58, 0]
Route #4: [0, 9, 4, 95, 90, 85, 74, 5, 44, 93, 34, 0]
Route #5: [0, 39, 2, 78, 89, 79, 73, 31, 35, 77, 0]
Route #6: [0, 80, 92, 52, 51, 68, 62, 1, 40, 43, 24, 48, 0]
Route #7: [0, 76, 6, 61, 82, 42, 37, 12, 29, 72, 20, 11, 66, 14, 0]
Route #8: [0, 86, 64, 59, 83, 53, 27, 18, 69, 91, 21, 0]
Route #9: [0, 15, 8, 56, 57, 67, 49, 38, 23, 26, 3, 0]
Route #10: [0, 45, 0]
