Best cost: 14435.671974865845
Route #1: [0, 53, 12, 50, 74, 65, 86, 8, 13, 35, 59, 25, 0]
Route #2: [0, 87, 76, 51, 5, 58, 80, 71, 72, 64, 46, 83, 0]
Route #3: [0, 77, 19, 10, 43, 22, 23, 30, 38, 20, 55, 68, 0]
Route #4: [0, 7, 31, 41, 33, 40, 57, 2, 24, 75, 29, 66, 0]
Route #5: [0, 11, 84, 78, 79, 1, 32, 67, 27, 6, 81, 49, 0]
Route #6: [0, 45, 42, 21, 14, 73, 16, 28, 18, 69, 3, 60, 0]
Route #7: [0, 9, 17, 82, 70, 52, 34, 4, 62, 37, 15, 48, 0]
Route #8: [0, 26, 56, 36, 61, 44, 85, 39, 63, 54, 47, 0]
Route #9: [0, 0]
Route #10: [0, 0]
