Best cost: 15495.155890397964
Route #1: [0, 28, 56, 77, 41, 1, 37, 59, 71, 17, 58, 60, 0]
Route #2: [0, 80, 33, 66, 2, 39, 19, 9, 53, 30, 84, 0]
Route #3: [0, 40, 8, 82, 83, 50, 69, 18, 79, 52, 0]
Route #4: [0, 64, 44, 29, 45, 63, 22, 24, 0]
Route #5: [0, 67, 11, 3, 42, 61, 65, 76, 15, 35, 54, 70, 0]
Route #6: [0, 23, 13, 7, 72, 12, 55, 14, 25, 81, 6, 57, 0]
Route #7: [0, 27, 48, 43, 26, 4, 20, 51, 47, 78, 62, 0]
Route #8: [0, 10, 21, 16, 36, 5, 46, 73, 38, 31, 0]
Route #9: [0, 49, 85, 74, 75, 68, 34, 32, 0]
Route #10: [0, 0]
