Best cost: 15063.149030781504
Route #1: [0, 64, 45, 34, 41, 32, 12, 24, 62, 0]
Route #2: [0, 15, 63, 17, 60, 59, 13, 29, 35, 19, 0]
Route #3: [0, 3, 20, 23, 52, 70, 46, 66, 36, 16, 30, 73, 18, 11, 50, 0]
Route #4: [0, 65, 4, 75, 38, 61, 43, 55, 2, 0]
Route #5: [0, 58, 47, 53, 72, 27, 8, 9, 0]
Route #6: [0, 26, 5, 31, 48, 67, 40, 78, 0]
Route #7: [0, 77, 21, 14, 80, 57, 74, 42, 22, 0]
Route #8: [0, 79, 44, 71, 39, 1, 54, 37, 49, 69, 76, 28, 0]
Route #9: [0, 6, 7, 33, 56, 68, 10, 51, 25, 0]
Route #10: [0, 0]
