Best cost: 14469.983058884309
Route #1: [0, 59, 8, 85, 31, 56, 60, 75, 64, 71, 72, 65, 0]
Route #2: [0, 28, 80, 69, 25, 86, 11, 24, 84, 66, 48, 74, 33, 37, 0]
Route #3: [0, 34, 63, 17, 36, 20, 23, 5, 4, 79, 16, 18, 0]
Route #4: [0, 50, 62, 40, 61, 10, 12, 38, 57, 81, 77, 7, 53, 0]
Route #5: [0, 47, 6, 78, 83, 19, 1, 49, 39, 68, 2, 14, 0]
Route #6: [0, 43, 45, 9, 73, 0]
Route #7: [0, 55, 41, 42, 30, 3, 21, 22, 46, 15, 13, 52, 67, 58, 0]
Route #8: [0, 29, 54, 70, 35, 27, 44, 87, 51, 82, 32, 26, 76, 0]
Route #9: [0, 0]
