Best cost: 14309.538839361232
Route #1: [0, 46, 88, 32, 24, 52, 92, 37, 90, 96, 71, 36, 0]
Route #2: [0, 86, 76, 34, 53, 11, 75, 78, 67, 61, 47, 0]
Route #3: [0, 1, 43, 63, 41, 73, 65, 40, 91, 94, 95, 42, 93, 60, 0]
Route #4: [0, 80, 57, 85, 20, 59, 38, 27, 77, 15, 8, 26, 81, 14, 87, 0]
Route #5: [0, 13, 9, 69, 25, 62, 55, 7, 31, 21, 28, 68, 23, 0]
Route #6: [0, 45, 12, 84, 64, 44, 35, 22, 54, 89, 30, 6, 56, 0]
Route #7: [0, 72, 18, 17, 33, 79, 50, 5, 3, 39, 2, 19, 0]
Route #8: [0, 16, 49, 83, 48, 4, 66, 70, 29, 51, 82, 74, 58, 0]
Route #9: [0, 10, 0]
