Best cost: 14722.952631793753
Route #1: [0, 67, 30, 5, 35, 42, 54, 69, 16, 80, 62, 0]
Route #2: [0, 61, 24, 44, 27, 2, 8, 81, 83, 25, 51, 87, 34, 56, 0]
Route #3: [0, 78, 85, 58, 92, 4, 22, 75, 93, 15, 48, 52, 17, 0]
Route #4: [0, 20, 71, 28, 18, 74, 1, 21, 32, 70, 64, 0]
Route #5: [0, 59, 29, 55, 50, 86, 89, 12, 38, 77, 73, 0]
Route #6: [0, 65, 53, 66, 6, 31, 33, 57, 7, 79, 91, 84, 46, 10, 43, 0]
Route #7: [0, 49, 41, 23, 45, 13, 36, 60, 37, 14, 68, 76, 0]
Route #8: [0, 88, 19, 26, 72, 39, 63, 47, 40, 82, 94, 9, 11, 90, 3, 0]
Route #9: [0, 0]
