Best cost: 14134.835678906442
Route #1: [0, 14, 61, 54, 74, 70, 1, 75, 25, 0]
Route #2: [0, 4, 62, 28, 41, 66, 11, 20, 0]
Route #3: [0, 36, 69, 80, 77, 8, 32, 0]
Route #4: [0, 30, 26, 35, 2, 82, 79, 34, 53, 43, 0]
Route #5: [0, 38, 29, 68, 16, 46, 57, 76, 45, 42, 15, 5, 0]
Route #6: [0, 18, 22, 9, 72, 83, 49, 19, 65, 67, 7, 64, 73, 50, 0]
Route #7: [0, 13, 33, 39, 17, 47, 44, 81, 21, 24, 0]
Route #8: [0, 31, 3, 27, 52, 60, 37, 23, 6, 58, 78, 12, 0]
Route #9: [0, 56, 71, 63, 10, 55, 40, 51, 59, 48, 0]
Route #10: [0, 0]
