Best cost: 15774.808874530174
Route #1: [0, 44, 71, 51, 79, 41, 30, 48, 0]
Route #2: [0, 19, 33, 68, 52, 66, 78, 25, 7, 4, 46, 43, 61, 0]
Route #3: [0, 80, 76, 45, 64, 58, 5, 70, 17, 42, 0]
Route #4: [0, 77, 34, 10, 50, 37, 18, 55, 24, 54, 23, 0]
Route #5: [0, 56, 53, 6, 59, 1, 28, 11, 73, 0]
Route #6: [0, 32, 12, 72, 60, 47, 81, 62, 69, 9, 2, 0]
Route #7: [0, 13, 39, 65, 57, 74, 16, 67, 0]
Route #8: [0, 14, 36, 8, 49, 31, 75, 29, 0]
Route #9: [0, 21, 35, 26, 63, 15, 38, 20, 3, 27, 22, 40, 0]
Route #10: [0, 0]
