Best cost: 14051.036415896077
Route #1: [0, 49, 15, 1, 87, 78, 65, 42, 63, 80, 81, 11, 0]
Route #2: [0, 16, 33, 6, 41, 39, 18, 34, 40, 29, 17, 61, 5, 59, 53, 0]
Route #3: [0, 75, 71, 89, 31, 23, 72, 67, 44, 3, 62, 64, 0]
Route #4: [0, 74, 12, 8, 76, 68, 36, 45, 52, 21, 14, 0]
Route #5: [0, 50, 26, 84, 48, 69, 82, 79, 13, 86, 47, 60, 0]
Route #6: [0, 24, 37, 19, 22, 70, 30, 83, 90, 88, 0]
Route #7: [0, 66, 43, 32, 73, 46, 55, 10, 91, 57, 58, 25, 20, 0]
Route #8: [0, 9, 51, 27, 54, 56, 77, 28, 4, 85, 38, 2, 7, 35, 0]
Route #9: [0, 0]
