Best cost: 14294.761046210255
Route #1: [0, 88, 52, 79, 76, 13, 92, 0]
Route #2: [0, 32, 46, 61, 22, 1, 64, 81, 72, 83, 59, 26, 0]
Route #3: [0, 36, 4, 19, 9, 7, 10, 50, 41, 5, 71, 18, 55, 0]
Route #4: [0, 70, 21, 44, 43, 65, 33, 34, 0]
Route #5: [0, 35, 27, 68, 91, 6, 23, 12, 30, 40, 8, 56, 0]
Route #6: [0, 63, 14, 58, 28, 62, 25, 48, 24, 39, 80, 86, 17, 0]
Route #7: [0, 74, 49, 69, 82, 51, 77, 57, 29, 38, 37, 0]
Route #8: [0, 47, 78, 60, 3, 2, 11, 73, 84, 87, 42, 85, 20, 67, 0]
Route #9: [0, 15, 90, 89, 54, 45, 31, 53, 75, 16, 66, 0]
