Best cost: 16530.657886471352
Route #1: [0, 91, 13, 49, 3, 66, 23, 81, 24, 64, 69, 40, 16, 0]
Route #2: [0, 89, 73, 92, 48, 94, 71, 56, 19, 83, 20, 27, 31, 0]
Route #3: [0, 46, 18, 62, 52, 39, 44, 54, 4, 86, 26, 5, 36, 72, 0]
Route #4: [0, 35, 58, 30, 29, 28, 45, 63, 17, 90, 22, 67, 0]
Route #5: [0, 25, 41, 61, 59, 34, 37, 93, 51, 60, 84, 0]
Route #6: [0, 11, 75, 32, 77, 96, 14, 2, 79, 68, 74, 6, 99, 7, 0]
Route #7: [0, 80, 70, 85, 8, 38, 15, 10, 55, 33, 82, 87, 0]
Route #8: [0, 43, 21, 65, 1, 95, 97, 9, 50, 47, 98, 78, 53, 76, 88, 0]
Route #9: [0, 12, 57, 42, 0]
Route #10: [0, 0]
