Best cost: 10451.941213880636
Route #1: [0, 44, 45, 25, 65, 46, 26, 37, 79, 57, 50, 49, 0]
Route #2: [0, 8, 16, 76, 82, 87, 6, 84, 11, 29, 52, 5, 0]
Route #3: [0, 35, 70, 51, 24, 48, 22, 15, 10, 2, 81, 9, 0]
Route #4: [0, 83, 61, 67, 28, 63, 47, 39, 12, 80, 86, 53, 0]
Route #5: [0, 66, 14, 58, 42, 1, 85, 71, 43, 27, 34, 56, 0]
Route #6: [0, 77, 31, 33, 36, 62, 64, 38, 69, 40, 7, 88, 0]
Route #7: [0, 18, 21, 54, 59, 32, 4, 72, 60, 23, 17, 41, 0]
Route #8: [0, 13, 78, 68, 19, 75, 30, 3, 73, 74, 55, 20, 0]
Route #9: [0, 0]
Route #10: [0, 0]
