Best cost: 15244.264722474978
Route #1: [0, 52, 76, 25, 64, 61, 9, 60, 45, 80, 56, 63, 0]
Route #2: [0, 38, 13, 10, 39, 20, 40, 51, 42, 36, 0]
Route #3: [0, 44, 57, 24, 67, 4, 5, 8, 29, 47, 43, 46, 0]
Route #4: [0, 69, 1, 7, 15, 28, 33, 78, 18, 3, 0]
Route #5: [0, 23, 71, 16, 6, 31, 77, 37, 54, 0]
Route #6: [0, 58, 2, 19, 26, 34, 59, 55, 70, 73, 0]
Route #7: [0, 14, 53, 21, 48, 75, 17, 22, 27, 81, 65, 79, 0]
Route #8: [0, 41, 35, 50, 72, 32, 68, 49, 11, 66, 0]
Route #9: [0, 30, 12, 62, 74, 0]
Route #10: [0, 0]
