Best cost: 11925.461447172098
Route #1: [0, 82, 43, 10, 53, 74, 29, 2, 19, 44, 51, 28, 0]
Route #2: [0, 24, 3, 72, 35, 9, 50, 49, 12, 0]
Route #3: [0, 61, 37, 57, 42, 39, 84, 59, 73, 45, 0]
Route #4: [0, 0]
Route #5: [0, 22, 75, 16, 33, 55, 31, 5, 13, 40, 25, 0]
Route #6: [0, 20, 88, 80, 60, 48, 46, 83, 68, 70, 76, 36, 69, 85, 0]
Route #7: [0, 67, 7, 79, 18, 87, 34, 6, 47, 86, 64, 21, 32, 0]
Route #8: [0, 11, 78, 14, 38, 4, 26, 27, 17, 58, 15, 0]
Route #9: [0, 62, 81, 66, 41, 1, 65, 54, 77, 23, 8, 56, 52, 0]
Route #10: [0, 71, 63, 30, 0]
