Best cost: 16911.474262819946
Route #1: [0, 79, 61, 51, 26, 7, 81, 16, 31, 50, 60, 87, 0]
Route #2: [0, 4, 47, 83, 48, 55, 24, 25, 53, 13, 29, 19, 88, 0]
Route #3: [0, 41, 90, 28, 27, 71, 34, 6, 64, 0]
Route #4: [0, 45, 33, 91, 1, 77, 66, 67, 82, 86, 14, 80, 70, 21, 0]
Route #5: [0, 12, 68, 37, 43, 38, 17, 69, 52, 40, 63, 15, 84, 0]
Route #6: [0, 11, 56, 5, 10, 78, 62, 89, 58, 73, 3, 76, 0]
Route #7: [0, 2, 44, 42, 75, 35, 46, 54, 39, 30, 20, 18, 22, 74, 0]
Route #8: [0, 85, 65, 36, 57, 8, 49, 72, 9, 59, 32, 23, 0]
Route #9: [0, 0]
