Best cost: 16981.37791763018
Route #1: [0, 10, 23, 50, 35, 72, 11, 63, 80, 49, 59, 0]
Route #2: [0, 61, 65, 86, 19, 58, 8, 2, 85, 53, 71, 66, 0]
Route #3: [0, 78, 81, 13, 40, 36, 56, 82, 32, 0]
Route #4: [0, 47, 6, 73, 88, 41, 83, 44, 34, 12, 0]
Route #5: [0, 64, 37, 3, 5, 25, 75, 30, 54, 84, 0]
Route #6: [0, 42, 38, 51, 14, 55, 68, 77, 87, 22, 15, 45, 0]
Route #7: [0, 48, 4, 24, 62, 46, 20, 28, 0]
Route #8: [0, 52, 60, 57, 67, 74, 1, 18, 91, 89, 69, 76, 39, 90, 0]
Route #9: [0, 26, 0]
Route #10: [0, 27, 21, 33, 43, 70, 29, 9, 79, 17, 7, 16, 31, 0]
