Best cost: 14507.6350244762
Route #1: [0, 32, 10, 26, 9, 50, 43, 0]
Route #2: [0, 36, 67, 44, 13, 77, 20, 68, 45, 0]
Route #3: [0, 56, 16, 54, 59, 74, 66, 58, 19, 40, 35, 0]
Route #4: [0, 71, 22, 52, 25, 61, 39, 11, 62, 78, 60, 0]
Route #5: [0, 15, 69, 80, 31, 34, 27, 73, 46, 0]
Route #6: [0, 30, 24, 48, 76, 21, 0]
Route #7: [0, 29, 57, 23, 12, 8, 41, 7, 42, 0]
Route #8: [0, 2, 51, 28, 33, 38, 18, 3, 75, 0]
Route #9: [0, 5, 53, 49, 55, 17, 47, 64, 14, 70, 65, 0]
Route #10: [0, 1, 63, 79, 6, 37, 4, 72, 0]
