Best cost: 12787.683125672984
Route #1: [0, 25, 76, 74, 35, 41, 24, 31, 47, 69, 57, 0]
Route #2: [0, 2, 65, 71, 55, 28, 63, 51, 0]
Route #3: [0, 10, 68, 39, 79, 18, 4, 60, 56, 29, 15, 0]
Route #4: [0, 64, 9, 70, 13, 42, 40, 62, 22, 50, 0]
Route #5: [0, 17, 44, 59, 19, 8, 46, 26, 0]
Route #6: [0, 38, 45, 1, 32, 52, 14, 72, 33, 0]
Route #7: [0, 3, 73, 7, 12, 23, 6, 67, 11, 0]
Route #8: [0, 36, 43, 5, 75, 34, 49, 77, 54, 61, 0]
Route #9: [0, 53, 66, 21, 27, 20, 48, 16, 58, 30, 78, 37, 0]
Route #10: [0, 0]
