Best cost: 14091.162370052543
Route #1: [0, 15, 24, 63, 71, 25, 26, 4, 12, 84, 57, 0]
Route #2: [0, 31, 17, 18, 30, 59, 40, 16, 61, 6, 32, 0]
Route #3: [0, 39, 1, 85, 69, 73, 56, 21, 44, 36, 0]
Route #4: [0, 76, 9, 42, 14, 64, 13, 28, 3, 5, 75, 34, 0]
Route #5: [0, 50, 47, 23, 83, 74, 8, 29, 53, 27, 45, 66, 0]
Route #6: [0, 81, 68, 78, 19, 72, 38, 22, 20, 43, 67, 10, 41, 0]
Route #7: [0, 77, 7, 62, 55, 65, 49, 80, 70, 82, 37, 0]
Route #8: [0, 58, 11, 79, 35, 2, 54, 60, 48, 46, 52, 33, 51, 0]
Route #9: [0, 0]
