Best cost: 12574.129508488993
Route #1: [0, 91, 21, 13, 45, 38, 57, 84, 33, 67, 26, 0]
Route #2: [0, 6, 46, 71, 40, 62, 51, 41, 68, 4, 93, 42, 44, 74, 34, 0]
Route #3: [0, 5, 28, 43, 19, 90, 92, 53, 25, 58, 23, 60, 0]
Route #4: [0, 61, 48, 63, 82, 7, 79, 3, 36, 0]
Route #5: [0, 65, 83, 76, 22, 17, 49, 2, 81, 86, 16, 12, 0]
Route #6: [0, 70, 56, 37, 88, 87, 14, 35, 20, 29, 0]
Route #7: [0, 64, 69, 24, 85, 75, 8, 55, 59, 10, 30, 0]
Route #8: [0, 15, 78, 18, 27, 80, 31, 72, 50, 77, 73, 11, 1, 0]
Route #9: [0, 32, 54, 52, 94, 9, 47, 66, 39, 89, 0]
Route #10: [0, 0]
