Best cost: 14051.146095237258
Route #1: [0, 64, 19, 42, 45, 10, 7, 27, 70, 51, 32, 37, 83, 0]
Route #2: [0, 73, 12, 92, 39, 23, 81, 69, 2, 31, 18, 3, 20, 0]
Route #3: [0, 53, 13, 72, 52, 54, 36, 16, 93, 61, 0]
Route #4: [0, 68, 77, 34, 88, 87, 80, 55, 67, 84, 0]
Route #5: [0, 46, 14, 47, 6, 22, 44, 75, 57, 24, 60, 62, 85, 48, 0]
Route #6: [0, 58, 30, 49, 43, 71, 90, 35, 41, 1, 15, 94, 25, 0]
Route #7: [0, 76, 17, 63, 5, 65, 9, 21, 74, 89, 59, 29, 50, 78, 38, 26, 0]
Route #8: [0, 86, 8, 40, 56, 28, 82, 91, 4, 11, 0]
Route #9: [0, 33, 79, 66, 0]
Route #10: [0, 0]
