Best cost: 13079.018337259095
Route #1: [0, 32, 58, 59, 33, 27, 52, 38, 65, 45, 29, 0]
Route #2: [0, 80, 67, 73, 69, 8, 72, 60, 28, 15, 30, 0]
Route #3: [0, 81, 64, 24, 23, 9, 46, 12, 53, 31, 21, 0]
Route #4: [0, 1, 34, 18, 14, 10, 74, 5, 66, 70, 79, 0]
Route #5: [0, 77, 78, 4, 41, 3, 75, 76, 54, 20, 42, 0]
Route #6: [0, 47, 71, 22, 17, 16, 63, 51, 13, 61, 6, 0]
Route #7: [0, 37, 35, 57, 19, 62, 43, 25, 39, 36, 55, 0]
Route #8: [0, 49, 26, 7, 40, 2, 68, 44, 56, 48, 11, 0]
Route #9: [0, 50, 0]
Route #10: [0, 0]
