Best cost: 12801.055592419722
Route #1: [0, 52, 76, 13, 78, 6, 19, 8, 59, 47, 16, 0]
Route #2: [0, 54, 7, 31, 61, 51, 83, 29, 45, 17, 77, 84, 58, 0]
Route #3: [0, 40, 38, 46, 35, 66, 15, 22, 34, 0]
Route #4: [0, 21, 62, 20, 36, 74, 26, 56, 80, 37, 5, 73, 0]
Route #5: [0, 3, 18, 1, 81, 82, 32, 85, 67, 88, 63, 43, 0]
Route #6: [0, 60, 12, 72, 14, 39, 64, 57, 79, 53, 24, 0]
Route #7: [0, 55, 28, 44, 33, 71, 86, 70, 25, 4, 27, 23, 42, 0]
Route #8: [0, 9, 41, 49, 10, 65, 30, 50, 87, 2, 68, 11, 69, 48, 75, 0]
Route #9: [0, 0]
