Best cost: 14407.086098325179
Route #1: [0, 26, 39, 57, 78, 40, 68, 59, 52, 42, 28, 62, 0]
Route #2: [0, 29, 63, 51, 19, 16, 45, 44, 21, 76, 65, 0]
Route #3: [0, 37, 49, 73, 67, 18, 6, 12, 74, 77, 11, 41, 0]
Route #4: [0, 64, 81, 55, 48, 58, 17, 22, 13, 9, 71, 7, 36, 0]
Route #5: [0, 47, 20, 10, 83, 3, 70, 15, 82, 0]
Route #6: [0, 34, 2, 23, 69, 33, 35, 30, 53, 0]
Route #7: [0, 46, 4, 27, 50, 31, 61, 54, 1, 56, 25, 0]
Route #8: [0, 38, 75, 43, 24, 66, 79, 32, 14, 8, 60, 5, 80, 0]
Route #9: [0, 72, 0]
