Best cost: 15316.196921762628
Route #1: [0, 81, 3, 36, 47, 4, 12, 57, 22, 13, 43, 0]
Route #2: [0, 29, 88, 26, 56, 24, 11, 61, 15, 46, 28, 58, 25, 2, 80, 35, 45, 0]
Route #3: [0, 44, 63, 7, 66, 60, 84, 54, 49, 74, 64, 0]
Route #4: [0, 5, 8, 17, 69, 41, 70, 30, 33, 72, 40, 55, 18, 0]
Route #5: [0, 48, 79, 59, 78, 19, 10, 85, 27, 16, 89, 0]
Route #6: [0, 6, 83, 86, 9, 82, 42, 37, 51, 34, 68, 76, 0]
Route #7: [0, 62, 52, 73, 65, 75, 71, 31, 23, 53, 0]
Route #8: [0, 14, 67, 21, 87, 39, 1, 20, 38, 50, 77, 0]
Route #9: [0, 32, 0]
