Best cost: 14708.06359280022
Route #1: [0, 10, 56, 47, 3, 85, 73, 88, 20, 94, 96, 1, 82, 50, 0]
Route #2: [0, 31, 62, 97, 37, 39, 44, 42, 46, 18, 0]
Route #3: [0, 26, 12, 78, 27, 80, 67, 34, 91, 77, 58, 61, 93, 0]
Route #4: [0, 52, 51, 54, 63, 11, 28, 13, 95, 30, 48, 8, 7, 60, 0]
Route #5: [0, 75, 38, 6, 23, 83, 2, 33, 22, 65, 99, 0]
Route #6: [0, 92, 69, 14, 15, 72, 4, 43, 86, 66, 81, 53, 89, 0]
Route #7: [0, 24, 16, 49, 59, 55, 57, 70, 25, 29, 19, 0]
Route #8: [0, 9, 98, 87, 45, 90, 41, 76, 36, 40, 79, 84, 71, 74, 17, 0]
Route #9: [0, 5, 64, 35, 21, 32, 68, 0]
Route #10: [0, 0]
