Best cost: 16390.53362129951
Route #1: [0, 88, 49, 80, 50, 66, 84, 52, 20, 16, 46, 54, 91, 0]
Route #2: [0, 51, 18, 34, 85, 23, 79, 60, 65, 31, 7, 29, 0]
Route #3: [0, 27, 45, 14, 82, 17, 5, 62, 44, 32, 28, 43, 59, 0]
Route #4: [0, 68, 57, 48, 72, 75, 77, 25, 8, 36, 24, 89, 38, 0]
Route #5: [0, 87, 35, 11, 78, 94, 55, 81, 71, 6, 39, 2, 74, 0]
Route #6: [0, 86, 83, 61, 9, 73, 90, 76, 42, 30, 95, 93, 26, 0]
Route #7: [0, 41, 56, 33, 63, 12, 47, 10, 13, 58, 21, 69, 22, 0]
Route #8: [0, 15, 37, 53, 67, 19, 40, 4, 1, 70, 64, 3, 92, 0]
Route #9: [0, 0]
