Best cost: 12960.968300305409
Route #1: [0, 76, 69, 65, 0]
Route #2: [0, 29, 41, 5, 37, 54, 52, 22, 51, 34, 42, 0]
Route #3: [0, 58, 50, 45, 33, 84, 24, 55, 47, 67, 81, 66, 0]
Route #4: [0, 20, 72, 2, 56, 14, 26, 71, 38, 30, 4, 0]
Route #5: [0, 21, 82, 12, 80, 85, 28, 25, 59, 60, 16, 0]
Route #6: [0, 31, 18, 15, 64, 23, 11, 36, 3, 19, 46, 0]
Route #7: [0, 63, 77, 73, 68, 57, 83, 32, 39, 6, 35, 0]
Route #8: [0, 7, 79, 61, 9, 40, 78, 53, 8, 70, 62, 27, 0]
Route #9: [0, 48, 1, 10, 44, 43, 74, 75, 13, 49, 17, 0]
