Best cost: 14414.981441459084
Route #1: [0, 73, 16, 66, 61, 11, 46, 8, 69, 52, 53, 0]
Route #2: [0, 55, 47, 9, 88, 7, 58, 33, 10, 27, 20, 0]
Route #3: [0, 22, 79, 32, 64, 54, 80, 19, 29, 44, 82, 17, 39, 0]
Route #4: [0, 84, 1, 13, 35, 5, 87, 41, 38, 37, 49, 59, 43, 0]
Route #5: [0, 67, 56, 12, 31, 26, 3, 51, 40, 30, 45, 81, 21, 0]
Route #6: [0, 4, 74, 6, 36, 28, 78, 62, 76, 18, 83, 0]
Route #7: [0, 25, 15, 77, 71, 50, 57, 86, 90, 48, 72, 63, 68, 0]
Route #8: [0, 42, 2, 70, 60, 23, 89, 24, 85, 65, 34, 75, 14, 0]
Route #9: [0, 0]
