Best cost: 15981.066708521956
Route #1: [0, 77, 75, 3, 88, 15, 18, 76, 62, 58, 60, 0]
Route #2: [0, 29, 26, 21, 61, 2, 67, 72, 8, 11, 0]
Route #3: [0, 38, 45, 41, 25, 5, 20, 28, 57, 63, 65, 42, 86, 51, 68, 0]
Route #4: [0, 17, 13, 83, 30, 54, 32, 7, 74, 73, 0]
Route #5: [0, 44, 31, 78, 40, 33, 66, 49, 14, 0]
Route #6: [0, 50, 4, 53, 71, 6, 22, 34, 19, 0]
Route #7: [0, 23, 24, 69, 1, 12, 70, 10, 47, 46, 82, 36, 0]
Route #8: [0, 84, 81, 80, 55, 48, 64, 27, 85, 79, 35, 0]
Route #9: [0, 39, 43, 87, 9, 56, 52, 16, 59, 37, 0]
Route #10: [0, 0]
