Best cost: 12965.552615414641
Route #1: [0, 43, 21, 50, 68, 65, 8, 47, 27, 60, 63, 0]
Route #2: [0, 3, 42, 17, 73, 52, 53, 33, 38, 61, 12, 0]
Route #3: [0, 77, 78, 20, 55, 58, 69, 36, 24, 7, 18, 0]
Route #4: [0, 76, 75, 64, 40, 71, 79, 67, 11, 22, 0]
Route #5: [0, 74, 66, 44, 72, 15, 48, 5, 9, 10, 57, 0]
Route #6: [0, 45, 35, 14, 28, 6, 26, 82, 39, 23, 59, 30, 0]
Route #7: [0, 19, 2, 46, 51, 81, 31, 49, 37, 32, 4, 0]
Route #8: [0, 41, 25, 54, 56, 80, 29, 1, 70, 34, 62, 13, 16, 0]
Route #9: [0, 0]
Route #10: [0, 0]
