Best cost: 11942.42786673062
Route #1: [0, 78, 69, 55, 74, 79, 8, 62, 33, 31, 66, 49, 0]
Route #2: [0, 54, 10, 34, 18, 17, 47, 28, 58, 48, 4, 0]
Route #3: [0, 16, 6, 37, 15, 26, 36, 27, 25, 64, 20, 0]
Route #4: [0, 14, 82, 9, 45, 52, 42, 80, 76, 2, 35, 38, 0]
Route #5: [0, 44, 21, 1, 70, 57, 41, 24, 23, 51, 30, 50, 0]
Route #6: [0, 12, 46, 0]
Route #7: [0, 40, 7, 11, 65, 72, 29, 63, 56, 0]
Route #8: [0, 43, 60, 68, 67, 3, 73, 13, 81, 61, 0]
Route #9: [0, 39, 71, 19, 77, 75, 59, 22, 5, 53, 32, 0]
