Best cost: 13896.759291795363
Route #1: [0, 83, 85, 9, 48, 33, 91, 76, 39, 3, 0]
Route #2: [0, 46, 42, 51, 15, 1, 35, 41, 8, 80, 0]
Route #3: [0, 59, 73, 47, 36, 12, 87, 14, 52, 30, 27, 81, 61, 24, 0]
Route #4: [0, 78, 75, 68, 53, 11, 57, 2, 55, 58, 65, 28, 54, 0]
Route #5: [0, 5, 21, 23, 10, 19, 50, 7, 79, 26, 88, 0]
Route #6: [0, 66, 16, 92, 4, 90, 6, 82, 31, 22, 84, 34, 43, 63, 0]
Route #7: [0, 86, 67, 44, 49, 38, 18, 71, 0]
Route #8: [0, 60, 32, 20, 69, 40, 25, 56, 62, 74, 89, 64, 0]
Route #9: [0, 17, 29, 70, 13, 72, 45, 37, 77, 0]
Route #10: [0, 0]
