Best cost: 11997.361551698552
Route #1: [0, 13, 56, 81, 14, 58, 52, 79, 17, 62, 0]
Route #2: [0, 59, 75, 30, 12, 80, 77, 44, 11, 76, 26, 0]
Route #3: [0, 57, 21, 5, 19, 89, 68, 83, 86, 72, 0]
Route #4: [0, 70, 73, 38, 43, 61, 51, 87, 50, 36, 67, 22, 0]
Route #5: [0, 47, 84, 65, 10, 42, 8, 4, 33, 74, 35, 3, 66, 0]
Route #6: [0, 40, 9, 28, 25, 71, 49, 15, 7, 45, 55, 63, 82, 0]
Route #7: [0, 18, 46, 88, 60, 32, 54, 16, 78, 69, 29, 64, 0]
Route #8: [0, 53, 20, 39, 23, 31, 34, 24, 48, 6, 2, 27, 1, 41, 85, 37, 0]
Route #9: [0, 0]
