Best cost: 14097.381158187718
Route #1: [0, 40, 36, 3, 77, 34, 56, 75, 86, 43, 6, 32, 78, 0]
Route #2: [0, 15, 28, 87, 83, 52, 57, 22, 84, 50, 0]
Route #3: [0, 65, 46, 71, 39, 72, 58, 2, 27, 54, 0]
Route #4: [0, 21, 37, 80, 67, 10, 24, 82, 49, 13, 0]
Route #5: [0, 1, 79, 9, 14, 7, 17, 42, 60, 51, 0]
Route #6: [0, 31, 25, 53, 19, 16, 69, 4, 44, 35, 47, 0]
Route #7: [0, 11, 45, 66, 41, 70, 48, 33, 76, 29, 0]
Route #8: [0, 88, 55, 59, 64, 12, 5, 20, 74, 8, 0]
Route #9: [0, 63, 38, 85, 23, 81, 30, 62, 18, 68, 61, 26, 0]
Route #10: [0, 73, 0]
