Best cost: 12966.680925531307
Route #1: [0, 7, 88, 65, 16, 98, 51, 47, 97, 91, 92, 31, 67, 0]
Route #2: [0, 32, 28, 77, 2, 69, 86, 1, 74, 33, 5, 0]
Route #3: [0, 15, 26, 34, 9, 22, 43, 59, 25, 27, 17, 58, 94, 81, 0]
Route #4: [0, 21, 54, 82, 78, 79, 41, 76, 55, 13, 71, 46, 0]
Route #5: [0, 72, 60, 52, 37, 85, 10, 63, 62, 23, 68, 19, 0]
Route #6: [0, 12, 56, 48, 14, 93, 83, 64, 45, 61, 49, 42, 96, 80, 90, 0]
Route #7: [0, 89, 36, 18, 53, 6, 50, 3, 4, 84, 30, 39, 38, 87, 0]
Route #8: [0, 20, 73, 24, 75, 8, 44, 57, 40, 11, 29, 70, 66, 35, 95, 0]
Route #9: [0, 0]
