Best cost: 13948.353665428735
Route #1: [0, 14, 25, 58, 78, 72, 45, 21, 62, 11, 79, 23, 20, 0]
Route #2: [0, 8, 94, 37, 86, 92, 24, 28, 59, 87, 57, 7, 61, 0]
Route #3: [0, 2, 63, 73, 76, 46, 1, 3, 64, 35, 88, 55, 29, 0]
Route #4: [0, 33, 52, 48, 17, 51, 22, 27, 81, 6, 91, 53, 15, 0]
Route #5: [0, 71, 43, 34, 74, 39, 80, 66, 65, 83, 38, 67, 5, 0]
Route #6: [0, 47, 32, 60, 36, 54, 56, 31, 82, 16, 44, 49, 19, 0]
Route #7: [0, 70, 26, 42, 93, 89, 40, 75, 84, 68, 90, 4, 12, 0]
Route #8: [0, 50, 9, 77, 69, 30, 18, 10, 13, 41, 85, 0]
Route #9: [0, 0]
