Best cost: 15660.068771640408
Route #1: [0, 42, 16, 57, 92, 60, 85, 79, 86, 8, 52, 9, 0]
Route #2: [0, 37, 33, 11, 3, 62, 38, 22, 5, 43, 59, 0]
Route #3: [0, 4, 80, 28, 91, 29, 45, 84, 50, 19, 72, 66, 0]
Route #4: [0, 56, 88, 70, 55, 36, 14, 10, 27, 23, 61, 78, 41, 0]
Route #5: [0, 89, 40, 25, 64, 26, 12, 77, 87, 58, 46, 67, 48, 69, 0]
Route #6: [0, 71, 53, 75, 90, 73, 76, 63, 44, 6, 47, 81, 83, 31, 0]
Route #7: [0, 18, 20, 1, 93, 39, 65, 15, 74, 30, 54, 82, 35, 0]
Route #8: [0, 32, 2, 13, 34, 68, 21, 49, 24, 7, 17, 51, 0]
Route #9: [0, 0]
