Best cost: 13998.98085793811
Route #1: [0, 61, 76, 9, 12, 13, 47, 59, 18, 39, 52, 86, 0]
Route #2: [0, 15, 68, 55, 26, 42, 29, 97, 31, 2, 54, 10, 43, 0]
Route #3: [0, 71, 56, 65, 7, 77, 94, 87, 92, 20, 40, 50, 91, 0]
Route #4: [0, 66, 64, 78, 70, 84, 81, 67, 69, 96, 82, 0]
Route #5: [0, 74, 44, 89, 73, 51, 14, 17, 38, 63, 11, 4, 27, 30, 0]
Route #6: [0, 80, 60, 22, 19, 62, 5, 58, 79, 48, 33, 6, 49, 83, 3, 0]
Route #7: [0, 1, 75, 53, 28, 16, 85, 23, 32, 21, 25, 90, 72, 95, 93, 37, 0]
Route #8: [0, 45, 34, 57, 41, 88, 35, 24, 46, 36, 8, 0]
Route #9: [0, 0]
