Best cost: 14895.010186229307
Route #1: [0, 15, 19, 73, 16, 58, 53, 0]
Route #2: [0, 52, 27, 37, 59, 74, 10, 12, 35, 42, 11, 6, 20, 36, 45, 8, 0]
Route #3: [0, 38, 63, 33, 9, 22, 13, 76, 41, 89, 69, 49, 0]
Route #4: [0, 5, 44, 65, 86, 31, 93, 80, 26, 40, 62, 95, 21, 85, 50, 0]
Route #5: [0, 17, 57, 18, 56, 71, 61, 1, 68, 34, 7, 4, 3, 23, 0]
Route #6: [0, 66, 30, 94, 96, 47, 88, 87, 77, 28, 91, 39, 2, 24, 0]
Route #7: [0, 48, 46, 83, 92, 90, 64, 55, 84, 43, 78, 29, 70, 82, 0]
Route #8: [0, 51, 32, 67, 60, 81, 75, 14, 25, 54, 79, 72, 0]
Route #9: [0, 0]
