Best cost: 16208.949280629782
Route #1: [0, 15, 13, 51, 2, 67, 77, 3, 53, 74, 66, 79, 0]
Route #2: [0, 45, 33, 75, 4, 69, 14, 40, 42, 46, 0]
Route #3: [0, 23, 19, 22, 16, 60, 36, 11, 10, 0]
Route #4: [0, 65, 17, 58, 27, 28, 35, 41, 37, 38, 0]
Route #5: [0, 7, 78, 39, 32, 44, 31, 1, 25, 0]
Route #6: [0, 64, 76, 6, 24, 57, 30, 73, 50, 9, 61, 59, 0]
Route #7: [0, 56, 26, 55, 34, 72, 54, 29, 68, 0]
Route #8: [0, 52, 62, 5, 20, 21, 71, 12, 49, 0]
Route #9: [0, 18, 8, 47, 48, 70, 63, 43, 0]
Route #10: [0, 0]
