Best cost: 14279.117063163221
Route #1: [0, 44, 91, 53, 51, 49, 58, 94, 85, 69, 6, 24, 32, 19, 0]
Route #2: [0, 31, 82, 40, 73, 43, 86, 93, 47, 26, 35, 80, 64, 78, 0]
Route #3: [0, 4, 17, 60, 65, 54, 81, 62, 10, 71, 0]
Route #4: [0, 50, 56, 74, 87, 1, 76, 9, 55, 72, 42, 11, 75, 8, 0]
Route #5: [0, 30, 57, 23, 92, 2, 25, 37, 29, 89, 0]
Route #6: [0, 15, 90, 22, 28, 14, 39, 38, 83, 13, 95, 77, 0]
Route #7: [0, 70, 46, 41, 36, 27, 88, 59, 16, 45, 48, 52, 20, 0]
Route #8: [0, 79, 5, 33, 68, 18, 84, 7, 0]
Route #9: [0, 67, 21, 63, 34, 61, 3, 12, 66, 0]
