Best cost: 13544.595002416536
Route #1: [0, 18, 80, 69, 57, 7, 10, 92, 0]
Route #2: [0, 58, 32, 75, 20, 65, 60, 33, 85, 6, 84, 90, 0]
Route #3: [0, 63, 31, 23, 71, 25, 15, 5, 76, 83, 0]
Route #4: [0, 50, 56, 2, 77, 73, 72, 46, 29, 36, 61, 0]
Route #5: [0, 62, 87, 64, 53, 88, 21, 47, 26, 28, 8, 13, 67, 45, 39, 0]
Route #6: [0, 55, 1, 74, 42, 11, 14, 81, 82, 34, 19, 0]
Route #7: [0, 52, 78, 38, 3, 59, 66, 89, 43, 40, 22, 37, 0]
Route #8: [0, 86, 48, 24, 44, 12, 79, 16, 30, 0]
Route #9: [0, 70, 35, 91, 17, 68, 51, 54, 9, 4, 49, 27, 41, 0]
Route #10: [0, 0]
