Best cost: 11828.613507932423
Route #1: [0, 98, 52, 14, 92, 32, 35, 71, 1, 68, 4, 6, 0]
Route #2: [0, 59, 11, 67, 81, 45, 37, 41, 51, 7, 23, 72, 75, 33, 53, 0]
Route #3: [0, 3, 36, 76, 24, 40, 44, 38, 90, 88, 18, 29, 62, 0]
Route #4: [0, 5, 93, 97, 15, 66, 19, 83, 25, 0]
Route #5: [0, 61, 43, 94, 70, 89, 10, 21, 57, 74, 99, 69, 26, 0]
Route #6: [0, 84, 17, 95, 12, 54, 78, 87, 50, 80, 31, 79, 86, 73, 28, 0]
Route #7: [0, 63, 20, 9, 42, 56, 47, 27, 13, 48, 49, 16, 46, 34, 0]
Route #8: [0, 58, 64, 60, 85, 65, 91, 77, 82, 96, 30, 22, 2, 8, 39, 55, 0]
Route #9: [0, 0]
