Best cost: 14133.733415109811
Route #1: [0, 31, 60, 17, 42, 71, 3, 8, 49, 85, 22, 0]
Route #2: [0, 48, 64, 6, 76, 28, 55, 59, 24, 57, 2, 0]
Route #3: [0, 21, 11, 83, 52, 41, 86, 16, 35, 68, 13, 75, 0]
Route #4: [0, 72, 37, 84, 87, 12, 1, 69, 78, 63, 0]
Route #5: [0, 61, 58, 73, 65, 18, 29, 39, 9, 38, 74, 77, 4, 36, 66, 0]
Route #6: [0, 67, 23, 25, 45, 70, 46, 56, 34, 47, 50, 0]
Route #7: [0, 81, 44, 79, 19, 40, 14, 5, 20, 15, 26, 0]
Route #8: [0, 62, 54, 30, 32, 43, 80, 27, 82, 53, 51, 7, 33, 10, 0]
Route #9: [0, 0]
